day,label,size,width,height,filename,filename_gfp,filename_ph,x1,y1,x2,y2,ori_x1,ori_y1,ori_x2,ori_y2,clip_x1,clip_y1,clip_x2,clip_y2,batch,bbox_idx,image_id
6,meroclone1,1344,81,80,1635559974_715148.png,1635559974_715148_gfp.png,1635559974_715148_ph.png,793,1193,874,1273,2150,2734,2231,2814,1357,1541,2701,2885,2,0,0
6,meroclone2,1344,117,119,1635559974_715148.png,1635559974_715148_gfp.png,1635559974_715148_ph.png,85,1198,202,1317,1442,2739,1559,2858,1357,1541,2701,2885,2,1,0
6,paraclone13,1344,49,49,1635559974_715148.png,1635559974_715148_gfp.png,1635559974_715148_ph.png,1089,200,1138,249,2446,1741,2495,1790,1357,1541,2701,2885,2,2,0
6,paraclone14,1344,45,61,1635559974_715148.png,1635559974_715148_gfp.png,1635559974_715148_ph.png,935,9,980,70,2292,1550,2337,1611,1357,1541,2701,2885,2,3,0
6,meroclone1,1344,81,80,1635559976_213709.png,1635559976_213709_gfp.png,1635559976_213709_ph.png,1204,1234,1285,1314,2150,2734,2231,2814,946,1500,2290,2844,2,4,1
6,paraclone12,1344,73,71,1635559976_213709.png,1635559976_213709_gfp.png,1635559976_213709_ph.png,330,165,403,236,1276,1665,1349,1736,946,1500,2290,2844,2,5,1
6,meroclone1,1344,81,80,1635559977_432299.png,1635559977_432299_gfp.png,1635559977_432299_ph.png,293,555,374,635,2150,2734,2231,2814,1857,2179,3201,3523,2,6,2
6,meroclone1,1344,81,80,1635559978_753215.png,1635559978_753215_gfp.png,1635559978_753215_ph.png,410,242,491,322,2150,2734,2231,2814,1740,2492,3084,3836,2,7,3
6,meroclone1,1344,81,80,1635559979_954061.png,1635559979_954061_gfp.png,1635559979_954061_ph.png,371,1123,452,1203,2150,2734,2231,2814,1779,1611,3123,2955,2,8,4
6,paraclone13,1344,49,49,1635559979_954061.png,1635559979_954061_gfp.png,1635559979_954061_ph.png,667,130,716,179,2446,1741,2495,1790,1779,1611,3123,2955,2,9,4
6,meroclone1,1344,81,80,1635559981_232702.png,1635559981_232702_gfp.png,1635559981_232702_ph.png,683,420,764,500,2150,2734,2231,2814,1467,2314,2811,3658,2,10,5
6,meroclone1,1344,81,80,1635559982_627949.png,1635559982_627949_gfp.png,1635559982_627949_ph.png,1180,278,1261,358,2150,2734,2231,2814,970,2456,2314,3800,2,11,6
6,meroclone2,1344,117,119,1635559982_627949.png,1635559982_627949_gfp.png,1635559982_627949_ph.png,472,283,589,402,1442,2739,1559,2858,970,2456,2314,3800,2,12,6
6,paraclone26,1344,61,69,1635559982_627949.png,1635559982_627949_gfp.png,1635559982_627949_ph.png,290,1131,351,1200,1260,3587,1321,3656,970,2456,2314,3800,2,13,6
6,meroclone1,1344,81,80,1635559983_830249.png,1635559983_830249_gfp.png,1635559983_830249_ph.png,58,569,139,649,2150,2734,2231,2814,2092,2165,3436,3509,2,14,7
6,meroclone1,1344,81,80,1635559985_064297.png,1635559985_064297_gfp.png,1635559985_064297_ph.png,235,310,316,390,2150,2734,2231,2814,1915,2424,3259,3768,2,15,8
6,meroclone1,1344,81,80,1635559986_261156.png,1635559986_261156_gfp.png,1635559986_261156_ph.png,91,671,172,751,2150,2734,2231,2814,2059,2063,3403,3407,2,16,9
6,meroclone1,1344,81,80,1635559987_452161.png,1635559987_452161_gfp.png,1635559987_452161_ph.png,771,1108,852,1188,2150,2734,2231,2814,1379,1626,2723,2970,2,17,10
6,meroclone2,1344,117,119,1635559987_452161.png,1635559987_452161_gfp.png,1635559987_452161_ph.png,63,1113,180,1232,1442,2739,1559,2858,1379,1626,2723,2970,2,18,10
6,paraclone13,1344,49,49,1635559987_452161.png,1635559987_452161_gfp.png,1635559987_452161_ph.png,1067,115,1116,164,2446,1741,2495,1790,1379,1626,2723,2970,2,19,10
6,meroclone2,1344,117,119,1635559988_636472.png,1635559988_636472_gfp.png,1635559988_636472_ph.png,557,16,674,135,1442,2739,1559,2858,885,2723,2229,4067,2,20,11
6,paraclone26,1344,61,69,1635559988_636472.png,1635559988_636472_gfp.png,1635559988_636472_ph.png,375,864,436,933,1260,3587,1321,3656,885,2723,2229,4067,2,21,11
6,meroclone1,1344,81,80,1635559989_8448691.png,1635559989_8448691_gfp.png,1635559989_8448691_ph.png,961,963,1042,1043,2150,2734,2231,2814,1189,1771,2533,3115,2,22,12
6,meroclone2,1344,117,119,1635559989_8448691.png,1635559989_8448691_gfp.png,1635559989_8448691_ph.png,253,968,370,1087,1442,2739,1559,2858,1189,1771,2533,3115,2,23,12
6,meroclone2,1344,117,119,1635559991_02608.png,1635559991_02608_gfp.png,1635559991_02608_ph.png,927,308,1044,427,1442,2739,1559,2858,515,2431,1859,3775,2,24,13
6,paraclone26,1344,61,69,1635559991_02608.png,1635559991_02608_gfp.png,1635559991_02608_ph.png,745,1156,806,1225,1260,3587,1321,3656,515,2431,1859,3775,2,25,13
6,meroclone1,1344,81,80,1635559992_2134469.png,1635559992_2134469_gfp.png,1635559992_2134469_ph.png,826,295,907,375,2150,2734,2231,2814,1324,2439,2668,3783,2,26,14
6,meroclone2,1344,117,119,1635559992_2134469.png,1635559992_2134469_gfp.png,1635559992_2134469_ph.png,118,300,235,419,1442,2739,1559,2858,1324,2439,2668,3783,2,27,14
6,meroclone2,1344,117,119,1635559993_410717.png,1635559993_410717_gfp.png,1635559993_410717_ph.png,915,602,1032,721,1442,2739,1559,2858,527,2137,1871,3481,2,28,15
6,meroclone2,1344,117,119,1635559994_599421.png,1635559994_599421_gfp.png,1635559994_599421_ph.png,897,42,1014,161,1442,2739,1559,2858,545,2697,1889,4041,2,29,16
6,paraclone26,1344,61,69,1635559994_599421.png,1635559994_599421_gfp.png,1635559994_599421_ph.png,715,890,776,959,1260,3587,1321,3656,545,2697,1889,4041,2,30,16
6,meroclone2,1344,117,119,1635559995_78876.png,1635559995_78876_gfp.png,1635559995_78876_ph.png,941,930,1058,1049,1442,2739,1559,2858,501,1809,1845,3153,2,31,17
6,meroclone2,1344,117,119,1635559996_9682932.png,1635559996_9682932_gfp.png,1635559996_9682932_ph.png,1207,3,1324,122,1442,2739,1559,2858,235,2736,1579,4080,2,32,18
6,paraclone26,1344,61,69,1635559996_9682932.png,1635559996_9682932_gfp.png,1635559996_9682932_ph.png,1025,851,1086,920,1260,3587,1321,3656,235,2736,1579,4080,2,33,18
6,meroclone2,1344,117,119,1635559998_155803.png,1635559998_155803_gfp.png,1635559998_155803_ph.png,798,626,915,745,1442,2739,1559,2858,644,2113,1988,3457,2,34,19
6,paraclone1,1344,90,87,1635559999_377383.png,1635559999_377383_gfp.png,1635559999_377383_ph.png,837,868,927,955,2781,4604,2871,4691,1944,3736,3288,5080,2,35,20
6,paraclone1,1344,90,87,1635560000_7087.png,1635560000_7087_gfp.png,1635560000_7087_ph.png,598,15,688,102,2781,4604,2871,4691,2183,4589,3527,5933,2,36,21
6,paraclone6,1344,33,45,1635560000_7087.png,1635560000_7087_gfp.png,1635560000_7087_ph.png,648,530,681,575,2831,5119,2864,5164,2183,4589,3527,5933,2,37,21
6,paraclone7,1344,69,84,1635560000_7087.png,1635560000_7087_gfp.png,1635560000_7087_ph.png,838,912,907,996,3021,5501,3090,5585,2183,4589,3527,5933,2,38,21
6,paraclone1,1344,90,87,1635560001_916182.png,1635560001_916182_gfp.png,1635560001_916182_ph.png,1050,450,1140,537,2781,4604,2871,4691,1731,4154,3075,5498,2,39,22
6,paraclone6,1344,33,45,1635560001_916182.png,1635560001_916182_gfp.png,1635560001_916182_ph.png,1100,965,1133,1010,2831,5119,2864,5164,1731,4154,3075,5498,2,40,22
6,paraclone1,1344,90,87,1635560003_324172.png,1635560003_324172_gfp.png,1635560003_324172_ph.png,886,377,976,464,2781,4604,2871,4691,1895,4227,3239,5571,2,41,23
6,paraclone6,1344,33,45,1635560003_324172.png,1635560003_324172_gfp.png,1635560003_324172_ph.png,936,892,969,937,2831,5119,2864,5164,1895,4227,3239,5571,2,42,23
6,paraclone1,1344,90,87,1635560004_74245.png,1635560004_74245_gfp.png,1635560004_74245_ph.png,664,893,754,980,2781,4604,2871,4691,2117,3711,3461,5055,2,43,24
6,paraclone1,1344,90,87,1635560006_247621.png,1635560006_247621_gfp.png,1635560006_247621_ph.png,520,244,610,331,2781,4604,2871,4691,2261,4360,3605,5704,2,44,25
6,paraclone6,1344,33,45,1635560006_247621.png,1635560006_247621_gfp.png,1635560006_247621_ph.png,570,759,603,804,2831,5119,2864,5164,2261,4360,3605,5704,2,45,25
6,paraclone7,1344,69,84,1635560006_247621.png,1635560006_247621_gfp.png,1635560006_247621_ph.png,760,1141,829,1225,3021,5501,3090,5585,2261,4360,3605,5704,2,46,25
6,paraclone1,1344,90,87,1635560007_633503.png,1635560007_633503_gfp.png,1635560007_633503_ph.png,1148,659,1238,746,2781,4604,2871,4691,1633,3945,2977,5289,2,47,26
6,paraclone6,1344,33,45,1635560007_633503.png,1635560007_633503_gfp.png,1635560007_633503_ph.png,1198,1174,1231,1219,2831,5119,2864,5164,1633,3945,2977,5289,2,48,26
6,paraclone1,1344,90,87,1635560008_969557.png,1635560008_969557_gfp.png,1635560008_969557_ph.png,1016,1196,1106,1283,2781,4604,2871,4691,1765,3408,3109,4752,2,49,27
6,paraclone1,1344,90,87,1635560010_452343.png,1635560010_452343_gfp.png,1635560010_452343_ph.png,1079,171,1169,258,2781,4604,2871,4691,1702,4433,3046,5777,2,50,28
6,paraclone6,1344,33,45,1635560010_452343.png,1635560010_452343_gfp.png,1635560010_452343_ph.png,1129,686,1162,731,2831,5119,2864,5164,1702,4433,3046,5777,2,51,28
6,paraclone1,1344,90,87,1635560011_8109472.png,1635560011_8109472_gfp.png,1635560011_8109472_ph.png,855,255,945,342,2781,4604,2871,4691,1926,4349,3270,5693,2,52,29
6,paraclone6,1344,33,45,1635560011_8109472.png,1635560011_8109472_gfp.png,1635560011_8109472_ph.png,905,770,938,815,2831,5119,2864,5164,1926,4349,3270,5693,2,53,29
6,paraclone7,1344,69,84,1635560011_8109472.png,1635560011_8109472_gfp.png,1635560011_8109472_ph.png,1095,1152,1164,1236,3021,5501,3090,5585,1926,4349,3270,5693,2,54,29
6,paraclone2,1344,28,31,1635560013_0304399.png,1635560013_0304399_gfp.png,1635560013_0304399_ph.png,1021,731,1049,762,4042,4138,4070,4169,3021,3407,4365,4751,2,55,30
6,paraclone9,1344,144,115,1635560013_0304399.png,1635560013_0304399_gfp.png,1635560013_0304399_ph.png,963,50,1107,165,3984,3457,4128,3572,3021,3407,4365,4751,2,56,30
6,paraclone2,1344,28,31,1635560014_4124422.png,1635560014_4124422_gfp.png,1635560014_4124422_ph.png,523,1272,551,1303,4042,4138,4070,4169,3519,2866,4863,4210,2,57,31
6,holoclone6,1344,251,236,1635560014_4124422.png,1635560014_4124422_gfp.png,1635560014_4124422_ph.png,850,167,1101,403,4369,3033,4620,3269,3519,2866,4863,4210,2,58,31
6,paraclone9,1344,144,115,1635560014_4124422.png,1635560014_4124422_gfp.png,1635560014_4124422_ph.png,465,591,609,706,3984,3457,4128,3572,3519,2866,4863,4210,2,59,31
6,paraclone2,1344,28,31,1635560015_618293.png,1635560015_618293_gfp.png,1635560015_618293_ph.png,474,778,502,809,4042,4138,4070,4169,3568,3360,4912,4704,2,60,32
6,paraclone9,1344,144,115,1635560015_618293.png,1635560015_618293_gfp.png,1635560015_618293_ph.png,416,97,560,212,3984,3457,4128,3572,3568,3360,4912,4704,2,61,32
6,paraclone2,1344,28,31,1635560016_815079.png,1635560016_815079_gfp.png,1635560016_815079_ph.png,97,1205,125,1236,4042,4138,4070,4169,3945,2933,5289,4277,2,62,33
6,holoclone6,1344,251,236,1635560016_815079.png,1635560016_815079_gfp.png,1635560016_815079_ph.png,424,100,675,336,4369,3033,4620,3269,3945,2933,5289,4277,2,63,33
6,paraclone9,1344,144,115,1635560016_815079.png,1635560016_815079_gfp.png,1635560016_815079_ph.png,39,524,183,639,3984,3457,4128,3572,3945,2933,5289,4277,2,64,33
6,paraclone2,1344,28,31,1635560018_0130508.png,1635560018_0130508_gfp.png,1635560018_0130508_ph.png,962,612,990,643,4042,4138,4070,4169,3080,3526,4424,4870,2,65,34
6,paraclone2,1344,28,31,1635560019_211981.png,1635560019_211981_gfp.png,1635560019_211981_ph.png,177,997,205,1028,4042,4138,4070,4169,3865,3141,5209,4485,2,66,35
6,paraclone9,1344,144,115,1635560019_211981.png,1635560019_211981_gfp.png,1635560019_211981_ph.png,119,316,263,431,3984,3457,4128,3572,3865,3141,5209,4485,2,67,35
6,paraclone2,1344,28,31,1635560020_421494.png,1635560020_421494_gfp.png,1635560020_421494_ph.png,1013,89,1041,120,4042,4138,4070,4169,3029,4049,4373,5393,2,68,36
6,paraclone2,1344,28,31,1635560021_641428.png,1635560021_641428_gfp.png,1635560021_641428_ph.png,539,568,567,599,4042,4138,4070,4169,3503,3570,4847,4914,2,69,37
6,paraclone2,1344,28,31,1635560022_841943.png,1635560022_841943_gfp.png,1635560022_841943_ph.png,816,540,844,571,4042,4138,4070,4169,3226,3598,4570,4942,2,70,38
6,paraclone2,1344,28,31,1635560024_0493739.png,1635560024_0493739_gfp.png,1635560024_0493739_ph.png,355,621,383,652,4042,4138,4070,4169,3687,3517,5031,4861,2,71,39
6,meroclone3,1344,91,79,1635560025_248584.png,1635560025_248584_gfp.png,1635560025_248584_ph.png,84,551,175,630,679,6104,770,6183,595,5553,1939,6897,2,72,40
6,paraclone3,1344,53,58,1635560025_248584.png,1635560025_248584_gfp.png,1635560025_248584_ph.png,1091,900,1144,958,1686,6453,1739,6511,595,5553,1939,6897,2,73,40
6,meroclone3,1344,91,79,1635560026_48987.png,1635560026_48987_gfp.png,1635560026_48987_ph.png,473,439,564,518,679,6104,770,6183,206,5665,1550,7009,2,74,41
6,meroclone3,1344,91,79,1635560027_677433.png,1635560027_677433_gfp.png,1635560027_677433_ph.png,263,791,354,870,679,6104,770,6183,416,5313,1760,6657,2,75,42
6,paraclone3,1344,53,58,1635560027_677433.png,1635560027_677433_gfp.png,1635560027_677433_ph.png,1270,1140,1323,1198,1686,6453,1739,6511,416,5313,1760,6657,2,76,42
6,meroclone3,1344,91,79,1635560028_9525492.png,1635560028_9525492_gfp.png,1635560028_9525492_ph.png,48,504,139,583,679,6104,770,6183,631,5600,1975,6944,2,77,43
6,paraclone3,1344,53,58,1635560028_9525492.png,1635560028_9525492_gfp.png,1635560028_9525492_ph.png,1055,853,1108,911,1686,6453,1739,6511,631,5600,1975,6944,2,78,43
6,meroclone3,1344,91,79,1635560030_2327838.png,1635560030_2327838_gfp.png,1635560030_2327838_ph.png,376,1180,467,1259,679,6104,770,6183,303,4924,1647,6268,2,79,44
6,meroclone3,1344,91,79,1635560031_480257.png,1635560031_480257_gfp.png,1635560031_480257_ph.png,146,1097,237,1176,679,6104,770,6183,533,5007,1877,6351,2,80,45
6,meroclone3,1344,91,79,1635560032_813631.png,1635560032_813631_gfp.png,1635560032_813631_ph.png,679,1115,770,1194,679,6104,770,6183,0,4989,1344,6333,2,81,46
6,meroclone3,1344,91,79,1635560034_114971.png,1635560034_114971_gfp.png,1635560034_114971_ph.png,66,1195,157,1274,679,6104,770,6183,613,4909,1957,6253,2,82,47
6,meroclone3,1344,91,79,1635560035_4283671.png,1635560035_4283671_gfp.png,1635560035_4283671_ph.png,679,950,770,1029,679,6104,770,6183,0,5154,1344,6498,2,83,48
6,meroclone3,1344,91,79,1635560036_6812181.png,1635560036_6812181_gfp.png,1635560036_6812181_ph.png,438,893,529,972,679,6104,770,6183,241,5211,1585,6555,2,84,49
6,meroclone3,1344,91,79,1635560038_003208.png,1635560038_003208_gfp.png,1635560038_003208_ph.png,271,591,362,670,679,6104,770,6183,408,5513,1752,6857,2,85,50
6,paraclone3,1344,53,58,1635560038_003208.png,1635560038_003208_gfp.png,1635560038_003208_ph.png,1278,940,1331,998,1686,6453,1739,6511,408,5513,1752,6857,2,86,50
6,paraclone3,1344,53,58,1635560039_333581.png,1635560039_333581_gfp.png,1635560039_333581_ph.png,349,825,402,883,1686,6453,1739,6511,1337,5628,2681,6972,2,87,51
6,paraclone3,1344,53,58,1635560040_556572.png,1635560040_556572_gfp.png,1635560040_556572_ph.png,267,1222,320,1280,1686,6453,1739,6511,1419,5231,2763,6575,2,88,52
6,paraclone3,1344,53,58,1635560041_906881.png,1635560041_906881_gfp.png,1635560041_906881_ph.png,890,988,943,1046,1686,6453,1739,6511,796,5465,2140,6809,2,89,53
6,paraclone3,1344,53,58,1635560043_1051562.png,1635560043_1051562_gfp.png,1635560043_1051562_ph.png,698,925,751,983,1686,6453,1739,6511,988,5528,2332,6872,2,90,54
6,paraclone3,1344,53,58,1635560044_319156.png,1635560044_319156_gfp.png,1635560044_319156_ph.png,280,1177,333,1235,1686,6453,1739,6511,1406,5276,2750,6620,2,91,55
6,meroclone3,1344,91,79,1635560045_54334.png,1635560045_54334_gfp.png,1635560045_54334_ph.png,194,786,285,865,679,6104,770,6183,485,5318,1829,6662,2,92,56
6,paraclone3,1344,53,58,1635560045_54334.png,1635560045_54334_gfp.png,1635560045_54334_ph.png,1201,1135,1254,1193,1686,6453,1739,6511,485,5318,1829,6662,2,93,56
6,paraclone3,1344,53,58,1635560046_7427058.png,1635560046_7427058_gfp.png,1635560046_7427058_ph.png,908,804,961,862,1686,6453,1739,6511,778,5649,2122,6993,2,94,57
6,meroclone3,1344,91,79,1635560047_922333.png,1635560047_922333_gfp.png,1635560047_922333_ph.png,64,692,155,771,679,6104,770,6183,615,5412,1959,6756,2,95,58
6,paraclone3,1344,53,58,1635560047_922333.png,1635560047_922333_gfp.png,1635560047_922333_ph.png,1071,1041,1124,1099,1686,6453,1739,6511,615,5412,1959,6756,2,96,58
6,paraclone3,1344,53,58,1635560049_251633.png,1635560049_251633_gfp.png,1635560049_251633_ph.png,245,995,298,1053,1686,6453,1739,6511,1441,5458,2785,6802,2,97,59
6,paraclone4,1344,44,55,1635560050_513776.png,1635560050_513776_gfp.png,1635560050_513776_ph.png,810,86,854,141,810,1339,854,1394,0,1253,1344,2597,2,98,60
6,paraclone4,1344,44,55,1635560051_7088509.png,1635560051_7088509_gfp.png,1635560051_7088509_ph.png,136,212,180,267,810,1339,854,1394,674,1127,2018,2471,2,99,61
6,holoclone4,1344,186,213,1635560051_7088509.png,1635560051_7088509_gfp.png,1635560051_7088509_ph.png,1052,208,1238,421,1726,1335,1912,1548,674,1127,2018,2471,2,100,61
6,paraclone12,1344,73,71,1635560051_7088509.png,1635560051_7088509_gfp.png,1635560051_7088509_ph.png,602,538,675,609,1276,1665,1349,1736,674,1127,2018,2471,2,101,61
6,paraclone4,1344,44,55,1635560052_918886.png,1635560052_918886_gfp.png,1635560052_918886_ph.png,810,722,854,777,810,1339,854,1394,0,617,1344,1961,2,102,62
6,paraclone4,1344,44,55,1635560054_107611.png,1635560054_107611_gfp.png,1635560054_107611_ph.png,810,825,854,880,810,1339,854,1394,0,514,1344,1858,2,103,63
6,paraclone4,1344,44,55,1635560055_297729.png,1635560055_297729_gfp.png,1635560055_297729_ph.png,638,145,682,200,810,1339,854,1394,172,1194,1516,2538,2,104,64
6,paraclone12,1344,73,71,1635560055_297729.png,1635560055_297729_gfp.png,1635560055_297729_ph.png,1104,471,1177,542,1276,1665,1349,1736,172,1194,1516,2538,2,105,64
6,paraclone4,1344,44,55,1635560056_493227.png,1635560056_493227_gfp.png,1635560056_493227_ph.png,324,149,368,204,810,1339,854,1394,486,1190,1830,2534,2,106,65
6,paraclone12,1344,73,71,1635560056_493227.png,1635560056_493227_gfp.png,1635560056_493227_ph.png,790,475,863,546,1276,1665,1349,1736,486,1190,1830,2534,2,107,65
6,paraclone4,1344,44,55,1635560057_7005079.png,1635560057_7005079_gfp.png,1635560057_7005079_ph.png,214,711,258,766,810,1339,854,1394,596,628,1940,1972,2,108,66
6,holoclone4,1344,186,213,1635560057_7005079.png,1635560057_7005079_gfp.png,1635560057_7005079_ph.png,1130,707,1316,920,1726,1335,1912,1548,596,628,1940,1972,2,109,66
6,paraclone12,1344,73,71,1635560057_7005079.png,1635560057_7005079_gfp.png,1635560057_7005079_ph.png,680,1037,753,1108,1276,1665,1349,1736,596,628,1940,1972,2,110,66
6,paraclone4,1344,44,55,1635560058_8852942.png,1635560058_8852942_gfp.png,1635560058_8852942_ph.png,272,600,316,655,810,1339,854,1394,538,739,1882,2083,2,111,67
6,paraclone12,1344,73,71,1635560058_8852942.png,1635560058_8852942_gfp.png,1635560058_8852942_ph.png,738,926,811,997,1276,1665,1349,1736,538,739,1882,2083,2,112,67
6,paraclone4,1344,44,55,1635560060_0727942.png,1635560060_0727942_gfp.png,1635560060_0727942_ph.png,116,1184,160,1239,810,1339,854,1394,694,155,2038,1499,2,113,68
6,paraclone4,1344,44,55,1635560061_2649221.png,1635560061_2649221_gfp.png,1635560061_2649221_ph.png,810,415,854,470,810,1339,854,1394,0,924,1344,2268,2,114,69
6,holoclone1,1344,292,286,1635560062_462705.png,1635560062_462705_gfp.png,1635560062_462705_ph.png,566,826,858,1112,855,3919,1147,4205,289,3093,1633,4437,2,115,70
6,paraclone26,1344,61,69,1635560062_462705.png,1635560062_462705_gfp.png,1635560062_462705_ph.png,971,494,1032,563,1260,3587,1321,3656,289,3093,1633,4437,2,116,70
6,holoclone1,1344,292,286,1635560063_669248.png,1635560063_669248_gfp.png,1635560063_669248_ph.png,57,952,349,1238,855,3919,1147,4205,798,2967,2142,4311,2,117,71
6,paraclone26,1344,61,69,1635560063_669248.png,1635560063_669248_gfp.png,1635560063_669248_ph.png,462,620,523,689,1260,3587,1321,3656,798,2967,2142,4311,2,118,71
6,holoclone1,1344,292,286,1635560064_872341.png,1635560064_872341_gfp.png,1635560064_872341_ph.png,855,547,1147,833,855,3919,1147,4205,0,3372,1344,4716,2,119,72
6,paraclone26,1344,61,69,1635560064_872341.png,1635560064_872341_gfp.png,1635560064_872341_ph.png,1260,215,1321,284,1260,3587,1321,3656,0,3372,1344,4716,2,120,72
6,holoclone1,1344,292,286,1635560066_068961.png,1635560066_068961_gfp.png,1635560066_068961_ph.png,855,245,1147,531,855,3919,1147,4205,0,3674,1344,5018,2,121,73
6,holoclone1,1344,292,286,1635560067_271952.png,1635560067_271952_gfp.png,1635560067_271952_ph.png,466,701,758,987,855,3919,1147,4205,389,3218,1733,4562,2,122,74
6,paraclone26,1344,61,69,1635560067_271952.png,1635560067_271952_gfp.png,1635560067_271952_ph.png,871,369,932,438,1260,3587,1321,3656,389,3218,1733,4562,2,123,74
6,holoclone1,1344,292,286,1635560068_500284.png,1635560068_500284_gfp.png,1635560068_500284_ph.png,367,490,659,776,855,3919,1147,4205,488,3429,1832,4773,2,124,75
6,paraclone26,1344,61,69,1635560068_500284.png,1635560068_500284_gfp.png,1635560068_500284_ph.png,772,158,833,227,1260,3587,1321,3656,488,3429,1832,4773,2,125,75
6,holoclone1,1344,292,286,1635560069_7537978.png,1635560069_7537978_gfp.png,1635560069_7537978_ph.png,688,839,980,1125,855,3919,1147,4205,167,3080,1511,4424,2,126,76
6,paraclone26,1344,61,69,1635560069_7537978.png,1635560069_7537978_gfp.png,1635560069_7537978_ph.png,1093,507,1154,576,1260,3587,1321,3656,167,3080,1511,4424,2,127,76
6,holoclone1,1344,292,286,1635560070_961613.png,1635560070_961613_gfp.png,1635560070_961613_ph.png,42,982,334,1268,855,3919,1147,4205,813,2937,2157,4281,2,128,77
6,paraclone26,1344,61,69,1635560070_961613.png,1635560070_961613_gfp.png,1635560070_961613_ph.png,447,650,508,719,1260,3587,1321,3656,813,2937,2157,4281,2,129,77
6,holoclone1,1344,292,286,1635560072_187232.png,1635560072_187232_gfp.png,1635560072_187232_ph.png,812,968,1104,1254,855,3919,1147,4205,43,2951,1387,4295,2,130,78
6,paraclone26,1344,61,69,1635560072_187232.png,1635560072_187232_gfp.png,1635560072_187232_ph.png,1217,636,1278,705,1260,3587,1321,3656,43,2951,1387,4295,2,131,78
6,holoclone1,1344,292,286,1635560073_4324381.png,1635560073_4324381_gfp.png,1635560073_4324381_ph.png,424,100,716,386,855,3919,1147,4205,431,3819,1775,5163,2,132,79
6,holoclone2,1344,287,323,1635560074_6452138.png,1635560074_6452138_gfp.png,1635560074_6452138_ph.png,263,73,550,396,5911,539,6198,862,5648,466,6992,1810,2,133,80
6,paraclone22,1344,63,87,1635560074_6452138.png,1635560074_6452138_gfp.png,1635560074_6452138_ph.png,169,833,232,920,5817,1299,5880,1386,5648,466,6992,1810,2,134,80
6,holoclone2,1344,287,323,1635560075_986517.png,1635560075_986517_gfp.png,1635560075_986517_ph.png,1000,151,1287,474,5911,539,6198,862,4911,388,6255,1732,2,135,81
6,paraclone21,1344,35,45,1635560075_986517.png,1635560075_986517_gfp.png,1635560075_986517_ph.png,672,377,707,422,5583,765,5618,810,4911,388,6255,1732,2,136,81
6,paraclone22,1344,63,87,1635560075_986517.png,1635560075_986517_gfp.png,1635560075_986517_ph.png,906,911,969,998,5817,1299,5880,1386,4911,388,6255,1732,2,137,81
6,holoclone2,1344,287,323,1635560077_259087.png,1635560077_259087_gfp.png,1635560077_259087_ph.png,749,110,1036,433,5911,539,6198,862,5162,429,6506,1773,2,138,82
6,paraclone21,1344,35,45,1635560077_259087.png,1635560077_259087_gfp.png,1635560077_259087_ph.png,421,336,456,381,5583,765,5618,810,5162,429,6506,1773,2,139,82
6,paraclone22,1344,63,87,1635560077_259087.png,1635560077_259087_gfp.png,1635560077_259087_ph.png,655,870,718,957,5817,1299,5880,1386,5162,429,6506,1773,2,140,82
6,holoclone2,1344,287,323,1635560078_620598.png,1635560078_620598_gfp.png,1635560078_620598_ph.png,30,539,317,862,5911,539,6198,862,5881,0,7225,1344,2,141,83
6,holoclone2,1344,287,323,1635560079_983073.png,1635560079_983073_gfp.png,1635560079_983073_ph.png,54,539,341,862,5911,539,6198,862,5857,0,7201,1344,2,142,84
6,holoclone2,1344,287,323,1635560081_300946.png,1635560081_300946_gfp.png,1635560081_300946_ph.png,241,492,528,815,5911,539,6198,862,5670,47,7014,1391,2,143,85
6,paraclone22,1344,63,87,1635560081_300946.png,1635560081_300946_gfp.png,1635560081_300946_ph.png,147,1252,210,1339,5817,1299,5880,1386,5670,47,7014,1391,2,144,85
6,holoclone2,1344,287,323,1635560082_7396128.png,1635560082_7396128_gfp.png,1635560082_7396128_ph.png,393,539,680,862,5911,539,6198,862,5518,0,6862,1344,2,145,86
6,paraclone21,1344,35,45,1635560082_7396128.png,1635560082_7396128_gfp.png,1635560082_7396128_ph.png,65,765,100,810,5583,765,5618,810,5518,0,6862,1344,2,146,86
6,holoclone2,1344,287,323,1635560084_2039318.png,1635560084_2039318_gfp.png,1635560084_2039318_ph.png,691,160,978,483,5911,539,6198,862,5220,379,6564,1723,2,147,87
6,paraclone21,1344,35,45,1635560084_2039318.png,1635560084_2039318_gfp.png,1635560084_2039318_ph.png,363,386,398,431,5583,765,5618,810,5220,379,6564,1723,2,148,87
6,paraclone22,1344,63,87,1635560084_2039318.png,1635560084_2039318_gfp.png,1635560084_2039318_ph.png,597,920,660,1007,5817,1299,5880,1386,5220,379,6564,1723,2,149,87
6,holoclone2,1344,287,323,1635560085_528268.png,1635560085_528268_gfp.png,1635560085_528268_ph.png,474,539,761,862,5911,539,6198,862,5437,0,6781,1344,2,150,88
6,paraclone21,1344,35,45,1635560085_528268.png,1635560085_528268_gfp.png,1635560085_528268_ph.png,146,765,181,810,5583,765,5618,810,5437,0,6781,1344,2,151,88
6,holoclone2,1344,287,323,1635560086_8636.png,1635560086_8636_gfp.png,1635560086_8636_ph.png,308,205,595,528,5911,539,6198,862,5603,334,6947,1678,2,152,89
6,paraclone22,1344,63,87,1635560086_8636.png,1635560086_8636_gfp.png,1635560086_8636_ph.png,214,965,277,1052,5817,1299,5880,1386,5603,334,6947,1678,2,153,89
6,holoclone3,1344,86,109,1635560088_1088.png,1635560088_1088_gfp.png,1635560088_1088_ph.png,656,991,742,1100,5621,4683,5707,4792,4965,3692,6309,5036,2,154,90
6,paraclone11,1344,60,62,1635560088_1088.png,1635560088_1088_gfp.png,1635560088_1088_ph.png,261,754,321,816,5226,4446,5286,4508,4965,3692,6309,5036,2,155,90
6,holoclone3,1344,86,109,1635560089_335368.png,1635560089_335368_gfp.png,1635560089_335368_ph.png,854,493,940,602,5621,4683,5707,4792,4767,4190,6111,5534,2,156,91
6,paraclone11,1344,60,62,1635560089_335368.png,1635560089_335368_gfp.png,1635560089_335368_ph.png,459,256,519,318,5226,4446,5286,4508,4767,4190,6111,5534,2,157,91
6,holoclone3,1344,86,109,1635560090_585273.png,1635560090_585273_gfp.png,1635560090_585273_ph.png,565,213,651,322,5621,4683,5707,4792,5056,4470,6400,5814,2,158,92
6,holoclone3,1344,86,109,1635560091_807059.png,1635560091_807059_gfp.png,1635560091_807059_ph.png,1030,498,1116,607,5621,4683,5707,4792,4591,4185,5935,5529,2,159,93
6,paraclone11,1344,60,62,1635560091_807059.png,1635560091_807059_gfp.png,1635560091_807059_ph.png,635,261,695,323,5226,4446,5286,4508,4591,4185,5935,5529,2,160,93
6,holoclone3,1344,86,109,1635560093_011903.png,1635560093_011903_gfp.png,1635560093_011903_ph.png,995,776,1081,885,5621,4683,5707,4792,4626,3907,5970,5251,2,161,94
6,paraclone11,1344,60,62,1635560093_011903.png,1635560093_011903_gfp.png,1635560093_011903_ph.png,600,539,660,601,5226,4446,5286,4508,4626,3907,5970,5251,2,162,94
6,holoclone3,1344,86,109,1635560094_204635.png,1635560094_204635_gfp.png,1635560094_204635_ph.png,1167,410,1253,519,5621,4683,5707,4792,4454,4273,5798,5617,2,163,95
6,paraclone11,1344,60,62,1635560094_204635.png,1635560094_204635_gfp.png,1635560094_204635_ph.png,772,173,832,235,5226,4446,5286,4508,4454,4273,5798,5617,2,164,95
6,holoclone3,1344,86,109,1635560095_4534662.png,1635560095_4534662_gfp.png,1635560095_4534662_ph.png,449,435,535,544,5621,4683,5707,4792,5172,4248,6516,5592,2,165,96
6,paraclone11,1344,60,62,1635560095_4534662.png,1635560095_4534662_gfp.png,1635560095_4534662_ph.png,54,198,114,260,5226,4446,5286,4508,5172,4248,6516,5592,2,166,96
6,holoclone3,1344,86,109,1635560096_862145.png,1635560096_862145_gfp.png,1635560096_862145_ph.png,889,235,975,344,5621,4683,5707,4792,4732,4448,6076,5792,2,167,97
6,holoclone3,1344,86,109,1635560098_2649899.png,1635560098_2649899_gfp.png,1635560098_2649899_ph.png,729,602,815,711,5621,4683,5707,4792,4892,4081,6236,5425,2,168,98
6,paraclone11,1344,60,62,1635560098_2649899.png,1635560098_2649899_gfp.png,1635560098_2649899_ph.png,334,365,394,427,5226,4446,5286,4508,4892,4081,6236,5425,2,169,98
6,holoclone3,1344,86,109,1635560099_523625.png,1635560099_523625_gfp.png,1635560099_523625_ph.png,597,631,683,740,5621,4683,5707,4792,5024,4052,6368,5396,2,170,99
6,paraclone11,1344,60,62,1635560099_523625.png,1635560099_523625_gfp.png,1635560099_523625_ph.png,202,394,262,456,5226,4446,5286,4508,5024,4052,6368,5396,2,171,99
6,holoclone4,1344,186,213,1635560100_7088482.png,1635560100_7088482_gfp.png,1635560100_7088482_ph.png,849,667,1035,880,1726,1335,1912,1548,877,668,2221,2012,2,172,100
6,paraclone12,1344,73,71,1635560100_7088482.png,1635560100_7088482_gfp.png,1635560100_7088482_ph.png,399,997,472,1068,1276,1665,1349,1736,877,668,2221,2012,2,173,100
6,holoclone4,1344,186,213,1635560101_903636.png,1635560101_903636_gfp.png,1635560101_903636_ph.png,790,989,976,1202,1726,1335,1912,1548,936,346,2280,1690,2,174,101
6,holoclone4,1344,186,213,1635560103_0844731.png,1635560103_0844731_gfp.png,1635560103_0844731_ph.png,53,616,239,829,1726,1335,1912,1548,1673,719,3017,2063,2,175,102
6,paraclone13,1344,49,49,1635560103_0844731.png,1635560103_0844731_gfp.png,1635560103_0844731_ph.png,773,1022,822,1071,2446,1741,2495,1790,1673,719,3017,2063,2,176,102
6,paraclone14,1344,45,61,1635560103_0844731.png,1635560103_0844731_gfp.png,1635560103_0844731_ph.png,619,831,664,892,2292,1550,2337,1611,1673,719,3017,2063,2,177,102
6,paraclone20,1344,58,49,1635560103_0844731.png,1635560103_0844731_gfp.png,1635560103_0844731_ph.png,588,407,646,456,2261,1126,2319,1175,1673,719,3017,2063,2,178,102
6,holoclone4,1344,186,213,1635560104_2671008.png,1635560104_2671008_gfp.png,1635560104_2671008_ph.png,217,196,403,409,1726,1335,1912,1548,1509,1139,2853,2483,2,179,103
6,paraclone13,1344,49,49,1635560104_2671008.png,1635560104_2671008_gfp.png,1635560104_2671008_ph.png,937,602,986,651,2446,1741,2495,1790,1509,1139,2853,2483,2,180,103
6,paraclone14,1344,45,61,1635560104_2671008.png,1635560104_2671008_gfp.png,1635560104_2671008_ph.png,783,411,828,472,2292,1550,2337,1611,1509,1139,2853,2483,2,181,103
6,paraclone4,1344,44,55,1635560105_472932.png,1635560105_472932_gfp.png,1635560105_472932_ph.png,191,346,235,401,810,1339,854,1394,619,993,1963,2337,2,182,104
6,holoclone4,1344,186,213,1635560105_472932.png,1635560105_472932_gfp.png,1635560105_472932_ph.png,1107,342,1293,555,1726,1335,1912,1548,619,993,1963,2337,2,183,104
6,paraclone12,1344,73,71,1635560105_472932.png,1635560105_472932_gfp.png,1635560105_472932_ph.png,657,672,730,743,1276,1665,1349,1736,619,993,1963,2337,2,184,104
6,paraclone4,1344,44,55,1635560106_689771.png,1635560106_689771_gfp.png,1635560106_689771_ph.png,43,952,87,1007,810,1339,854,1394,767,387,2111,1731,2,185,105
6,holoclone4,1344,186,213,1635560106_689771.png,1635560106_689771_gfp.png,1635560106_689771_ph.png,959,948,1145,1161,1726,1335,1912,1548,767,387,2111,1731,2,186,105
6,holoclone4,1344,186,213,1635560107_901799.png,1635560107_901799_gfp.png,1635560107_901799_ph.png,663,904,849,1117,1726,1335,1912,1548,1063,431,2407,1775,2,187,106
6,paraclone12,1344,73,71,1635560107_901799.png,1635560107_901799_gfp.png,1635560107_901799_ph.png,213,1234,286,1305,1276,1665,1349,1736,1063,431,2407,1775,2,188,106
6,paraclone14,1344,45,61,1635560107_901799.png,1635560107_901799_gfp.png,1635560107_901799_ph.png,1229,1119,1274,1180,2292,1550,2337,1611,1063,431,2407,1775,2,189,106
6,paraclone20,1344,58,49,1635560107_901799.png,1635560107_901799_gfp.png,1635560107_901799_ph.png,1198,695,1256,744,2261,1126,2319,1175,1063,431,2407,1775,2,190,106
6,holoclone4,1344,186,213,1635560109_0844831.png,1635560109_0844831_gfp.png,1635560109_0844831_ph.png,31,69,217,282,1726,1335,1912,1548,1695,1266,3039,2610,2,191,107
6,paraclone13,1344,49,49,1635560109_0844831.png,1635560109_0844831_gfp.png,1635560109_0844831_ph.png,751,475,800,524,2446,1741,2495,1790,1695,1266,3039,2610,2,192,107
6,paraclone14,1344,45,61,1635560109_0844831.png,1635560109_0844831_gfp.png,1635560109_0844831_ph.png,597,284,642,345,2292,1550,2337,1611,1695,1266,3039,2610,2,193,107
6,holoclone4,1344,186,213,1635560110_271848.png,1635560110_271848_gfp.png,1635560110_271848_ph.png,684,1124,870,1337,1726,1335,1912,1548,1042,211,2386,1555,2,194,108
6,paraclone20,1344,58,49,1635560110_271848.png,1635560110_271848_gfp.png,1635560110_271848_ph.png,1219,915,1277,964,2261,1126,2319,1175,1042,211,2386,1555,2,195,108
6,holoclone4,1344,186,213,1635560111_457296.png,1635560111_457296_gfp.png,1635560111_457296_ph.png,177,483,363,696,1726,1335,1912,1548,1549,852,2893,2196,2,196,109
6,paraclone13,1344,49,49,1635560111_457296.png,1635560111_457296_gfp.png,1635560111_457296_ph.png,897,889,946,938,2446,1741,2495,1790,1549,852,2893,2196,2,197,109
6,paraclone14,1344,45,61,1635560111_457296.png,1635560111_457296_gfp.png,1635560111_457296_ph.png,743,698,788,759,2292,1550,2337,1611,1549,852,2893,2196,2,198,109
6,paraclone20,1344,58,49,1635560111_457296.png,1635560111_457296_gfp.png,1635560111_457296_ph.png,712,274,770,323,2261,1126,2319,1175,1549,852,2893,2196,2,199,109
6,meroclone4,1344,89,83,1635560112_6407528.png,1635560112_6407528_gfp.png,1635560112_6407528_ph.png,891,213,980,296,3773,2009,3862,2092,2882,1796,4226,3140,2,200,110
6,paraclone17,1344,81,96,1635560112_6407528.png,1635560112_6407528_gfp.png,1635560112_6407528_ph.png,807,424,888,520,3689,2220,3770,2316,2882,1796,4226,3140,2,201,110
6,paraclone18,1344,56,46,1635560112_6407528.png,1635560112_6407528_gfp.png,1635560112_6407528_ph.png,1011,657,1067,703,3893,2453,3949,2499,2882,1796,4226,3140,2,202,110
6,paraclone25,1344,67,76,1635560112_6407528.png,1635560112_6407528_gfp.png,1635560112_6407528_ph.png,1106,292,1173,368,3988,2088,4055,2164,2882,1796,4226,3140,2,203,110
6,meroclone4,1344,89,83,1635560113_837058.png,1635560113_837058_gfp.png,1635560113_837058_ph.png,1122,757,1211,840,3773,2009,3862,2092,2651,1252,3995,2596,2,204,111
6,paraclone17,1344,81,96,1635560113_837058.png,1635560113_837058_gfp.png,1635560113_837058_ph.png,1038,968,1119,1064,3689,2220,3770,2316,2651,1252,3995,2596,2,205,111
6,paraclone18,1344,56,46,1635560113_837058.png,1635560113_837058_gfp.png,1635560113_837058_ph.png,1242,1201,1298,1247,3893,2453,3949,2499,2651,1252,3995,2596,2,206,111
6,meroclone4,1344,89,83,1635560115_033226.png,1635560115_033226_gfp.png,1635560115_033226_ph.png,780,777,869,860,3773,2009,3862,2092,2993,1232,4337,2576,2,207,112
6,paraclone17,1344,81,96,1635560115_033226.png,1635560115_033226_gfp.png,1635560115_033226_ph.png,696,988,777,1084,3689,2220,3770,2316,2993,1232,4337,2576,2,208,112
6,paraclone18,1344,56,46,1635560115_033226.png,1635560115_033226_gfp.png,1635560115_033226_ph.png,900,1221,956,1267,3893,2453,3949,2499,2993,1232,4337,2576,2,209,112
6,paraclone19,1344,84,97,1635560115_033226.png,1635560115_033226_gfp.png,1635560115_033226_ph.png,1204,308,1288,405,4197,1540,4281,1637,2993,1232,4337,2576,2,210,112
6,paraclone25,1344,67,76,1635560115_033226.png,1635560115_033226_gfp.png,1635560115_033226_ph.png,995,856,1062,932,3988,2088,4055,2164,2993,1232,4337,2576,2,211,112
6,meroclone4,1344,89,83,1635560116_2283368.png,1635560116_2283368_gfp.png,1635560116_2283368_ph.png,479,202,568,285,3773,2009,3862,2092,3294,1807,4638,3151,2,212,113
6,paraclone17,1344,81,96,1635560116_2283368.png,1635560116_2283368_gfp.png,1635560116_2283368_ph.png,395,413,476,509,3689,2220,3770,2316,3294,1807,4638,3151,2,213,113
6,paraclone18,1344,56,46,1635560116_2283368.png,1635560116_2283368_gfp.png,1635560116_2283368_ph.png,599,646,655,692,3893,2453,3949,2499,3294,1807,4638,3151,2,214,113
6,paraclone25,1344,67,76,1635560116_2283368.png,1635560116_2283368_gfp.png,1635560116_2283368_ph.png,694,281,761,357,3988,2088,4055,2164,3294,1807,4638,3151,2,215,113
6,meroclone4,1344,89,83,1635560117_4294488.png,1635560117_4294488_gfp.png,1635560117_4294488_ph.png,804,663,893,746,3773,2009,3862,2092,2969,1346,4313,2690,2,216,114
6,paraclone17,1344,81,96,1635560117_4294488.png,1635560117_4294488_gfp.png,1635560117_4294488_ph.png,720,874,801,970,3689,2220,3770,2316,2969,1346,4313,2690,2,217,114
6,paraclone18,1344,56,46,1635560117_4294488.png,1635560117_4294488_gfp.png,1635560117_4294488_ph.png,924,1107,980,1153,3893,2453,3949,2499,2969,1346,4313,2690,2,218,114
6,paraclone19,1344,84,97,1635560117_4294488.png,1635560117_4294488_gfp.png,1635560117_4294488_ph.png,1228,194,1312,291,4197,1540,4281,1637,2969,1346,4313,2690,2,219,114
6,paraclone25,1344,67,76,1635560117_4294488.png,1635560117_4294488_gfp.png,1635560117_4294488_ph.png,1019,742,1086,818,3988,2088,4055,2164,2969,1346,4313,2690,2,220,114
6,meroclone4,1344,89,83,1635560118_632231.png,1635560118_632231_gfp.png,1635560118_632231_ph.png,758,223,847,306,3773,2009,3862,2092,3015,1786,4359,3130,2,221,115
6,paraclone17,1344,81,96,1635560118_632231.png,1635560118_632231_gfp.png,1635560118_632231_ph.png,674,434,755,530,3689,2220,3770,2316,3015,1786,4359,3130,2,222,115
6,paraclone18,1344,56,46,1635560118_632231.png,1635560118_632231_gfp.png,1635560118_632231_ph.png,878,667,934,713,3893,2453,3949,2499,3015,1786,4359,3130,2,223,115
6,paraclone25,1344,67,76,1635560118_632231.png,1635560118_632231_gfp.png,1635560118_632231_ph.png,973,302,1040,378,3988,2088,4055,2164,3015,1786,4359,3130,2,224,115
6,meroclone4,1344,89,83,1635560119_826972.png,1635560119_826972_gfp.png,1635560119_826972_ph.png,208,128,297,211,3773,2009,3862,2092,3565,1881,4909,3225,2,225,116
6,meroclone9,1344,78,83,1635560119_826972.png,1635560119_826972_gfp.png,1635560119_826972_ph.png,1116,842,1194,925,4681,2723,4759,2806,3565,1881,4909,3225,2,226,116
6,paraclone17,1344,81,96,1635560119_826972.png,1635560119_826972_gfp.png,1635560119_826972_ph.png,124,339,205,435,3689,2220,3770,2316,3565,1881,4909,3225,2,227,116
6,paraclone18,1344,56,46,1635560119_826972.png,1635560119_826972_gfp.png,1635560119_826972_ph.png,328,572,384,618,3893,2453,3949,2499,3565,1881,4909,3225,2,228,116
6,paraclone25,1344,67,76,1635560119_826972.png,1635560119_826972_gfp.png,1635560119_826972_ph.png,423,207,490,283,3988,2088,4055,2164,3565,1881,4909,3225,2,229,116
6,meroclone4,1344,89,83,1635560121_019986.png,1635560121_019986_gfp.png,1635560121_019986_ph.png,813,413,902,496,3773,2009,3862,2092,2960,1596,4304,2940,2,230,117
6,paraclone17,1344,81,96,1635560121_019986.png,1635560121_019986_gfp.png,1635560121_019986_ph.png,729,624,810,720,3689,2220,3770,2316,2960,1596,4304,2940,2,231,117
6,paraclone18,1344,56,46,1635560121_019986.png,1635560121_019986_gfp.png,1635560121_019986_ph.png,933,857,989,903,3893,2453,3949,2499,2960,1596,4304,2940,2,232,117
6,paraclone25,1344,67,76,1635560121_019986.png,1635560121_019986_gfp.png,1635560121_019986_ph.png,1028,492,1095,568,3988,2088,4055,2164,2960,1596,4304,2940,2,233,117
6,meroclone4,1344,89,83,1635560122_2285628.png,1635560122_2285628_gfp.png,1635560122_2285628_ph.png,996,1141,1085,1224,3773,2009,3862,2092,2777,868,4121,2212,2,234,118
6,holoclone7,1344,105,117,1635560122_2285628.png,1635560122_2285628_gfp.png,1635560122_2285628_ph.png,567,230,672,347,3344,1098,3449,1215,2777,868,4121,2212,2,235,118
6,paraclone25,1344,67,76,1635560122_2285628.png,1635560122_2285628_gfp.png,1635560122_2285628_ph.png,1211,1220,1278,1296,3988,2088,4055,2164,2777,868,4121,2212,2,236,118
6,meroclone4,1344,89,83,1635560123_431701.png,1635560123_431701_gfp.png,1635560123_431701_ph.png,855,1143,944,1226,3773,2009,3862,2092,2918,866,4262,2210,2,237,119
6,holoclone7,1344,105,117,1635560123_431701.png,1635560123_431701_gfp.png,1635560123_431701_ph.png,426,232,531,349,3344,1098,3449,1215,2918,866,4262,2210,2,238,119
6,paraclone25,1344,67,76,1635560123_431701.png,1635560123_431701_gfp.png,1635560123_431701_ph.png,1070,1222,1137,1298,3988,2088,4055,2164,2918,866,4262,2210,2,239,119
6,meroclone5,1344,94,107,1635560124_633936.png,1635560124_633936_gfp.png,1635560124_633936_ph.png,1199,137,1293,244,7794,5764,7888,5871,6595,5627,7939,6971,2,240,120
6,meroclone5,1344,94,107,1635560125_801701.png,1635560125_801701_gfp.png,1635560125_801701_ph.png,1125,970,1219,1077,7794,5764,7888,5871,6669,4794,8013,6138,2,241,121
6,meroclone5,1344,94,107,1635560127_000313.png,1635560127_000313_gfp.png,1635560127_000313_ph.png,1162,581,1256,688,7794,5764,7888,5871,6632,5183,7976,6527,2,242,122
6,meroclone5,1344,94,107,1635560128_185994.png,1635560128_185994_gfp.png,1635560128_185994_ph.png,1237,713,1331,820,7794,5764,7888,5871,6557,5051,7901,6395,2,243,123
6,meroclone5,1344,94,107,1635560129_3715808.png,1635560129_3715808_gfp.png,1635560129_3715808_ph.png,1166,414,1260,521,7794,5764,7888,5871,6628,5350,7972,6694,2,244,124
6,meroclone5,1344,94,107,1635560130_575331.png,1635560130_575331_gfp.png,1635560130_575331_ph.png,1228,987,1322,1094,7794,5764,7888,5871,6566,4777,7910,6121,2,245,125
6,meroclone5,1344,94,107,1635560131_766231.png,1635560131_766231_gfp.png,1635560131_766231_ph.png,1133,126,1227,233,7794,5764,7888,5871,6661,5638,8005,6982,2,246,126
6,meroclone5,1344,94,107,1635560132_950795.png,1635560132_950795_gfp.png,1635560132_950795_ph.png,1108,304,1202,411,7794,5764,7888,5871,6686,5460,8030,6804,2,247,127
6,meroclone5,1344,94,107,1635560134_134374.png,1635560134_134374_gfp.png,1635560134_134374_ph.png,1213,793,1307,900,7794,5764,7888,5871,6581,4971,7925,6315,2,248,128
6,meroclone5,1344,94,107,1635560135_318439.png,1635560135_318439_gfp.png,1635560135_318439_ph.png,1123,1220,1217,1327,7794,5764,7888,5871,6671,4544,8015,5888,2,249,129
6,holoclone5,1344,227,182,1635560136_511877.png,1635560136_511877_gfp.png,1635560136_511877_ph.png,807,722,1034,904,4433,1294,4660,1476,3626,572,4970,1916,2,250,130
6,meroclone9,1344,106,111,1635560136_511877.png,1635560136_511877_gfp.png,1635560136_511877_ph.png,559,69,665,180,4185,641,4291,752,3626,572,4970,1916,2,251,130
6,paraclone19,1344,84,97,1635560136_511877.png,1635560136_511877_gfp.png,1635560136_511877_ph.png,571,968,655,1065,4197,1540,4281,1637,3626,572,4970,1916,2,252,130
6,holoclone5,1344,227,182,1635560137_720385.png,1635560137_720385_gfp.png,1635560137_720385_ph.png,131,108,358,290,4433,1294,4660,1476,4302,1186,5646,2530,2,253,131
6,holoclone5,1344,227,182,1635560138_913583.png,1635560138_913583_gfp.png,1635560138_913583_ph.png,188,47,415,229,4433,1294,4660,1476,4245,1247,5589,2591,2,254,132
6,holoclone5,1344,227,182,1635560140_1080818.png,1635560140_1080818_gfp.png,1635560140_1080818_ph.png,47,252,274,434,4433,1294,4660,1476,4386,1042,5730,2386,2,255,133
6,holoclone5,1344,227,182,1635560141_308785.png,1635560141_308785_gfp.png,1635560141_308785_ph.png,211,308,438,490,4433,1294,4660,1476,4222,986,5566,2330,2,256,134
6,holoclone5,1344,227,182,1635560142_500127.png,1635560142_500127_gfp.png,1635560142_500127_ph.png,57,65,284,247,4433,1294,4660,1476,4376,1229,5720,2573,2,257,135
6,meroclone4,1344,89,83,1635560143_699594.png,1635560143_699594_gfp.png,1635560143_699594_ph.png,257,1085,346,1168,3773,2009,3862,2092,3516,924,4860,2268,2,258,136
6,holoclone5,1344,227,182,1635560143_699594.png,1635560143_699594_gfp.png,1635560143_699594_ph.png,917,370,1144,552,4433,1294,4660,1476,3516,924,4860,2268,2,259,136
6,paraclone19,1344,84,97,1635560143_699594.png,1635560143_699594_gfp.png,1635560143_699594_ph.png,681,616,765,713,4197,1540,4281,1637,3516,924,4860,2268,2,260,136
6,paraclone25,1344,67,76,1635560143_699594.png,1635560143_699594_gfp.png,1635560143_699594_ph.png,472,1164,539,1240,3988,2088,4055,2164,3516,924,4860,2268,2,261,136
6,holoclone5,1344,227,182,1635560144_892676.png,1635560144_892676_gfp.png,1635560144_892676_ph.png,263,321,490,503,4433,1294,4660,1476,4170,973,5514,2317,2,262,137
6,paraclone19,1344,84,97,1635560144_892676.png,1635560144_892676_gfp.png,1635560144_892676_ph.png,27,567,111,664,4197,1540,4281,1637,4170,973,5514,2317,2,263,137
6,holoclone5,1344,227,182,1635560146_100493.png,1635560146_100493_gfp.png,1635560146_100493_ph.png,165,514,392,696,4433,1294,4660,1476,4268,780,5612,2124,2,264,138
6,meroclone4,1344,89,83,1635560147_294915.png,1635560147_294915_gfp.png,1635560147_294915_ph.png,366,864,455,947,3773,2009,3862,2092,3407,1145,4751,2489,2,265,139
6,holoclone5,1344,227,182,1635560147_294915.png,1635560147_294915_gfp.png,1635560147_294915_ph.png,1026,149,1253,331,4433,1294,4660,1476,3407,1145,4751,2489,2,266,139
6,paraclone17,1344,81,96,1635560147_294915.png,1635560147_294915_gfp.png,1635560147_294915_ph.png,282,1075,363,1171,3689,2220,3770,2316,3407,1145,4751,2489,2,267,139
6,paraclone19,1344,84,97,1635560147_294915.png,1635560147_294915_gfp.png,1635560147_294915_ph.png,790,395,874,492,4197,1540,4281,1637,3407,1145,4751,2489,2,268,139
6,paraclone25,1344,67,76,1635560147_294915.png,1635560147_294915_gfp.png,1635560147_294915_ph.png,581,943,648,1019,3988,2088,4055,2164,3407,1145,4751,2489,2,269,139
6,holoclone6,1344,251,236,1635560148_4895842.png,1635560148_4895842_gfp.png,1635560148_4895842_ph.png,205,923,456,1159,4369,3033,4620,3269,4164,2110,5508,3454,2,270,140
6,meroclone9,1344,78,83,1635560148_4895842.png,1635560148_4895842_gfp.png,1635560148_4895842_ph.png,517,613,595,696,4681,2723,4759,2806,4164,2110,5508,3454,2,271,140
6,paraclone2,1344,28,31,1635560149_6934679.png,1635560149_6934679_gfp.png,1635560149_6934679_ph.png,508,1153,536,1184,4042,4138,4070,4169,3534,2985,4878,4329,2,272,141
6,holoclone6,1344,251,236,1635560149_6934679.png,1635560149_6934679_gfp.png,1635560149_6934679_ph.png,835,48,1086,284,4369,3033,4620,3269,3534,2985,4878,4329,2,273,141
6,paraclone9,1344,144,115,1635560149_6934679.png,1635560149_6934679_gfp.png,1635560149_6934679_ph.png,450,472,594,587,3984,3457,4128,3572,3534,2985,4878,4329,2,274,141
6,holoclone6,1344,251,236,1635560150_900119.png,1635560150_900119_gfp.png,1635560150_900119_ph.png,104,603,355,839,4369,3033,4620,3269,4265,2430,5609,3774,2,275,142
6,meroclone9,1344,78,83,1635560150_900119.png,1635560150_900119_gfp.png,1635560150_900119_ph.png,416,293,494,376,4681,2723,4759,2806,4265,2430,5609,3774,2,276,142
6,holoclone6,1344,251,236,1635560152_103832.png,1635560152_103832_gfp.png,1635560152_103832_ph.png,820,473,1071,709,4369,3033,4620,3269,3549,2560,4893,3904,2,277,143
6,paraclone9,1344,144,115,1635560152_103832.png,1635560152_103832_gfp.png,1635560152_103832_ph.png,435,897,579,1012,3984,3457,4128,3572,3549,2560,4893,3904,2,278,143
6,meroclone9,1344,78,83,1635560152_103832.png,1635560152_103832_gfp.png,1635560152_103832_ph.png,1132,163,1210,246,4681,2723,4759,2806,3549,2560,4893,3904,2,279,143
6,holoclone6,1344,251,236,1635560153_3126268.png,1635560153_3126268_gfp.png,1635560153_3126268_ph.png,235,10,486,246,4369,3033,4620,3269,4134,3023,5478,4367,2,280,144
6,holoclone6,1344,251,236,1635560154_521952.png,1635560154_521952_gfp.png,1635560154_521952_ph.png,418,705,669,941,4369,3033,4620,3269,3951,2328,5295,3672,2,281,145
6,paraclone9,1344,144,115,1635560154_521952.png,1635560154_521952_gfp.png,1635560154_521952_ph.png,33,1129,177,1244,3984,3457,4128,3572,3951,2328,5295,3672,2,282,145
6,meroclone9,1344,78,83,1635560154_521952.png,1635560154_521952_gfp.png,1635560154_521952_ph.png,730,395,808,478,4681,2723,4759,2806,3951,2328,5295,3672,2,283,145
6,holoclone6,1344,251,236,1635560155_721604.png,1635560155_721604_gfp.png,1635560155_721604_ph.png,307,374,558,610,4369,3033,4620,3269,4062,2659,5406,4003,2,284,146
6,meroclone9,1344,78,83,1635560155_721604.png,1635560155_721604_gfp.png,1635560155_721604_ph.png,619,64,697,147,4681,2723,4759,2806,4062,2659,5406,4003,2,285,146
6,meroclone4,1344,89,83,1635560156_9232352.png,1635560156_9232352_gfp.png,1635560156_9232352_ph.png,175,78,264,161,3773,2009,3862,2092,3598,1931,4942,3275,2,286,147
6,holoclone6,1344,251,236,1635560156_9232352.png,1635560156_9232352_gfp.png,1635560156_9232352_ph.png,771,1102,1022,1338,4369,3033,4620,3269,3598,1931,4942,3275,2,287,147
6,meroclone9,1344,78,83,1635560156_9232352.png,1635560156_9232352_gfp.png,1635560156_9232352_ph.png,1083,792,1161,875,4681,2723,4759,2806,3598,1931,4942,3275,2,288,147
6,paraclone17,1344,81,96,1635560156_9232352.png,1635560156_9232352_gfp.png,1635560156_9232352_ph.png,91,289,172,385,3689,2220,3770,2316,3598,1931,4942,3275,2,289,147
6,paraclone18,1344,56,46,1635560156_9232352.png,1635560156_9232352_gfp.png,1635560156_9232352_ph.png,295,522,351,568,3893,2453,3949,2499,3598,1931,4942,3275,2,290,147
6,paraclone25,1344,67,76,1635560156_9232352.png,1635560156_9232352_gfp.png,1635560156_9232352_ph.png,390,157,457,233,3988,2088,4055,2164,3598,1931,4942,3275,2,291,147
6,holoclone6,1344,251,236,1635560158_1450691.png,1635560158_1450691_gfp.png,1635560158_1450691_ph.png,110,470,361,706,4369,3033,4620,3269,4259,2563,5603,3907,2,292,148
6,meroclone9,1344,78,83,1635560158_1450691.png,1635560158_1450691_gfp.png,1635560158_1450691_ph.png,422,160,500,243,4681,2723,4759,2806,4259,2563,5603,3907,2,293,148
6,meroclone4,1344,89,83,1635560159_357614.png,1635560159_357614_gfp.png,1635560159_357614_ph.png,478,34,567,117,3773,2009,3862,2092,3295,1975,4639,3319,2,294,149
6,holoclone6,1344,251,236,1635560159_357614.png,1635560159_357614_gfp.png,1635560159_357614_ph.png,1074,1058,1325,1294,4369,3033,4620,3269,3295,1975,4639,3319,2,295,149
6,paraclone17,1344,81,96,1635560159_357614.png,1635560159_357614_gfp.png,1635560159_357614_ph.png,394,245,475,341,3689,2220,3770,2316,3295,1975,4639,3319,2,296,149
6,paraclone18,1344,56,46,1635560159_357614.png,1635560159_357614_gfp.png,1635560159_357614_ph.png,598,478,654,524,3893,2453,3949,2499,3295,1975,4639,3319,2,297,149
6,paraclone25,1344,67,76,1635560159_357614.png,1635560159_357614_gfp.png,1635560159_357614_ph.png,693,113,760,189,3988,2088,4055,2164,3295,1975,4639,3319,2,298,149
6,meroclone6,1344,67,61,1635560160_6048949.png,1635560160_6048949_gfp.png,1635560160_6048949_ph.png,1133,997,1200,1058,4301,6483,4368,6544,3168,5486,4512,6830,2,299,150
6,meroclone7,1344,148,140,1635560160_6048949.png,1635560160_6048949_gfp.png,1635560160_6048949_ph.png,988,333,1136,473,4156,5819,4304,5959,3168,5486,4512,6830,2,300,150
6,meroclone8,1344,156,205,1635560160_6048949.png,1635560160_6048949_gfp.png,1635560160_6048949_ph.png,676,78,832,283,3844,5564,4000,5769,3168,5486,4512,6830,2,301,150
6,meroclone6,1344,67,61,1635560161_7987032.png,1635560161_7987032_gfp.png,1635560161_7987032_ph.png,792,885,859,946,4301,6483,4368,6544,3509,5598,4853,6942,2,302,151
6,meroclone7,1344,148,140,1635560161_7987032.png,1635560161_7987032_gfp.png,1635560161_7987032_ph.png,647,221,795,361,4156,5819,4304,5959,3509,5598,4853,6942,2,303,151
6,meroclone6,1344,67,61,1635560163_006142.png,1635560163_006142_gfp.png,1635560163_006142_ph.png,413,1234,480,1295,4301,6483,4368,6544,3888,5249,5232,6593,2,304,152
6,meroclone7,1344,148,140,1635560163_006142.png,1635560163_006142_gfp.png,1635560163_006142_ph.png,268,570,416,710,4156,5819,4304,5959,3888,5249,5232,6593,2,305,152
6,meroclone6,1344,67,61,1635560164_2090728.png,1635560164_2090728_gfp.png,1635560164_2090728_ph.png,619,872,686,933,4301,6483,4368,6544,3682,5611,5026,6955,2,306,153
6,meroclone7,1344,148,140,1635560164_2090728.png,1635560164_2090728_gfp.png,1635560164_2090728_ph.png,474,208,622,348,4156,5819,4304,5959,3682,5611,5026,6955,2,307,153
6,meroclone6,1344,67,61,1635560165_400018.png,1635560165_400018_gfp.png,1635560165_400018_ph.png,1076,975,1143,1036,4301,6483,4368,6544,3225,5508,4569,6852,2,308,154
6,meroclone7,1344,148,140,1635560165_400018.png,1635560165_400018_gfp.png,1635560165_400018_ph.png,931,311,1079,451,4156,5819,4304,5959,3225,5508,4569,6852,2,309,154
6,meroclone8,1344,156,205,1635560165_400018.png,1635560165_400018_gfp.png,1635560165_400018_ph.png,619,56,775,261,3844,5564,4000,5769,3225,5508,4569,6852,2,310,154
6,meroclone6,1344,67,61,1635560166_590959.png,1635560166_590959_gfp.png,1635560166_590959_ph.png,344,1035,411,1096,4301,6483,4368,6544,3957,5448,5301,6792,2,311,155
6,meroclone7,1344,148,140,1635560166_590959.png,1635560166_590959_gfp.png,1635560166_590959_ph.png,199,371,347,511,4156,5819,4304,5959,3957,5448,5301,6792,2,312,155
6,meroclone6,1344,67,61,1635560167_776169.png,1635560167_776169_gfp.png,1635560167_776169_ph.png,260,1201,327,1262,4301,6483,4368,6544,4041,5282,5385,6626,2,313,156
6,meroclone7,1344,148,140,1635560167_776169.png,1635560167_776169_gfp.png,1635560167_776169_ph.png,115,537,263,677,4156,5819,4304,5959,4041,5282,5385,6626,2,314,156
6,meroclone6,1344,67,61,1635560168_9631722.png,1635560168_9631722_gfp.png,1635560168_9631722_ph.png,151,792,218,853,4301,6483,4368,6544,4150,5691,5494,7035,2,315,157
6,meroclone7,1344,148,140,1635560168_9631722.png,1635560168_9631722_gfp.png,1635560168_9631722_ph.png,6,128,154,268,4156,5819,4304,5959,4150,5691,5494,7035,2,316,157
6,meroclone6,1344,67,61,1635560170_142462.png,1635560170_142462_gfp.png,1635560170_142462_ph.png,450,944,517,1005,4301,6483,4368,6544,3851,5539,5195,6883,2,317,158
6,meroclone7,1344,148,140,1635560170_142462.png,1635560170_142462_gfp.png,1635560170_142462_ph.png,305,280,453,420,4156,5819,4304,5959,3851,5539,5195,6883,2,318,158
6,meroclone6,1344,67,61,1635560171_329371.png,1635560171_329371_gfp.png,1635560171_329371_ph.png,1144,766,1211,827,4301,6483,4368,6544,3157,5717,4501,7061,2,319,159
6,meroclone7,1344,148,140,1635560171_329371.png,1635560171_329371_gfp.png,1635560171_329371_ph.png,999,102,1147,242,4156,5819,4304,5959,3157,5717,4501,7061,2,320,159
6,meroclone7,1344,148,140,1635560172_508492.png,1635560172_508492_gfp.png,1635560172_508492_ph.png,624,1097,772,1237,4156,5819,4304,5959,3532,4722,4876,6066,2,321,160
6,meroclone8,1344,156,205,1635560172_508492.png,1635560172_508492_gfp.png,1635560172_508492_ph.png,312,842,468,1047,3844,5564,4000,5769,3532,4722,4876,6066,2,322,160
6,meroclone6,1344,67,61,1635560173_759108.png,1635560173_759108_gfp.png,1635560173_759108_ph.png,1004,982,1071,1043,4301,6483,4368,6544,3297,5501,4641,6845,2,323,161
6,meroclone7,1344,148,140,1635560173_759108.png,1635560173_759108_gfp.png,1635560173_759108_ph.png,859,318,1007,458,4156,5819,4304,5959,3297,5501,4641,6845,2,324,161
6,meroclone8,1344,156,205,1635560173_759108.png,1635560173_759108_gfp.png,1635560173_759108_ph.png,547,63,703,268,3844,5564,4000,5769,3297,5501,4641,6845,2,325,161
6,meroclone6,1344,67,61,1635560174_941887.png,1635560174_941887_gfp.png,1635560174_941887_ph.png,154,1133,221,1194,4301,6483,4368,6544,4147,5350,5491,6694,2,326,162
6,meroclone7,1344,148,140,1635560174_941887.png,1635560174_941887_gfp.png,1635560174_941887_ph.png,9,469,157,609,4156,5819,4304,5959,4147,5350,5491,6694,2,327,162
6,meroclone6,1344,67,61,1635560176_1301901.png,1635560176_1301901_gfp.png,1635560176_1301901_ph.png,618,1223,685,1284,4301,6483,4368,6544,3683,5260,5027,6604,2,328,163
6,meroclone7,1344,148,140,1635560176_1301901.png,1635560176_1301901_gfp.png,1635560176_1301901_ph.png,473,559,621,699,4156,5819,4304,5959,3683,5260,5027,6604,2,329,163
6,meroclone8,1344,156,205,1635560176_1301901.png,1635560176_1301901_gfp.png,1635560176_1301901_ph.png,161,304,317,509,3844,5564,4000,5769,3683,5260,5027,6604,2,330,163
6,meroclone7,1344,148,140,1635560177_335698.png,1635560177_335698_gfp.png,1635560177_335698_ph.png,93,1075,241,1215,4156,5819,4304,5959,4063,4744,5407,6088,2,331,164
6,meroclone7,1344,148,140,1635560178_552989.png,1635560178_552989_gfp.png,1635560178_552989_ph.png,958,1183,1106,1323,4156,5819,4304,5959,3198,4636,4542,5980,2,332,165
6,meroclone8,1344,156,205,1635560178_552989.png,1635560178_552989_gfp.png,1635560178_552989_ph.png,646,928,802,1133,3844,5564,4000,5769,3198,4636,4542,5980,2,333,165
6,meroclone6,1344,67,61,1635560179_739721.png,1635560179_739721_gfp.png,1635560179_739721_ph.png,818,1082,885,1143,4301,6483,4368,6544,3483,5401,4827,6745,2,334,166
6,meroclone7,1344,148,140,1635560179_739721.png,1635560179_739721_gfp.png,1635560179_739721_ph.png,673,418,821,558,4156,5819,4304,5959,3483,5401,4827,6745,2,335,166
6,meroclone8,1344,156,205,1635560179_739721.png,1635560179_739721_gfp.png,1635560179_739721_ph.png,361,163,517,368,3844,5564,4000,5769,3483,5401,4827,6745,2,336,166
6,meroclone6,1344,67,61,1635560180_9157782.png,1635560180_9157782_gfp.png,1635560180_9157782_ph.png,983,1031,1050,1092,4301,6483,4368,6544,3318,5452,4662,6796,2,337,167
6,meroclone7,1344,148,140,1635560180_9157782.png,1635560180_9157782_gfp.png,1635560180_9157782_ph.png,838,367,986,507,4156,5819,4304,5959,3318,5452,4662,6796,2,338,167
6,meroclone8,1344,156,205,1635560180_9157782.png,1635560180_9157782_gfp.png,1635560180_9157782_ph.png,526,112,682,317,3844,5564,4000,5769,3318,5452,4662,6796,2,339,167
6,meroclone7,1344,148,140,1635560182_0928068.png,1635560182_0928068_gfp.png,1635560182_0928068_ph.png,1116,761,1264,901,4156,5819,4304,5959,3040,5058,4384,6402,2,340,168
6,meroclone8,1344,156,205,1635560182_0928068.png,1635560182_0928068_gfp.png,1635560182_0928068_ph.png,804,506,960,711,3844,5564,4000,5769,3040,5058,4384,6402,2,341,168
6,meroclone7,1344,148,140,1635560183_271648.png,1635560183_271648_gfp.png,1635560183_271648_ph.png,987,862,1135,1002,4156,5819,4304,5959,3169,4957,4513,6301,2,342,169
6,meroclone8,1344,156,205,1635560183_271648.png,1635560183_271648_gfp.png,1635560183_271648_ph.png,675,607,831,812,3844,5564,4000,5769,3169,4957,4513,6301,2,343,169
6,paraclone1,1344,90,87,1635560184_457258.png,1635560184_457258_gfp.png,1635560184_457258_ph.png,1232,528,1322,615,2781,4604,2871,4691,1549,4076,2893,5420,2,344,170
6,paraclone6,1344,33,45,1635560184_457258.png,1635560184_457258_gfp.png,1635560184_457258_ph.png,1282,1043,1315,1088,2831,5119,2864,5164,1549,4076,2893,5420,2,345,170
6,paraclone6,1344,33,45,1635560185_646272.png,1635560185_646272_gfp.png,1635560185_646272_ph.png,479,403,512,448,2831,5119,2864,5164,2352,4716,3696,6060,2,346,171
6,paraclone7,1344,69,84,1635560185_646272.png,1635560185_646272_gfp.png,1635560185_646272_ph.png,669,785,738,869,3021,5501,3090,5585,2352,4716,3696,6060,2,347,171
6,paraclone1,1344,90,87,1635560186_8543.png,1635560186_8543_gfp.png,1635560186_8543_ph.png,416,708,506,795,2781,4604,2871,4691,2365,3896,3709,5240,2,348,172
6,paraclone6,1344,33,45,1635560186_8543.png,1635560186_8543_gfp.png,1635560186_8543_ph.png,466,1223,499,1268,2831,5119,2864,5164,2365,3896,3709,5240,2,349,172
6,paraclone1,1344,90,87,1635560188_08864.png,1635560188_08864_gfp.png,1635560188_08864_ph.png,624,588,714,675,2781,4604,2871,4691,2157,4016,3501,5360,2,350,173
6,paraclone6,1344,33,45,1635560188_08864.png,1635560188_08864_gfp.png,1635560188_08864_ph.png,674,1103,707,1148,2831,5119,2864,5164,2157,4016,3501,5360,2,351,173
6,paraclone6,1344,33,45,1635560189_300462.png,1635560189_300462_gfp.png,1635560189_300462_ph.png,438,409,471,454,2831,5119,2864,5164,2393,4710,3737,6054,2,352,174
6,paraclone7,1344,69,84,1635560189_300462.png,1635560189_300462_gfp.png,1635560189_300462_ph.png,628,791,697,875,3021,5501,3090,5585,2393,4710,3737,6054,2,353,174
6,paraclone1,1344,90,87,1635560190_5516438.png,1635560190_5516438_gfp.png,1635560190_5516438_ph.png,169,107,259,194,2781,4604,2871,4691,2612,4497,3956,5841,2,354,175
6,paraclone6,1344,33,45,1635560190_5516438.png,1635560190_5516438_gfp.png,1635560190_5516438_ph.png,219,622,252,667,2831,5119,2864,5164,2612,4497,3956,5841,2,355,175
6,paraclone7,1344,69,84,1635560190_5516438.png,1635560190_5516438_gfp.png,1635560190_5516438_ph.png,409,1004,478,1088,3021,5501,3090,5585,2612,4497,3956,5841,2,356,175
6,paraclone1,1344,90,87,1635560191_746138.png,1635560191_746138_gfp.png,1635560191_746138_ph.png,83,644,173,731,2781,4604,2871,4691,2698,3960,4042,5304,2,357,176
6,paraclone6,1344,33,45,1635560191_746138.png,1635560191_746138_gfp.png,1635560191_746138_ph.png,133,1159,166,1204,2831,5119,2864,5164,2698,3960,4042,5304,2,358,176
6,paraclone6,1344,33,45,1635560192_948607.png,1635560192_948607_gfp.png,1635560192_948607_ph.png,756,174,789,219,2831,5119,2864,5164,2075,4945,3419,6289,2,359,177
6,paraclone7,1344,69,84,1635560192_948607.png,1635560192_948607_gfp.png,1635560192_948607_ph.png,946,556,1015,640,3021,5501,3090,5585,2075,4945,3419,6289,2,360,177
6,paraclone1,1344,90,87,1635560194_138746.png,1635560194_138746_gfp.png,1635560194_138746_ph.png,393,729,483,816,2781,4604,2871,4691,2388,3875,3732,5219,2,361,178
6,paraclone6,1344,33,45,1635560194_138746.png,1635560194_138746_gfp.png,1635560194_138746_ph.png,443,1244,476,1289,2831,5119,2864,5164,2388,3875,3732,5219,2,362,178
6,paraclone6,1344,33,45,1635560195_345359.png,1635560195_345359_gfp.png,1635560195_345359_ph.png,35,695,68,740,2831,5119,2864,5164,2796,4424,4140,5768,2,363,179
6,paraclone7,1344,69,84,1635560195_345359.png,1635560195_345359_gfp.png,1635560195_345359_ph.png,225,1077,294,1161,3021,5501,3090,5585,2796,4424,4140,5768,2,364,179
6,paraclone1,1344,90,87,1635560196_552972.png,1635560196_552972_gfp.png,1635560196_552972_ph.png,530,224,620,311,2781,4604,2871,4691,2251,4380,3595,5724,2,365,180
6,paraclone6,1344,33,45,1635560196_552972.png,1635560196_552972_gfp.png,1635560196_552972_ph.png,580,739,613,784,2831,5119,2864,5164,2251,4380,3595,5724,2,366,180
6,paraclone7,1344,69,84,1635560196_552972.png,1635560196_552972_gfp.png,1635560196_552972_ph.png,770,1121,839,1205,3021,5501,3090,5585,2251,4380,3595,5724,2,367,180
6,paraclone6,1344,33,45,1635560197_754934.png,1635560197_754934_gfp.png,1635560197_754934_ph.png,927,63,960,108,2831,5119,2864,5164,1904,5056,3248,6400,2,368,181
6,paraclone7,1344,69,84,1635560197_754934.png,1635560197_754934_gfp.png,1635560197_754934_ph.png,1117,445,1186,529,3021,5501,3090,5585,1904,5056,3248,6400,2,369,181
6,meroclone7,1344,148,140,1635560198_954224.png,1635560198_954224_gfp.png,1635560198_954224_ph.png,1173,927,1321,1067,4156,5819,4304,5959,2983,4892,4327,6236,2,370,182
6,paraclone7,1344,69,84,1635560198_954224.png,1635560198_954224_gfp.png,1635560198_954224_ph.png,38,609,107,693,3021,5501,3090,5585,2983,4892,4327,6236,2,371,182
6,meroclone8,1344,156,205,1635560198_954224.png,1635560198_954224_gfp.png,1635560198_954224_ph.png,861,672,1017,877,3844,5564,4000,5769,2983,4892,4327,6236,2,372,182
6,paraclone7,1344,69,84,1635560200_13795.png,1635560200_13795_gfp.png,1635560200_13795_ph.png,759,276,828,360,3021,5501,3090,5585,2262,5225,3606,6569,2,373,183
6,paraclone7,1344,69,84,1635560201_321567.png,1635560201_321567_gfp.png,1635560201_321567_ph.png,1202,333,1271,417,3021,5501,3090,5585,1819,5168,3163,6512,2,374,184
6,paraclone7,1344,69,84,1635560202_5089762.png,1635560202_5089762_gfp.png,1635560202_5089762_ph.png,918,348,987,432,3021,5501,3090,5585,2103,5153,3447,6497,2,375,185
6,paraclone6,1344,33,45,1635560203_7095501.png,1635560203_7095501_gfp.png,1635560203_7095501_ph.png,745,345,778,390,2831,5119,2864,5164,2086,4774,3430,6118,2,376,186
6,paraclone7,1344,69,84,1635560203_7095501.png,1635560203_7095501_gfp.png,1635560203_7095501_ph.png,935,727,1004,811,3021,5501,3090,5585,2086,4774,3430,6118,2,377,186
6,paraclone6,1344,33,45,1635560204_90153.png,1635560204_90153_gfp.png,1635560204_90153_ph.png,38,59,71,104,2831,5119,2864,5164,2793,5060,4137,6404,2,378,187
6,paraclone7,1344,69,84,1635560204_90153.png,1635560204_90153_gfp.png,1635560204_90153_ph.png,228,441,297,525,3021,5501,3090,5585,2793,5060,4137,6404,2,379,187
6,meroclone8,1344,156,205,1635560204_90153.png,1635560204_90153_gfp.png,1635560204_90153_ph.png,1051,504,1207,709,3844,5564,4000,5769,2793,5060,4137,6404,2,380,187
6,paraclone6,1344,33,45,1635560206_095975.png,1635560206_095975_gfp.png,1635560206_095975_ph.png,938,490,971,535,2831,5119,2864,5164,1893,4629,3237,5973,2,381,188
6,paraclone7,1344,69,84,1635560206_095975.png,1635560206_095975_gfp.png,1635560206_095975_ph.png,1128,872,1197,956,3021,5501,3090,5585,1893,4629,3237,5973,2,382,188
6,paraclone7,1344,69,84,1635560207_291604.png,1635560207_291604_gfp.png,1635560207_291604_ph.png,84,1048,153,1132,3021,5501,3090,5585,2937,4453,4281,5797,2,383,189
6,meroclone8,1344,156,205,1635560207_291604.png,1635560207_291604_gfp.png,1635560207_291604_ph.png,907,1111,1063,1316,3844,5564,4000,5769,2937,4453,4281,5797,2,384,189
6,holoclone6,1344,251,236,1635560208_499997.png,1635560208_499997_gfp.png,1635560208_499997_ph.png,822,312,1073,548,4369,3033,4620,3269,3547,2721,4891,4065,2,385,190
6,paraclone9,1344,144,115,1635560208_499997.png,1635560208_499997_gfp.png,1635560208_499997_ph.png,437,736,581,851,3984,3457,4128,3572,3547,2721,4891,4065,2,386,190
6,meroclone9,1344,78,83,1635560208_499997.png,1635560208_499997_gfp.png,1635560208_499997_ph.png,1134,2,1212,85,4681,2723,4759,2806,3547,2721,4891,4065,2,387,190
6,paraclone2,1344,28,31,1635560209_7061021.png,1635560209_7061021_gfp.png,1635560209_7061021_ph.png,209,987,237,1018,4042,4138,4070,4169,3833,3151,5177,4495,2,388,191
6,paraclone9,1344,144,115,1635560209_7061021.png,1635560209_7061021_gfp.png,1635560209_7061021_ph.png,151,306,295,421,3984,3457,4128,3572,3833,3151,5177,4495,2,389,191
6,paraclone2,1344,28,31,1635560210_901877.png,1635560210_901877_gfp.png,1635560210_901877_ph.png,825,683,853,714,4042,4138,4070,4169,3217,3455,4561,4799,2,390,192
6,paraclone9,1344,144,115,1635560210_901877.png,1635560210_901877_gfp.png,1635560210_901877_ph.png,767,2,911,117,3984,3457,4128,3572,3217,3455,4561,4799,2,391,192
6,holoclone6,1344,251,236,1635560212_097397.png,1635560212_097397_gfp.png,1635560212_097397_ph.png,455,293,706,529,4369,3033,4620,3269,3914,2740,5258,4084,2,392,193
6,paraclone9,1344,144,115,1635560212_097397.png,1635560212_097397_gfp.png,1635560212_097397_ph.png,70,717,214,832,3984,3457,4128,3572,3914,2740,5258,4084,2,393,193
6,paraclone9,1344,144,115,1635560213_30093.png,1635560213_30093_gfp.png,1635560213_30093_ph.png,971,1199,1115,1314,3984,3457,4128,3572,3013,2258,4357,3602,2,394,194
6,paraclone18,1344,56,46,1635560213_30093.png,1635560213_30093_gfp.png,1635560213_30093_ph.png,880,195,936,241,3893,2453,3949,2499,3013,2258,4357,3602,2,395,194
6,paraclone2,1344,28,31,1635560214_501282.png,1635560214_501282_gfp.png,1635560214_501282_ph.png,1119,1232,1147,1263,4042,4138,4070,4169,2923,2906,4267,4250,2,396,195
6,paraclone9,1344,144,115,1635560214_501282.png,1635560214_501282_gfp.png,1635560214_501282_ph.png,1061,551,1205,666,3984,3457,4128,3572,2923,2906,4267,4250,2,397,195
6,paraclone2,1344,28,31,1635560215_703107.png,1635560215_703107_gfp.png,1635560215_703107_ph.png,615,791,643,822,4042,4138,4070,4169,3427,3347,4771,4691,2,398,196
6,paraclone9,1344,144,115,1635560215_703107.png,1635560215_703107_gfp.png,1635560215_703107_ph.png,557,110,701,225,3984,3457,4128,3572,3427,3347,4771,4691,2,399,196
6,paraclone2,1344,28,31,1635560216_894787.png,1635560216_894787_gfp.png,1635560216_894787_ph.png,1016,713,1044,744,4042,4138,4070,4169,3026,3425,4370,4769,2,400,197
6,paraclone9,1344,144,115,1635560216_894787.png,1635560216_894787_gfp.png,1635560216_894787_ph.png,958,32,1102,147,3984,3457,4128,3572,3026,3425,4370,4769,2,401,197
6,holoclone6,1344,251,236,1635560218_143407.png,1635560218_143407_gfp.png,1635560218_143407_ph.png,545,264,796,500,4369,3033,4620,3269,3824,2769,5168,4113,2,402,198
6,paraclone9,1344,144,115,1635560218_143407.png,1635560218_143407_gfp.png,1635560218_143407_ph.png,160,688,304,803,3984,3457,4128,3572,3824,2769,5168,4113,2,403,198
6,holoclone6,1344,251,236,1635560219_349824.png,1635560219_349824_gfp.png,1635560219_349824_ph.png,473,576,724,812,4369,3033,4620,3269,3896,2457,5240,3801,2,404,199
6,paraclone9,1344,144,115,1635560219_349824.png,1635560219_349824_gfp.png,1635560219_349824_ph.png,88,1000,232,1115,3984,3457,4128,3572,3896,2457,5240,3801,2,405,199
6,meroclone9,1344,78,83,1635560219_349824.png,1635560219_349824_gfp.png,1635560219_349824_ph.png,785,266,863,349,4681,2723,4759,2806,3896,2457,5240,3801,2,406,199
6,holoclone7,1344,105,117,1635560220_574341.png,1635560220_574341_gfp.png,1635560220_574341_ph.png,938,1051,1043,1168,3344,1098,3449,1215,2406,47,3750,1391,2,407,200
6,paraclone15,1344,46,50,1635560220_574341.png,1635560220_574341_gfp.png,1635560220_574341_ph.png,775,717,821,767,3181,764,3227,814,2406,47,3750,1391,2,408,200
6,paraclone16,1344,51,56,1635560220_574341.png,1635560220_574341_gfp.png,1635560220_574341_ph.png,1146,644,1197,700,3552,691,3603,747,2406,47,3750,1391,2,409,200
6,holoclone7,1344,105,117,1635560221_755778.png,1635560221_755778_gfp.png,1635560221_755778_ph.png,583,666,688,783,3344,1098,3449,1215,2761,432,4105,1776,2,410,201
6,paraclone15,1344,46,50,1635560221_755778.png,1635560221_755778_gfp.png,1635560221_755778_ph.png,420,332,466,382,3181,764,3227,814,2761,432,4105,1776,2,411,201
6,paraclone16,1344,51,56,1635560221_755778.png,1635560221_755778_gfp.png,1635560221_755778_ph.png,791,259,842,315,3552,691,3603,747,2761,432,4105,1776,2,412,201
6,holoclone7,1344,105,117,1635560222_970645.png,1635560222_970645_gfp.png,1635560222_970645_ph.png,741,1098,846,1215,3344,1098,3449,1215,2603,0,3947,1344,2,413,202
6,paraclone15,1344,46,50,1635560222_970645.png,1635560222_970645_gfp.png,1635560222_970645_ph.png,578,764,624,814,3181,764,3227,814,2603,0,3947,1344,2,414,202
6,paraclone16,1344,51,56,1635560222_970645.png,1635560222_970645_gfp.png,1635560222_970645_ph.png,949,691,1000,747,3552,691,3603,747,2603,0,3947,1344,2,415,202
6,holoclone7,1344,105,117,1635560224_154785.png,1635560224_154785_gfp.png,1635560224_154785_ph.png,708,1046,813,1163,3344,1098,3449,1215,2636,52,3980,1396,2,416,203
6,paraclone15,1344,46,50,1635560224_154785.png,1635560224_154785_gfp.png,1635560224_154785_ph.png,545,712,591,762,3181,764,3227,814,2636,52,3980,1396,2,417,203
6,paraclone16,1344,51,56,1635560224_154785.png,1635560224_154785_gfp.png,1635560224_154785_ph.png,916,639,967,695,3552,691,3603,747,2636,52,3980,1396,2,418,203
6,holoclone7,1344,105,117,1635560225_3389592.png,1635560225_3389592_gfp.png,1635560225_3389592_ph.png,357,789,462,906,3344,1098,3449,1215,2987,309,4331,1653,2,419,204
6,meroclone9,1344,106,111,1635560225_3389592.png,1635560225_3389592_gfp.png,1635560225_3389592_ph.png,1198,332,1304,443,4185,641,4291,752,2987,309,4331,1653,2,420,204
6,paraclone15,1344,46,50,1635560225_3389592.png,1635560225_3389592_gfp.png,1635560225_3389592_ph.png,194,455,240,505,3181,764,3227,814,2987,309,4331,1653,2,421,204
6,paraclone16,1344,51,56,1635560225_3389592.png,1635560225_3389592_gfp.png,1635560225_3389592_ph.png,565,382,616,438,3552,691,3603,747,2987,309,4331,1653,2,422,204
6,paraclone19,1344,84,97,1635560225_3389592.png,1635560225_3389592_gfp.png,1635560225_3389592_ph.png,1210,1231,1294,1328,4197,1540,4281,1637,2987,309,4331,1653,2,423,204
6,holoclone7,1344,105,117,1635560226_524011.png,1635560226_524011_gfp.png,1635560226_524011_ph.png,1110,623,1215,740,3344,1098,3449,1215,2234,475,3578,1819,2,424,205
6,paraclone13,1344,49,49,1635560226_524011.png,1635560226_524011_gfp.png,1635560226_524011_ph.png,212,1266,261,1315,2446,1741,2495,1790,2234,475,3578,1819,2,425,205
6,paraclone14,1344,45,61,1635560226_524011.png,1635560226_524011_gfp.png,1635560226_524011_ph.png,58,1075,103,1136,2292,1550,2337,1611,2234,475,3578,1819,2,426,205
6,paraclone15,1344,46,50,1635560226_524011.png,1635560226_524011_gfp.png,1635560226_524011_ph.png,947,289,993,339,3181,764,3227,814,2234,475,3578,1819,2,427,205
6,paraclone20,1344,58,49,1635560226_524011.png,1635560226_524011_gfp.png,1635560226_524011_ph.png,27,651,85,700,2261,1126,2319,1175,2234,475,3578,1819,2,428,205
6,holoclone7,1344,105,117,1635560227_706204.png,1635560227_706204_gfp.png,1635560227_706204_ph.png,1152,750,1257,867,3344,1098,3449,1215,2192,348,3536,1692,2,429,206
6,paraclone14,1344,45,61,1635560227_706204.png,1635560227_706204_gfp.png,1635560227_706204_ph.png,100,1202,145,1263,2292,1550,2337,1611,2192,348,3536,1692,2,430,206
6,paraclone15,1344,46,50,1635560227_706204.png,1635560227_706204_gfp.png,1635560227_706204_ph.png,989,416,1035,466,3181,764,3227,814,2192,348,3536,1692,2,431,206
6,paraclone20,1344,58,49,1635560227_706204.png,1635560227_706204_gfp.png,1635560227_706204_ph.png,69,778,127,827,2261,1126,2319,1175,2192,348,3536,1692,2,432,206
6,holoclone7,1344,105,117,1635560228_8848.png,1635560228_8848_gfp.png,1635560228_8848_ph.png,1081,154,1186,271,3344,1098,3449,1215,2263,944,3607,2288,2,433,207
6,paraclone13,1344,49,49,1635560228_8848.png,1635560228_8848_gfp.png,1635560228_8848_ph.png,183,797,232,846,2446,1741,2495,1790,2263,944,3607,2288,2,434,207
6,paraclone14,1344,45,61,1635560228_8848.png,1635560228_8848_gfp.png,1635560228_8848_ph.png,29,606,74,667,2292,1550,2337,1611,2263,944,3607,2288,2,435,207
6,holoclone7,1344,105,117,1635560230_072961.png,1635560230_072961_gfp.png,1635560230_072961_ph.png,1110,692,1215,809,3344,1098,3449,1215,2234,406,3578,1750,2,436,208
6,paraclone14,1344,45,61,1635560230_072961.png,1635560230_072961_gfp.png,1635560230_072961_ph.png,58,1144,103,1205,2292,1550,2337,1611,2234,406,3578,1750,2,437,208
6,paraclone15,1344,46,50,1635560230_072961.png,1635560230_072961_gfp.png,1635560230_072961_ph.png,947,358,993,408,3181,764,3227,814,2234,406,3578,1750,2,438,208
6,paraclone20,1344,58,49,1635560230_072961.png,1635560230_072961_gfp.png,1635560230_072961_ph.png,27,720,85,769,2261,1126,2319,1175,2234,406,3578,1750,2,439,208
6,holoclone7,1344,105,117,1635560231_2704651.png,1635560231_2704651_gfp.png,1635560231_2704651_ph.png,143,1098,248,1215,3344,1098,3449,1215,3201,0,4545,1344,2,440,209
6,meroclone9,1344,106,111,1635560231_2704651.png,1635560231_2704651_gfp.png,1635560231_2704651_ph.png,984,641,1090,752,4185,641,4291,752,3201,0,4545,1344,2,441,209
6,paraclone16,1344,51,56,1635560231_2704651.png,1635560231_2704651_gfp.png,1635560231_2704651_ph.png,351,691,402,747,3552,691,3603,747,3201,0,4545,1344,2,442,209
6,paraclone24,1344,67,64,1635560231_2704651.png,1635560231_2704651_gfp.png,1635560231_2704651_ph.png,1069,534,1136,598,4270,534,4337,598,3201,0,4545,1344,2,443,209
6,paraclone11,1344,60,62,1635560232_446931.png,1635560232_446931_gfp.png,1635560232_446931_ph.png,320,1113,380,1175,5226,4446,5286,4508,4906,3333,6250,4677,2,444,210
6,holoclone3,1344,86,109,1635560233_634336.png,1635560233_634336_gfp.png,1635560233_634336_ph.png,1089,677,1175,786,5621,4683,5707,4792,4532,4006,5876,5350,2,445,211
6,paraclone11,1344,60,62,1635560233_634336.png,1635560233_634336_gfp.png,1635560233_634336_ph.png,694,440,754,502,5226,4446,5286,4508,4532,4006,5876,5350,2,446,211
6,holoclone3,1344,86,109,1635560234_8220549.png,1635560234_8220549_gfp.png,1635560234_8220549_ph.png,556,554,642,663,5621,4683,5707,4792,5065,4129,6409,5473,2,447,212
6,paraclone11,1344,60,62,1635560234_8220549.png,1635560234_8220549_gfp.png,1635560234_8220549_ph.png,161,317,221,379,5226,4446,5286,4508,5065,4129,6409,5473,2,448,212
6,holoclone3,1344,86,109,1635560236_014156.png,1635560236_014156_gfp.png,1635560236_014156_ph.png,1141,975,1227,1084,5621,4683,5707,4792,4480,3708,5824,5052,2,449,213
6,paraclone11,1344,60,62,1635560236_014156.png,1635560236_014156_gfp.png,1635560236_014156_ph.png,746,738,806,800,5226,4446,5286,4508,4480,3708,5824,5052,2,450,213
6,paraclone2,1344,28,31,1635560237_213717.png,1635560237_213717_gfp.png,1635560237_213717_ph.png,66,282,94,313,4042,4138,4070,4169,3976,3856,5320,5200,2,451,214
6,paraclone11,1344,60,62,1635560237_213717.png,1635560237_213717_gfp.png,1635560237_213717_ph.png,1250,590,1310,652,5226,4446,5286,4508,3976,3856,5320,5200,2,452,214
6,holoclone3,1344,86,109,1635560238_399372.png,1635560238_399372_gfp.png,1635560238_399372_ph.png,1162,379,1248,488,5621,4683,5707,4792,4459,4304,5803,5648,2,453,215
6,paraclone11,1344,60,62,1635560238_399372.png,1635560238_399372_gfp.png,1635560238_399372_ph.png,767,142,827,204,5226,4446,5286,4508,4459,4304,5803,5648,2,454,215
6,paraclone11,1344,60,62,1635560239_582297.png,1635560239_582297_gfp.png,1635560239_582297_ph.png,446,1050,506,1112,5226,4446,5286,4508,4780,3396,6124,4740,2,455,216
6,holoclone3,1344,86,109,1635560240_772501.png,1635560240_772501_gfp.png,1635560240_772501_ph.png,863,867,949,976,5621,4683,5707,4792,4758,3816,6102,5160,2,456,217
6,paraclone11,1344,60,62,1635560240_772501.png,1635560240_772501_gfp.png,1635560240_772501_ph.png,468,630,528,692,5226,4446,5286,4508,4758,3816,6102,5160,2,457,217
6,paraclone11,1344,60,62,1635560241_954724.png,1635560241_954724_gfp.png,1635560241_954724_ph.png,1166,27,1226,89,5226,4446,5286,4508,4060,4419,5404,5763,2,458,218
6,holoclone3,1344,86,109,1635560243_136721.png,1635560243_136721_gfp.png,1635560243_136721_ph.png,451,701,537,810,5621,4683,5707,4792,5170,3982,6514,5326,2,459,219
6,paraclone11,1344,60,62,1635560243_136721.png,1635560243_136721_gfp.png,1635560243_136721_ph.png,56,464,116,526,5226,4446,5286,4508,5170,3982,6514,5326,2,460,219
6,meroclone6,1344,67,61,1635560244_31541.png,1635560244_31541_gfp.png,1635560244_31541_ph.png,1252,1098,1319,1159,4301,6483,4368,6544,3049,5385,4393,6729,2,461,220
6,meroclone7,1344,148,140,1635560244_31541.png,1635560244_31541_gfp.png,1635560244_31541_ph.png,1107,434,1255,574,4156,5819,4304,5959,3049,5385,4393,6729,2,462,220
6,meroclone8,1344,156,205,1635560244_31541.png,1635560244_31541_gfp.png,1635560244_31541_ph.png,795,179,951,384,3844,5564,4000,5769,3049,5385,4393,6729,2,463,220
6,meroclone8,1344,156,205,1635560245_531672.png,1635560245_531672_gfp.png,1635560245_531672_ph.png,1167,57,1323,262,3844,5564,4000,5769,2677,5507,4021,6851,2,464,221
6,paraclone7,1344,69,84,1635560246_7170272.png,1635560246_7170272_gfp.png,1635560246_7170272_ph.png,94,1015,163,1099,3021,5501,3090,5585,2927,4486,4271,5830,2,465,222
6,meroclone8,1344,156,205,1635560246_7170272.png,1635560246_7170272_gfp.png,1635560246_7170272_ph.png,917,1078,1073,1283,3844,5564,4000,5769,2927,4486,4271,5830,2,466,222
6,meroclone7,1344,148,140,1635560248_019973.png,1635560248_019973_gfp.png,1635560248_019973_ph.png,1127,678,1275,818,4156,5819,4304,5959,3029,5141,4373,6485,2,467,223
6,meroclone8,1344,156,205,1635560248_019973.png,1635560248_019973_gfp.png,1635560248_019973_ph.png,815,423,971,628,3844,5564,4000,5769,3029,5141,4373,6485,2,468,223
6,paraclone7,1344,69,84,1635560249_203691.png,1635560249_203691_gfp.png,1635560249_203691_ph.png,99,492,168,576,3021,5501,3090,5585,2922,5009,4266,6353,2,469,224
6,meroclone8,1344,156,205,1635560249_203691.png,1635560249_203691_gfp.png,1635560249_203691_ph.png,922,555,1078,760,3844,5564,4000,5769,2922,5009,4266,6353,2,470,224
6,meroclone7,1344,148,140,1635560250_4001322.png,1635560250_4001322_gfp.png,1635560250_4001322_ph.png,1090,1011,1238,1151,4156,5819,4304,5959,3066,4808,4410,6152,2,471,225
6,meroclone8,1344,156,205,1635560250_4001322.png,1635560250_4001322_gfp.png,1635560250_4001322_ph.png,778,756,934,961,3844,5564,4000,5769,3066,4808,4410,6152,2,472,225
6,meroclone7,1344,148,140,1635560251_586487.png,1635560251_586487_gfp.png,1635560251_586487_ph.png,1164,1034,1312,1174,4156,5819,4304,5959,2992,4785,4336,6129,2,473,226
6,paraclone7,1344,69,84,1635560251_586487.png,1635560251_586487_gfp.png,1635560251_586487_ph.png,29,716,98,800,3021,5501,3090,5585,2992,4785,4336,6129,2,474,226
6,meroclone8,1344,156,205,1635560251_586487.png,1635560251_586487_gfp.png,1635560251_586487_ph.png,852,779,1008,984,3844,5564,4000,5769,2992,4785,4336,6129,2,475,226
6,meroclone6,1344,67,61,1635560252_775599.png,1635560252_775599_gfp.png,1635560252_775599_ph.png,973,1239,1040,1300,4301,6483,4368,6544,3328,5244,4672,6588,2,476,227
6,meroclone7,1344,148,140,1635560252_775599.png,1635560252_775599_gfp.png,1635560252_775599_ph.png,828,575,976,715,4156,5819,4304,5959,3328,5244,4672,6588,2,477,227
6,meroclone8,1344,156,205,1635560252_775599.png,1635560252_775599_gfp.png,1635560252_775599_ph.png,516,320,672,525,3844,5564,4000,5769,3328,5244,4672,6588,2,478,227
6,meroclone8,1344,156,205,1635560253_975614.png,1635560253_975614_gfp.png,1635560253_975614_ph.png,661,1135,817,1340,3844,5564,4000,5769,3183,4429,4527,5773,2,479,228
6,paraclone7,1344,69,84,1635560255_16735.png,1635560255_16735_gfp.png,1635560255_16735_ph.png,85,929,154,1013,3021,5501,3090,5585,2936,4572,4280,5916,2,480,229
6,meroclone8,1344,156,205,1635560255_16735.png,1635560255_16735_gfp.png,1635560255_16735_ph.png,908,992,1064,1197,3844,5564,4000,5769,2936,4572,4280,5916,2,481,229
6,holoclone6,1344,251,236,1635560256_368599.png,1635560256_368599_gfp.png,1635560256_368599_ph.png,193,795,444,1031,4369,3033,4620,3269,4176,2238,5520,3582,2,482,230
6,meroclone9,1344,78,83,1635560256_368599.png,1635560256_368599_gfp.png,1635560256_368599_ph.png,505,485,583,568,4681,2723,4759,2806,4176,2238,5520,3582,2,483,230
6,meroclone9,1344,78,83,1635560257_5676749.png,1635560257_5676749_gfp.png,1635560257_5676749_ph.png,853,919,931,1002,4681,2723,4759,2806,3828,1804,5172,3148,2,484,231
6,paraclone18,1344,56,46,1635560257_5676749.png,1635560257_5676749_gfp.png,1635560257_5676749_ph.png,65,649,121,695,3893,2453,3949,2499,3828,1804,5172,3148,2,485,231
6,paraclone25,1344,67,76,1635560257_5676749.png,1635560257_5676749_gfp.png,1635560257_5676749_ph.png,160,284,227,360,3988,2088,4055,2164,3828,1804,5172,3148,2,486,231
6,holoclone6,1344,251,236,1635560258_782219.png,1635560258_782219_gfp.png,1635560258_782219_ph.png,648,499,899,735,4369,3033,4620,3269,3721,2534,5065,3878,2,487,232
6,paraclone9,1344,144,115,1635560258_782219.png,1635560258_782219_gfp.png,1635560258_782219_ph.png,263,923,407,1038,3984,3457,4128,3572,3721,2534,5065,3878,2,488,232
6,meroclone9,1344,78,83,1635560258_782219.png,1635560258_782219_gfp.png,1635560258_782219_ph.png,960,189,1038,272,4681,2723,4759,2806,3721,2534,5065,3878,2,489,232
6,meroclone4,1344,89,83,1635560259_981977.png,1635560259_981977_gfp.png,1635560259_981977_ph.png,8,408,97,491,3773,2009,3862,2092,3765,1601,5109,2945,2,490,233
6,meroclone9,1344,78,83,1635560259_981977.png,1635560259_981977_gfp.png,1635560259_981977_ph.png,916,1122,994,1205,4681,2723,4759,2806,3765,1601,5109,2945,2,491,233
6,paraclone18,1344,56,46,1635560259_981977.png,1635560259_981977_gfp.png,1635560259_981977_ph.png,128,852,184,898,3893,2453,3949,2499,3765,1601,5109,2945,2,492,233
6,paraclone25,1344,67,76,1635560259_981977.png,1635560259_981977_gfp.png,1635560259_981977_ph.png,223,487,290,563,3988,2088,4055,2164,3765,1601,5109,2945,2,493,233
6,holoclone6,1344,251,236,1635560261_1791942.png,1635560261_1791942_gfp.png,1635560261_1791942_ph.png,853,635,1104,871,4369,3033,4620,3269,3516,2398,4860,3742,2,494,234
6,paraclone9,1344,144,115,1635560261_1791942.png,1635560261_1791942_gfp.png,1635560261_1791942_ph.png,468,1059,612,1174,3984,3457,4128,3572,3516,2398,4860,3742,2,495,234
6,meroclone9,1344,78,83,1635560261_1791942.png,1635560261_1791942_gfp.png,1635560261_1791942_ph.png,1165,325,1243,408,4681,2723,4759,2806,3516,2398,4860,3742,2,496,234
6,paraclone18,1344,56,46,1635560261_1791942.png,1635560261_1791942_gfp.png,1635560261_1791942_ph.png,377,55,433,101,3893,2453,3949,2499,3516,2398,4860,3742,2,497,234
6,meroclone4,1344,89,83,1635560262_379158.png,1635560262_379158_gfp.png,1635560262_379158_ph.png,82,253,171,336,3773,2009,3862,2092,3691,1756,5035,3100,2,498,235
6,meroclone9,1344,78,83,1635560262_379158.png,1635560262_379158_gfp.png,1635560262_379158_ph.png,990,967,1068,1050,4681,2723,4759,2806,3691,1756,5035,3100,2,499,235
6,paraclone18,1344,56,46,1635560262_379158.png,1635560262_379158_gfp.png,1635560262_379158_ph.png,202,697,258,743,3893,2453,3949,2499,3691,1756,5035,3100,2,500,235
6,paraclone25,1344,67,76,1635560262_379158.png,1635560262_379158_gfp.png,1635560262_379158_ph.png,297,332,364,408,3988,2088,4055,2164,3691,1756,5035,3100,2,501,235
6,holoclone6,1344,251,236,1635560263_5881238.png,1635560263_5881238_gfp.png,1635560263_5881238_ph.png,42,797,293,1033,4369,3033,4620,3269,4327,2236,5671,3580,2,502,236
6,meroclone9,1344,78,83,1635560263_5881238.png,1635560263_5881238_gfp.png,1635560263_5881238_ph.png,354,487,432,570,4681,2723,4759,2806,4327,2236,5671,3580,2,503,236
6,holoclone6,1344,251,236,1635560264_780266.png,1635560264_780266_gfp.png,1635560264_780266_ph.png,298,574,549,810,4369,3033,4620,3269,4071,2459,5415,3803,2,504,237
6,meroclone9,1344,78,83,1635560264_780266.png,1635560264_780266_gfp.png,1635560264_780266_ph.png,610,264,688,347,4681,2723,4759,2806,4071,2459,5415,3803,2,505,237
6,holoclone6,1344,251,236,1635560265_998285.png,1635560265_998285_gfp.png,1635560265_998285_ph.png,897,979,1148,1215,4369,3033,4620,3269,3472,2054,4816,3398,2,506,238
6,meroclone9,1344,78,83,1635560265_998285.png,1635560265_998285_gfp.png,1635560265_998285_ph.png,1209,669,1287,752,4681,2723,4759,2806,3472,2054,4816,3398,2,507,238
6,paraclone17,1344,81,96,1635560265_998285.png,1635560265_998285_gfp.png,1635560265_998285_ph.png,217,166,298,262,3689,2220,3770,2316,3472,2054,4816,3398,2,508,238
6,paraclone18,1344,56,46,1635560265_998285.png,1635560265_998285_gfp.png,1635560265_998285_ph.png,421,399,477,445,3893,2453,3949,2499,3472,2054,4816,3398,2,509,238
6,paraclone25,1344,67,76,1635560265_998285.png,1635560265_998285_gfp.png,1635560265_998285_ph.png,516,34,583,110,3988,2088,4055,2164,3472,2054,4816,3398,2,510,238
6,meroclone9,1344,78,83,1635560267_222309.png,1635560267_222309_gfp.png,1635560267_222309_ph.png,286,603,364,686,4681,2723,4759,2806,4395,2120,5739,3464,2,511,239
6,holoclone4,1344,186,213,1635560268_415968.png,1635560268_415968_gfp.png,1635560268_415968_ph.png,841,45,1027,258,1726,1335,1912,1548,885,1290,2229,2634,2,512,240
6,paraclone12,1344,73,71,1635560268_415968.png,1635560268_415968_gfp.png,1635560268_415968_ph.png,391,375,464,446,1276,1665,1349,1736,885,1290,2229,2634,2,513,240
6,holoclone4,1344,186,213,1635560269_605209.png,1635560269_605209_gfp.png,1635560269_605209_ph.png,604,59,790,272,1726,1335,1912,1548,1122,1276,2466,2620,2,514,241
6,paraclone12,1344,73,71,1635560269_605209.png,1635560269_605209_gfp.png,1635560269_605209_ph.png,154,389,227,460,1276,1665,1349,1736,1122,1276,2466,2620,2,515,241
6,paraclone14,1344,45,61,1635560269_605209.png,1635560269_605209_gfp.png,1635560269_605209_ph.png,1170,274,1215,335,2292,1550,2337,1611,1122,1276,2466,2620,2,516,241
6,paraclone4,1344,44,55,1635560270_790304.png,1635560270_790304_gfp.png,1635560270_790304_ph.png,436,122,480,177,810,1339,854,1394,374,1217,1718,2561,2,517,242
6,paraclone12,1344,73,71,1635560270_790304.png,1635560270_790304_gfp.png,1635560270_790304_ph.png,902,448,975,519,1276,1665,1349,1736,374,1217,1718,2561,2,518,242
6,meroclone1,1344,81,80,1635560271_9696572.png,1635560271_9696572_gfp.png,1635560271_9696572_ph.png,937,1168,1018,1248,2150,2734,2231,2814,1213,1566,2557,2910,2,519,243
6,meroclone2,1344,117,119,1635560271_9696572.png,1635560271_9696572_gfp.png,1635560271_9696572_ph.png,229,1173,346,1292,1442,2739,1559,2858,1213,1566,2557,2910,2,520,243
6,paraclone12,1344,73,71,1635560271_9696572.png,1635560271_9696572_gfp.png,1635560271_9696572_ph.png,63,99,136,170,1276,1665,1349,1736,1213,1566,2557,2910,2,521,243
6,paraclone13,1344,49,49,1635560271_9696572.png,1635560271_9696572_gfp.png,1635560271_9696572_ph.png,1233,175,1282,224,2446,1741,2495,1790,1213,1566,2557,2910,2,522,243
6,paraclone4,1344,44,55,1635560273_1514869.png,1635560273_1514869_gfp.png,1635560273_1514869_ph.png,21,322,65,377,810,1339,854,1394,789,1017,2133,2361,2,523,244
6,holoclone4,1344,186,213,1635560273_1514869.png,1635560273_1514869_gfp.png,1635560273_1514869_ph.png,937,318,1123,531,1726,1335,1912,1548,789,1017,2133,2361,2,524,244
6,paraclone12,1344,73,71,1635560273_1514869.png,1635560273_1514869_gfp.png,1635560273_1514869_ph.png,487,648,560,719,1276,1665,1349,1736,789,1017,2133,2361,2,525,244
6,holoclone4,1344,186,213,1635560274_339264.png,1635560274_339264_gfp.png,1635560274_339264_ph.png,676,891,862,1104,1726,1335,1912,1548,1050,444,2394,1788,2,526,245
6,paraclone12,1344,73,71,1635560274_339264.png,1635560274_339264_gfp.png,1635560274_339264_ph.png,226,1221,299,1292,1276,1665,1349,1736,1050,444,2394,1788,2,527,245
6,paraclone14,1344,45,61,1635560274_339264.png,1635560274_339264_gfp.png,1635560274_339264_ph.png,1242,1106,1287,1167,2292,1550,2337,1611,1050,444,2394,1788,2,528,245
6,paraclone20,1344,58,49,1635560274_339264.png,1635560274_339264_gfp.png,1635560274_339264_ph.png,1211,682,1269,731,2261,1126,2319,1175,1050,444,2394,1788,2,529,245
6,meroclone1,1344,81,80,1635560275_5387468.png,1635560275_5387468_gfp.png,1635560275_5387468_ph.png,1104,1180,1185,1260,2150,2734,2231,2814,1046,1554,2390,2898,2,530,246
6,meroclone2,1344,117,119,1635560275_5387468.png,1635560275_5387468_gfp.png,1635560275_5387468_ph.png,396,1185,513,1304,1442,2739,1559,2858,1046,1554,2390,2898,2,531,246
6,paraclone12,1344,73,71,1635560275_5387468.png,1635560275_5387468_gfp.png,1635560275_5387468_ph.png,230,111,303,182,1276,1665,1349,1736,1046,1554,2390,2898,2,532,246
6,paraclone4,1344,44,55,1635560276_7557719.png,1635560276_7557719_gfp.png,1635560276_7557719_ph.png,603,31,647,86,810,1339,854,1394,207,1308,1551,2652,2,533,247
6,paraclone12,1344,73,71,1635560276_7557719.png,1635560276_7557719_gfp.png,1635560276_7557719_ph.png,1069,357,1142,428,1276,1665,1349,1736,207,1308,1551,2652,2,534,247
6,holoclone4,1344,186,213,1635560277_946033.png,1635560277_946033_gfp.png,1635560277_946033_ph.png,729,651,915,864,1726,1335,1912,1548,997,684,2341,2028,2,535,248
6,paraclone12,1344,73,71,1635560277_946033.png,1635560277_946033_gfp.png,1635560277_946033_ph.png,279,981,352,1052,1276,1665,1349,1736,997,684,2341,2028,2,536,248
6,paraclone14,1344,45,61,1635560277_946033.png,1635560277_946033_gfp.png,1635560277_946033_ph.png,1295,866,1340,927,2292,1550,2337,1611,997,684,2341,2028,2,537,248
6,paraclone20,1344,58,49,1635560277_946033.png,1635560277_946033_gfp.png,1635560277_946033_ph.png,1264,442,1322,491,2261,1126,2319,1175,997,684,2341,2028,2,538,248
6,paraclone4,1344,44,55,1635560279_1368399.png,1635560279_1368399_gfp.png,1635560279_1368399_ph.png,438,594,482,649,810,1339,854,1394,372,745,1716,2089,2,539,249
6,paraclone12,1344,73,71,1635560279_1368399.png,1635560279_1368399_gfp.png,1635560279_1368399_ph.png,904,920,977,991,1276,1665,1349,1736,372,745,1716,2089,2,540,249
6,paraclone13,1344,49,49,1635560280_329689.png,1635560280_329689_gfp.png,1635560280_329689_ph.png,156,267,205,316,2446,1741,2495,1790,2290,1474,3634,2818,2,541,250
6,paraclone14,1344,45,61,1635560280_329689.png,1635560280_329689_gfp.png,1635560280_329689_ph.png,2,76,47,137,2292,1550,2337,1611,2290,1474,3634,2818,2,542,250
6,holoclone4,1344,186,213,1635560281_517992.png,1635560281_517992_gfp.png,1635560281_517992_ph.png,378,471,564,684,1726,1335,1912,1548,1348,864,2692,2208,2,543,251
6,paraclone13,1344,49,49,1635560281_517992.png,1635560281_517992_gfp.png,1635560281_517992_ph.png,1098,877,1147,926,2446,1741,2495,1790,1348,864,2692,2208,2,544,251
6,paraclone14,1344,45,61,1635560281_517992.png,1635560281_517992_gfp.png,1635560281_517992_ph.png,944,686,989,747,2292,1550,2337,1611,1348,864,2692,2208,2,545,251
6,paraclone20,1344,58,49,1635560281_517992.png,1635560281_517992_gfp.png,1635560281_517992_ph.png,913,262,971,311,2261,1126,2319,1175,1348,864,2692,2208,2,546,251
6,holoclone4,1344,186,213,1635560282_700813.png,1635560282_700813_gfp.png,1635560282_700813_ph.png,263,809,449,1022,1726,1335,1912,1548,1463,526,2807,1870,2,547,252
6,paraclone13,1344,49,49,1635560282_700813.png,1635560282_700813_gfp.png,1635560282_700813_ph.png,983,1215,1032,1264,2446,1741,2495,1790,1463,526,2807,1870,2,548,252
6,paraclone14,1344,45,61,1635560282_700813.png,1635560282_700813_gfp.png,1635560282_700813_ph.png,829,1024,874,1085,2292,1550,2337,1611,1463,526,2807,1870,2,549,252
6,paraclone20,1344,58,49,1635560282_700813.png,1635560282_700813_gfp.png,1635560282_700813_ph.png,798,600,856,649,2261,1126,2319,1175,1463,526,2807,1870,2,550,252
6,holoclone4,1344,186,213,1635560283_883449.png,1635560283_883449_gfp.png,1635560283_883449_ph.png,249,808,435,1021,1726,1335,1912,1548,1477,527,2821,1871,2,551,253
6,paraclone13,1344,49,49,1635560283_883449.png,1635560283_883449_gfp.png,1635560283_883449_ph.png,969,1214,1018,1263,2446,1741,2495,1790,1477,527,2821,1871,2,552,253
6,paraclone14,1344,45,61,1635560283_883449.png,1635560283_883449_gfp.png,1635560283_883449_ph.png,815,1023,860,1084,2292,1550,2337,1611,1477,527,2821,1871,2,553,253
6,paraclone20,1344,58,49,1635560283_883449.png,1635560283_883449_gfp.png,1635560283_883449_ph.png,784,599,842,648,2261,1126,2319,1175,1477,527,2821,1871,2,554,253
6,holoclone4,1344,186,213,1635560285_0744371.png,1635560285_0744371_gfp.png,1635560285_0744371_ph.png,461,126,647,339,1726,1335,1912,1548,1265,1209,2609,2553,2,555,254
6,paraclone12,1344,73,71,1635560285_0744371.png,1635560285_0744371_gfp.png,1635560285_0744371_ph.png,11,456,84,527,1276,1665,1349,1736,1265,1209,2609,2553,2,556,254
6,paraclone13,1344,49,49,1635560285_0744371.png,1635560285_0744371_gfp.png,1635560285_0744371_ph.png,1181,532,1230,581,2446,1741,2495,1790,1265,1209,2609,2553,2,557,254
6,paraclone14,1344,45,61,1635560285_0744371.png,1635560285_0744371_gfp.png,1635560285_0744371_ph.png,1027,341,1072,402,2292,1550,2337,1611,1265,1209,2609,2553,2,558,254
6,holoclone4,1344,186,213,1635560286_254802.png,1635560286_254802_gfp.png,1635560286_254802_ph.png,497,533,683,746,1726,1335,1912,1548,1229,802,2573,2146,2,559,255
6,paraclone12,1344,73,71,1635560286_254802.png,1635560286_254802_gfp.png,1635560286_254802_ph.png,47,863,120,934,1276,1665,1349,1736,1229,802,2573,2146,2,560,255
6,paraclone13,1344,49,49,1635560286_254802.png,1635560286_254802_gfp.png,1635560286_254802_ph.png,1217,939,1266,988,2446,1741,2495,1790,1229,802,2573,2146,2,561,255
6,paraclone14,1344,45,61,1635560286_254802.png,1635560286_254802_gfp.png,1635560286_254802_ph.png,1063,748,1108,809,2292,1550,2337,1611,1229,802,2573,2146,2,562,255
6,paraclone20,1344,58,49,1635560286_254802.png,1635560286_254802_gfp.png,1635560286_254802_ph.png,1032,324,1090,373,2261,1126,2319,1175,1229,802,2573,2146,2,563,255
6,meroclone1,1344,81,80,1635560287_444994.png,1635560287_444994_gfp.png,1635560287_444994_ph.png,543,1225,624,1305,2150,2734,2231,2814,1607,1509,2951,2853,2,564,256
6,paraclone13,1344,49,49,1635560287_444994.png,1635560287_444994_gfp.png,1635560287_444994_ph.png,839,232,888,281,2446,1741,2495,1790,1607,1509,2951,2853,2,565,256
6,paraclone14,1344,45,61,1635560287_444994.png,1635560287_444994_gfp.png,1635560287_444994_ph.png,685,41,730,102,2292,1550,2337,1611,1607,1509,2951,2853,2,566,256
6,paraclone13,1344,49,49,1635560288_632784.png,1635560288_632784_gfp.png,1635560288_632784_ph.png,261,224,310,273,2446,1741,2495,1790,2185,1517,3529,2861,2,567,257
6,paraclone14,1344,45,61,1635560288_632784.png,1635560288_632784_gfp.png,1635560288_632784_ph.png,107,33,152,94,2292,1550,2337,1611,2185,1517,3529,2861,2,568,257
6,holoclone4,1344,186,213,1635560289_820742.png,1635560289_820742_gfp.png,1635560289_820742_ph.png,156,118,342,331,1726,1335,1912,1548,1570,1217,2914,2561,2,569,258
6,paraclone13,1344,49,49,1635560289_820742.png,1635560289_820742_gfp.png,1635560289_820742_ph.png,876,524,925,573,2446,1741,2495,1790,1570,1217,2914,2561,2,570,258
6,paraclone14,1344,45,61,1635560289_820742.png,1635560289_820742_gfp.png,1635560289_820742_ph.png,722,333,767,394,2292,1550,2337,1611,1570,1217,2914,2561,2,571,258
6,paraclone13,1344,49,49,1635560291_014907.png,1635560291_014907_gfp.png,1635560291_014907_ph.png,259,98,308,147,2446,1741,2495,1790,2187,1643,3531,2987,2,572,259
6,paraclone13,1344,49,49,1635560292_21371.png,1635560292_21371_gfp.png,1635560292_21371_ph.png,720,405,769,454,2446,1741,2495,1790,1726,1336,3070,2680,2,573,260
6,paraclone14,1344,45,61,1635560292_21371.png,1635560292_21371_gfp.png,1635560292_21371_ph.png,566,214,611,275,2292,1550,2337,1611,1726,1336,3070,2680,2,574,260
6,holoclone4,1344,186,213,1635560293_39789.png,1635560293_39789_gfp.png,1635560293_39789_ph.png,658,981,844,1194,1726,1335,1912,1548,1068,354,2412,1698,2,575,261
6,paraclone14,1344,45,61,1635560293_39789.png,1635560293_39789_gfp.png,1635560293_39789_ph.png,1224,1196,1269,1257,2292,1550,2337,1611,1068,354,2412,1698,2,576,261
6,paraclone20,1344,58,49,1635560293_39789.png,1635560293_39789_gfp.png,1635560293_39789_ph.png,1193,772,1251,821,2261,1126,2319,1175,1068,354,2412,1698,2,577,261
6,paraclone13,1344,49,49,1635560294_584199.png,1635560294_584199_gfp.png,1635560294_584199_ph.png,292,333,341,382,2446,1741,2495,1790,2154,1408,3498,2752,2,578,262
6,paraclone14,1344,45,61,1635560294_584199.png,1635560294_584199_gfp.png,1635560294_584199_ph.png,138,142,183,203,2292,1550,2337,1611,2154,1408,3498,2752,2,579,262
6,meroclone1,1344,81,80,1635560295_786242.png,1635560295_786242_gfp.png,1635560295_786242_ph.png,796,1241,877,1321,2150,2734,2231,2814,1354,1493,2698,2837,2,580,263
6,paraclone13,1344,49,49,1635560295_786242.png,1635560295_786242_gfp.png,1635560295_786242_ph.png,1092,248,1141,297,2446,1741,2495,1790,1354,1493,2698,2837,2,581,263
6,paraclone14,1344,45,61,1635560295_786242.png,1635560295_786242_gfp.png,1635560295_786242_ph.png,938,57,983,118,2292,1550,2337,1611,1354,1493,2698,2837,2,582,263
6,paraclone13,1344,49,49,1635560296_990976.png,1635560296_990976_gfp.png,1635560296_990976_ph.png,1065,310,1114,359,2446,1741,2495,1790,1381,1431,2725,2775,2,583,264
6,paraclone14,1344,45,61,1635560296_990976.png,1635560296_990976_gfp.png,1635560296_990976_ph.png,911,119,956,180,2292,1550,2337,1611,1381,1431,2725,2775,2,584,264
6,holoclone7,1344,105,117,1635560298_1813672.png,1635560298_1813672_gfp.png,1635560298_1813672_ph.png,1197,507,1302,624,3344,1098,3449,1215,2147,591,3491,1935,2,585,265
6,paraclone13,1344,49,49,1635560298_1813672.png,1635560298_1813672_gfp.png,1635560298_1813672_ph.png,299,1150,348,1199,2446,1741,2495,1790,2147,591,3491,1935,2,586,265
6,paraclone14,1344,45,61,1635560298_1813672.png,1635560298_1813672_gfp.png,1635560298_1813672_ph.png,145,959,190,1020,2292,1550,2337,1611,2147,591,3491,1935,2,587,265
6,paraclone15,1344,46,50,1635560298_1813672.png,1635560298_1813672_gfp.png,1635560298_1813672_ph.png,1034,173,1080,223,3181,764,3227,814,2147,591,3491,1935,2,588,265
6,paraclone20,1344,58,49,1635560298_1813672.png,1635560298_1813672_gfp.png,1635560298_1813672_ph.png,114,535,172,584,2261,1126,2319,1175,2147,591,3491,1935,2,589,265
6,paraclone12,1344,73,71,1635560299_373942.png,1635560299_373942_gfp.png,1635560299_373942_ph.png,283,328,356,399,1276,1665,1349,1736,993,1337,2337,2681,2,590,266
6,paraclone14,1344,45,61,1635560299_373942.png,1635560299_373942_gfp.png,1635560299_373942_ph.png,1299,213,1344,274,2292,1550,2337,1611,993,1337,2337,2681,2,591,266
6,holoclone4,1344,186,213,1635560300_559105.png,1635560300_559105_gfp.png,1635560300_559105_ph.png,651,41,837,254,1726,1335,1912,1548,1075,1294,2419,2638,2,592,267
6,paraclone12,1344,73,71,1635560300_559105.png,1635560300_559105_gfp.png,1635560300_559105_ph.png,201,371,274,442,1276,1665,1349,1736,1075,1294,2419,2638,2,593,267
6,paraclone14,1344,45,61,1635560300_559105.png,1635560300_559105_gfp.png,1635560300_559105_ph.png,1217,256,1262,317,2292,1550,2337,1611,1075,1294,2419,2638,2,594,267
6,paraclone13,1344,49,49,1635560301_7613068.png,1635560301_7613068_gfp.png,1635560301_7613068_ph.png,347,457,396,506,2446,1741,2495,1790,2099,1284,3443,2628,2,595,268
6,paraclone14,1344,45,61,1635560301_7613068.png,1635560301_7613068_gfp.png,1635560301_7613068_ph.png,193,266,238,327,2292,1550,2337,1611,2099,1284,3443,2628,2,596,268
6,paraclone13,1344,49,49,1635560302_975708.png,1635560302_975708_gfp.png,1635560302_975708_ph.png,756,392,805,441,2446,1741,2495,1790,1690,1349,3034,2693,2,597,269
6,paraclone14,1344,45,61,1635560302_975708.png,1635560302_975708_gfp.png,1635560302_975708_ph.png,602,201,647,262,2292,1550,2337,1611,1690,1349,3034,2693,2,598,269
6,holoclone7,1344,105,117,1635560304_16142.png,1635560304_16142_gfp.png,1635560304_16142_ph.png,370,866,475,983,3344,1098,3449,1215,2974,232,4318,1576,2,599,270
6,meroclone9,1344,106,111,1635560304_16142.png,1635560304_16142_gfp.png,1635560304_16142_ph.png,1211,409,1317,520,4185,641,4291,752,2974,232,4318,1576,2,600,270
6,paraclone15,1344,46,50,1635560304_16142.png,1635560304_16142_gfp.png,1635560304_16142_ph.png,207,532,253,582,3181,764,3227,814,2974,232,4318,1576,2,601,270
6,paraclone16,1344,51,56,1635560304_16142.png,1635560304_16142_gfp.png,1635560304_16142_ph.png,578,459,629,515,3552,691,3603,747,2974,232,4318,1576,2,602,270
6,meroclone9,1344,106,111,1635560305_347218.png,1635560305_347218_gfp.png,1635560305_347218_ph.png,196,641,302,752,4185,641,4291,752,3989,0,5333,1344,2,603,271
6,paraclone24,1344,67,64,1635560305_347218.png,1635560305_347218_gfp.png,1635560305_347218_ph.png,281,534,348,598,4270,534,4337,598,3989,0,5333,1344,2,604,271
6,meroclone9,1344,106,111,1635560306_5476742.png,1635560306_5476742_gfp.png,1635560306_5476742_ph.png,482,641,588,752,4185,641,4291,752,3703,0,5047,1344,2,605,272
6,paraclone24,1344,67,64,1635560306_5476742.png,1635560306_5476742_gfp.png,1635560306_5476742_ph.png,567,534,634,598,4270,534,4337,598,3703,0,5047,1344,2,606,272
6,meroclone9,1344,106,111,1635560307_7317948.png,1635560307_7317948_gfp.png,1635560307_7317948_ph.png,102,641,208,752,4185,641,4291,752,4083,0,5427,1344,2,607,273
6,paraclone24,1344,67,64,1635560307_7317948.png,1635560307_7317948_gfp.png,1635560307_7317948_ph.png,187,534,254,598,4270,534,4337,598,4083,0,5427,1344,2,608,273
6,meroclone9,1344,106,111,1635560308_942243.png,1635560308_942243_gfp.png,1635560308_942243_ph.png,836,641,942,752,4185,641,4291,752,3349,0,4693,1344,2,609,274
6,paraclone16,1344,51,56,1635560308_942243.png,1635560308_942243_gfp.png,1635560308_942243_ph.png,203,691,254,747,3552,691,3603,747,3349,0,4693,1344,2,610,274
6,paraclone24,1344,67,64,1635560308_942243.png,1635560308_942243_gfp.png,1635560308_942243_ph.png,921,534,988,598,4270,534,4337,598,3349,0,4693,1344,2,611,274
6,holoclone5,1344,227,182,1635560310_134353.png,1635560310_134353_gfp.png,1635560310_134353_ph.png,714,1061,941,1243,4433,1294,4660,1476,3719,233,5063,1577,2,612,275
6,meroclone9,1344,106,111,1635560310_134353.png,1635560310_134353_gfp.png,1635560310_134353_ph.png,466,408,572,519,4185,641,4291,752,3719,233,5063,1577,2,613,275
6,paraclone24,1344,67,64,1635560310_134353.png,1635560310_134353_gfp.png,1635560310_134353_ph.png,551,301,618,365,4270,534,4337,598,3719,233,5063,1577,2,614,275
6,holoclone7,1344,105,117,1635560311_3222752.png,1635560311_3222752_gfp.png,1635560311_3222752_ph.png,229,1098,334,1215,3344,1098,3449,1215,3115,0,4459,1344,2,615,276
6,meroclone9,1344,106,111,1635560311_3222752.png,1635560311_3222752_gfp.png,1635560311_3222752_ph.png,1070,641,1176,752,4185,641,4291,752,3115,0,4459,1344,2,616,276
6,paraclone15,1344,46,50,1635560311_3222752.png,1635560311_3222752_gfp.png,1635560311_3222752_ph.png,66,764,112,814,3181,764,3227,814,3115,0,4459,1344,2,617,276
6,paraclone16,1344,51,56,1635560311_3222752.png,1635560311_3222752_gfp.png,1635560311_3222752_ph.png,437,691,488,747,3552,691,3603,747,3115,0,4459,1344,2,618,276
6,paraclone24,1344,67,64,1635560311_3222752.png,1635560311_3222752_gfp.png,1635560311_3222752_ph.png,1155,534,1222,598,4270,534,4337,598,3115,0,4459,1344,2,619,276
6,holoclone7,1344,105,117,1635560312_50617.png,1635560312_50617_gfp.png,1635560312_50617_ph.png,176,658,281,775,3344,1098,3449,1215,3168,440,4512,1784,2,620,277
6,meroclone9,1344,106,111,1635560312_50617.png,1635560312_50617_gfp.png,1635560312_50617_ph.png,1017,201,1123,312,4185,641,4291,752,3168,440,4512,1784,2,621,277
6,paraclone15,1344,46,50,1635560312_50617.png,1635560312_50617_gfp.png,1635560312_50617_ph.png,13,324,59,374,3181,764,3227,814,3168,440,4512,1784,2,622,277
6,paraclone16,1344,51,56,1635560312_50617.png,1635560312_50617_gfp.png,1635560312_50617_ph.png,384,251,435,307,3552,691,3603,747,3168,440,4512,1784,2,623,277
6,paraclone19,1344,84,97,1635560312_50617.png,1635560312_50617_gfp.png,1635560312_50617_ph.png,1029,1100,1113,1197,4197,1540,4281,1637,3168,440,4512,1784,2,624,277
6,paraclone24,1344,67,64,1635560312_50617.png,1635560312_50617_gfp.png,1635560312_50617_ph.png,1102,94,1169,158,4270,534,4337,598,3168,440,4512,1784,2,625,277
6,meroclone9,1344,106,111,1635560313_694199.png,1635560313_694199_gfp.png,1635560313_694199_ph.png,705,641,811,752,4185,641,4291,752,3480,0,4824,1344,2,626,278
6,paraclone16,1344,51,56,1635560313_694199.png,1635560313_694199_gfp.png,1635560313_694199_ph.png,72,691,123,747,3552,691,3603,747,3480,0,4824,1344,2,627,278
6,paraclone24,1344,67,64,1635560313_694199.png,1635560313_694199_gfp.png,1635560313_694199_ph.png,790,534,857,598,4270,534,4337,598,3480,0,4824,1344,2,628,278
6,meroclone9,1344,106,111,1635560314_871634.png,1635560314_871634_gfp.png,1635560314_871634_ph.png,299,641,405,752,4185,641,4291,752,3886,0,5230,1344,2,629,279
6,paraclone24,1344,67,64,1635560314_871634.png,1635560314_871634_gfp.png,1635560314_871634_ph.png,384,534,451,598,4270,534,4337,598,3886,0,5230,1344,2,630,279
6,holoclone7,1344,105,117,1635560316_061923.png,1635560316_061923_gfp.png,1635560316_061923_ph.png,480,1098,585,1215,3344,1098,3449,1215,2864,0,4208,1344,2,631,280
6,paraclone15,1344,46,50,1635560316_061923.png,1635560316_061923_gfp.png,1635560316_061923_ph.png,317,764,363,814,3181,764,3227,814,2864,0,4208,1344,2,632,280
6,paraclone16,1344,51,56,1635560316_061923.png,1635560316_061923_gfp.png,1635560316_061923_ph.png,688,691,739,747,3552,691,3603,747,2864,0,4208,1344,2,633,280
6,holoclone7,1344,105,117,1635560317_256448.png,1635560317_256448_gfp.png,1635560317_256448_ph.png,915,846,1020,963,3344,1098,3449,1215,2429,252,3773,1596,2,634,281
6,paraclone15,1344,46,50,1635560317_256448.png,1635560317_256448_gfp.png,1635560317_256448_ph.png,752,512,798,562,3181,764,3227,814,2429,252,3773,1596,2,635,281
6,paraclone16,1344,51,56,1635560317_256448.png,1635560317_256448_gfp.png,1635560317_256448_ph.png,1123,439,1174,495,3552,691,3603,747,2429,252,3773,1596,2,636,281
6,paraclone15,1344,46,50,1635560318_4343412.png,1635560318_4343412_gfp.png,1635560318_4343412_ph.png,1098,503,1144,553,3181,764,3227,814,2083,261,3427,1605,2,637,282
6,paraclone20,1344,58,49,1635560318_4343412.png,1635560318_4343412_gfp.png,1635560318_4343412_ph.png,178,865,236,914,2261,1126,2319,1175,2083,261,3427,1605,2,638,282
6,holoclone7,1344,105,117,1635560319_61389.png,1635560319_61389_gfp.png,1635560319_61389_ph.png,260,916,365,1033,3344,1098,3449,1215,3084,182,4428,1526,2,639,283
6,meroclone9,1344,106,111,1635560319_61389.png,1635560319_61389_gfp.png,1635560319_61389_ph.png,1101,459,1207,570,4185,641,4291,752,3084,182,4428,1526,2,640,283
6,paraclone15,1344,46,50,1635560319_61389.png,1635560319_61389_gfp.png,1635560319_61389_ph.png,97,582,143,632,3181,764,3227,814,3084,182,4428,1526,2,641,283
6,paraclone16,1344,51,56,1635560319_61389.png,1635560319_61389_gfp.png,1635560319_61389_ph.png,468,509,519,565,3552,691,3603,747,3084,182,4428,1526,2,642,283
6,paraclone24,1344,67,64,1635560319_61389.png,1635560319_61389_gfp.png,1635560319_61389_ph.png,1186,352,1253,416,4270,534,4337,598,3084,182,4428,1526,2,643,283
6,holoclone7,1344,105,117,1635560320_807109.png,1635560320_807109_gfp.png,1635560320_807109_ph.png,778,629,883,746,3344,1098,3449,1215,2566,469,3910,1813,2,644,284
6,paraclone15,1344,46,50,1635560320_807109.png,1635560320_807109_gfp.png,1635560320_807109_ph.png,615,295,661,345,3181,764,3227,814,2566,469,3910,1813,2,645,284
6,paraclone16,1344,51,56,1635560320_807109.png,1635560320_807109_gfp.png,1635560320_807109_ph.png,986,222,1037,278,3552,691,3603,747,2566,469,3910,1813,2,646,284
6,holoclone7,1344,105,117,1635560322_000278.png,1635560322_000278_gfp.png,1635560322_000278_ph.png,386,362,491,479,3344,1098,3449,1215,2958,736,4302,2080,2,647,285
6,paraclone15,1344,46,50,1635560322_000278.png,1635560322_000278_gfp.png,1635560322_000278_ph.png,223,28,269,78,3181,764,3227,814,2958,736,4302,2080,2,648,285
6,paraclone19,1344,84,97,1635560322_000278.png,1635560322_000278_gfp.png,1635560322_000278_ph.png,1239,804,1323,901,4197,1540,4281,1637,2958,736,4302,2080,2,649,285
6,paraclone15,1344,46,50,1635560323_196908.png,1635560323_196908_gfp.png,1635560323_196908_ph.png,1110,764,1156,814,3181,764,3227,814,2071,0,3415,1344,2,650,286
6,paraclone20,1344,58,49,1635560323_196908.png,1635560323_196908_gfp.png,1635560323_196908_ph.png,190,1126,248,1175,2261,1126,2319,1175,2071,0,3415,1344,2,651,286
6,holoclone7,1344,105,117,1635560324_380824.png,1635560324_380824_gfp.png,1635560324_380824_ph.png,896,642,1001,759,3344,1098,3449,1215,2448,456,3792,1800,2,652,287
6,paraclone15,1344,46,50,1635560324_380824.png,1635560324_380824_gfp.png,1635560324_380824_ph.png,733,308,779,358,3181,764,3227,814,2448,456,3792,1800,2,653,287
6,paraclone16,1344,51,56,1635560324_380824.png,1635560324_380824_gfp.png,1635560324_380824_ph.png,1104,235,1155,291,3552,691,3603,747,2448,456,3792,1800,2,654,287
6,holoclone7,1344,105,117,1635560325_565314.png,1635560325_565314_gfp.png,1635560325_565314_ph.png,1026,1098,1131,1215,3344,1098,3449,1215,2318,0,3662,1344,2,655,288
6,paraclone15,1344,46,50,1635560325_565314.png,1635560325_565314_gfp.png,1635560325_565314_ph.png,863,764,909,814,3181,764,3227,814,2318,0,3662,1344,2,656,288
6,paraclone16,1344,51,56,1635560325_565314.png,1635560325_565314_gfp.png,1635560325_565314_ph.png,1234,691,1285,747,3552,691,3603,747,2318,0,3662,1344,2,657,288
6,paraclone15,1344,46,50,1635560326_742219.png,1635560326_742219_gfp.png,1635560326_742219_ph.png,1293,764,1339,814,3181,764,3227,814,1888,0,3232,1344,2,658,289
6,paraclone20,1344,58,49,1635560326_742219.png,1635560326_742219_gfp.png,1635560326_742219_ph.png,373,1126,431,1175,2261,1126,2319,1175,1888,0,3232,1344,2,659,289
6,holoclone7,1344,105,117,1635560327_962562.png,1635560327_962562_gfp.png,1635560327_962562_ph.png,1069,730,1174,847,3344,1098,3449,1215,2275,368,3619,1712,2,660,290
6,paraclone14,1344,45,61,1635560327_962562.png,1635560327_962562_gfp.png,1635560327_962562_ph.png,17,1182,62,1243,2292,1550,2337,1611,2275,368,3619,1712,2,661,290
6,paraclone15,1344,46,50,1635560327_962562.png,1635560327_962562_gfp.png,1635560327_962562_ph.png,906,396,952,446,3181,764,3227,814,2275,368,3619,1712,2,662,290
6,paraclone16,1344,51,56,1635560327_962562.png,1635560327_962562_gfp.png,1635560327_962562_ph.png,1277,323,1328,379,3552,691,3603,747,2275,368,3619,1712,2,663,290
6,holoclone7,1344,105,117,1635560329_360144.png,1635560329_360144_gfp.png,1635560329_360144_ph.png,525,1098,630,1215,3344,1098,3449,1215,2819,0,4163,1344,2,664,291
6,paraclone15,1344,46,50,1635560329_360144.png,1635560329_360144_gfp.png,1635560329_360144_ph.png,362,764,408,814,3181,764,3227,814,2819,0,4163,1344,2,665,291
6,paraclone16,1344,51,56,1635560329_360144.png,1635560329_360144_gfp.png,1635560329_360144_ph.png,733,691,784,747,3552,691,3603,747,2819,0,4163,1344,2,666,291
6,holoclone7,1344,105,117,1635560330_6326149.png,1635560330_6326149_gfp.png,1635560330_6326149_ph.png,1079,1098,1184,1215,3344,1098,3449,1215,2265,0,3609,1344,2,667,292
6,paraclone15,1344,46,50,1635560330_6326149.png,1635560330_6326149_gfp.png,1635560330_6326149_ph.png,916,764,962,814,3181,764,3227,814,2265,0,3609,1344,2,668,292
6,paraclone16,1344,51,56,1635560330_6326149.png,1635560330_6326149_gfp.png,1635560330_6326149_ph.png,1287,691,1338,747,3552,691,3603,747,2265,0,3609,1344,2,669,292
6,holoclone7,1344,105,117,1635560331_888044.png,1635560331_888044_gfp.png,1635560331_888044_ph.png,246,1098,351,1215,3344,1098,3449,1215,3098,0,4442,1344,2,670,293
6,meroclone9,1344,106,111,1635560331_888044.png,1635560331_888044_gfp.png,1635560331_888044_ph.png,1087,641,1193,752,4185,641,4291,752,3098,0,4442,1344,2,671,293
6,paraclone15,1344,46,50,1635560331_888044.png,1635560331_888044_gfp.png,1635560331_888044_ph.png,83,764,129,814,3181,764,3227,814,3098,0,4442,1344,2,672,293
6,paraclone16,1344,51,56,1635560331_888044.png,1635560331_888044_gfp.png,1635560331_888044_ph.png,454,691,505,747,3552,691,3603,747,3098,0,4442,1344,2,673,293
6,paraclone24,1344,67,64,1635560331_888044.png,1635560331_888044_gfp.png,1635560331_888044_ph.png,1172,534,1239,598,4270,534,4337,598,3098,0,4442,1344,2,674,293
6,holoclone7,1344,105,117,1635560333_159743.png,1635560333_159743_gfp.png,1635560333_159743_ph.png,480,1098,585,1215,3344,1098,3449,1215,2864,0,4208,1344,2,675,294
6,paraclone15,1344,46,50,1635560333_159743.png,1635560333_159743_gfp.png,1635560333_159743_ph.png,317,764,363,814,3181,764,3227,814,2864,0,4208,1344,2,676,294
6,paraclone16,1344,51,56,1635560333_159743.png,1635560333_159743_gfp.png,1635560333_159743_ph.png,688,691,739,747,3552,691,3603,747,2864,0,4208,1344,2,677,294
6,holoclone5,1344,227,182,1635560334_418205.png,1635560334_418205_gfp.png,1635560334_418205_ph.png,995,782,1222,964,4433,1294,4660,1476,3438,512,4782,1856,2,678,295
6,meroclone9,1344,106,111,1635560334_418205.png,1635560334_418205_gfp.png,1635560334_418205_ph.png,747,129,853,240,4185,641,4291,752,3438,512,4782,1856,2,679,295
6,paraclone16,1344,51,56,1635560334_418205.png,1635560334_418205_gfp.png,1635560334_418205_ph.png,114,179,165,235,3552,691,3603,747,3438,512,4782,1856,2,680,295
6,paraclone19,1344,84,97,1635560334_418205.png,1635560334_418205_gfp.png,1635560334_418205_ph.png,759,1028,843,1125,4197,1540,4281,1637,3438,512,4782,1856,2,681,295
6,paraclone24,1344,67,64,1635560334_418205.png,1635560334_418205_gfp.png,1635560334_418205_ph.png,832,22,899,86,4270,534,4337,598,3438,512,4782,1856,2,682,295
6,holoclone7,1344,105,117,1635560335_6553211.png,1635560335_6553211_gfp.png,1635560335_6553211_ph.png,991,1098,1096,1215,3344,1098,3449,1215,2353,0,3697,1344,2,683,296
6,paraclone15,1344,46,50,1635560335_6553211.png,1635560335_6553211_gfp.png,1635560335_6553211_ph.png,828,764,874,814,3181,764,3227,814,2353,0,3697,1344,2,684,296
6,paraclone16,1344,51,56,1635560335_6553211.png,1635560335_6553211_gfp.png,1635560335_6553211_ph.png,1199,691,1250,747,3552,691,3603,747,2353,0,3697,1344,2,685,296
6,holoclone7,1344,105,117,1635560337_099991.png,1635560337_099991_gfp.png,1635560337_099991_ph.png,1053,729,1158,846,3344,1098,3449,1215,2291,369,3635,1713,2,686,297
6,paraclone14,1344,45,61,1635560337_099991.png,1635560337_099991_gfp.png,1635560337_099991_ph.png,1,1181,46,1242,2292,1550,2337,1611,2291,369,3635,1713,2,687,297
6,paraclone15,1344,46,50,1635560337_099991.png,1635560337_099991_gfp.png,1635560337_099991_ph.png,890,395,936,445,3181,764,3227,814,2291,369,3635,1713,2,688,297
6,paraclone16,1344,51,56,1635560337_099991.png,1635560337_099991_gfp.png,1635560337_099991_ph.png,1261,322,1312,378,3552,691,3603,747,2291,369,3635,1713,2,689,297
6,holoclone7,1344,105,117,1635560338_307592.png,1635560338_307592_gfp.png,1635560338_307592_ph.png,486,716,591,833,3344,1098,3449,1215,2858,382,4202,1726,2,690,298
6,paraclone15,1344,46,50,1635560338_307592.png,1635560338_307592_gfp.png,1635560338_307592_ph.png,323,382,369,432,3181,764,3227,814,2858,382,4202,1726,2,691,298
6,paraclone16,1344,51,56,1635560338_307592.png,1635560338_307592_gfp.png,1635560338_307592_ph.png,694,309,745,365,3552,691,3603,747,2858,382,4202,1726,2,692,298
6,holoclone7,1344,105,117,1635560339_519392.png,1635560339_519392_gfp.png,1635560339_519392_ph.png,227,1098,332,1215,3344,1098,3449,1215,3117,0,4461,1344,2,693,299
6,meroclone9,1344,106,111,1635560339_519392.png,1635560339_519392_gfp.png,1635560339_519392_ph.png,1068,641,1174,752,4185,641,4291,752,3117,0,4461,1344,2,694,299
6,paraclone15,1344,46,50,1635560339_519392.png,1635560339_519392_gfp.png,1635560339_519392_ph.png,64,764,110,814,3181,764,3227,814,3117,0,4461,1344,2,695,299
6,paraclone16,1344,51,56,1635560339_519392.png,1635560339_519392_gfp.png,1635560339_519392_ph.png,435,691,486,747,3552,691,3603,747,3117,0,4461,1344,2,696,299
6,paraclone24,1344,67,64,1635560339_519392.png,1635560339_519392_gfp.png,1635560339_519392_ph.png,1153,534,1220,598,4270,534,4337,598,3117,0,4461,1344,2,697,299
6,holoclone1,1344,292,286,1635560340_709016.png,1635560340_709016_gfp.png,1635560340_709016_ph.png,164,413,456,699,855,3919,1147,4205,691,3506,2035,4850,2,698,300
6,paraclone26,1344,61,69,1635560340_709016.png,1635560340_709016_gfp.png,1635560340_709016_ph.png,569,81,630,150,1260,3587,1321,3656,691,3506,2035,4850,2,699,300
6,meroclone1,1344,81,80,1635560341_93637.png,1635560341_93637_gfp.png,1635560341_93637_ph.png,1106,233,1187,313,2150,2734,2231,2814,1044,2501,2388,3845,2,700,301
6,meroclone2,1344,117,119,1635560341_93637.png,1635560341_93637_gfp.png,1635560341_93637_ph.png,398,238,515,357,1442,2739,1559,2858,1044,2501,2388,3845,2,701,301
6,paraclone26,1344,61,69,1635560341_93637.png,1635560341_93637_gfp.png,1635560341_93637_ph.png,216,1086,277,1155,1260,3587,1321,3656,1044,2501,2388,3845,2,702,301
6,paraclone26,1344,61,69,1635560343_260927.png,1635560343_260927_gfp.png,1635560343_260927_ph.png,89,723,150,792,1260,3587,1321,3656,1171,2864,2515,4208,2,703,302
6,paraclone26,1344,61,69,1635560344_478635.png,1635560344_478635_gfp.png,1635560344_478635_ph.png,1175,758,1236,827,1260,3587,1321,3656,85,2829,1429,4173,2,704,303
6,meroclone2,1344,117,119,1635560345_694035.png,1635560345_694035_gfp.png,1635560345_694035_ph.png,652,92,769,211,1442,2739,1559,2858,790,2647,2134,3991,2,705,304
6,paraclone26,1344,61,69,1635560345_694035.png,1635560345_694035_gfp.png,1635560345_694035_ph.png,470,940,531,1009,1260,3587,1321,3656,790,2647,2134,3991,2,706,304
6,holoclone1,1344,292,286,1635560347_098985.png,1635560347_098985_gfp.png,1635560347_098985_ph.png,741,471,1033,757,855,3919,1147,4205,114,3448,1458,4792,2,707,305
6,paraclone26,1344,61,69,1635560347_098985.png,1635560347_098985_gfp.png,1635560347_098985_ph.png,1146,139,1207,208,1260,3587,1321,3656,114,3448,1458,4792,2,708,305
6,holoclone1,1344,292,286,1635560348_4089432.png,1635560348_4089432_gfp.png,1635560348_4089432_ph.png,644,1018,936,1304,855,3919,1147,4205,211,2901,1555,4245,2,709,306
6,paraclone26,1344,61,69,1635560348_4089432.png,1635560348_4089432_gfp.png,1635560348_4089432_ph.png,1049,686,1110,755,1260,3587,1321,3656,211,2901,1555,4245,2,710,306
6,paraclone26,1344,61,69,1635560350_1589.png,1635560350_1589_gfp.png,1635560350_1589_ph.png,34,623,95,692,1260,3587,1321,3656,1226,2964,2570,4308,2,711,307
6,paraclone26,1344,61,69,1635560351_619366.png,1635560351_619366_gfp.png,1635560351_619366_ph.png,663,847,724,916,1260,3587,1321,3656,597,2740,1941,4084,2,712,308
6,paraclone26,1344,61,69,1635560353_087795.png,1635560353_087795_gfp.png,1635560353_087795_ph.png,65,582,126,651,1260,3587,1321,3656,1195,3005,2539,4349,2,713,309
6,meroclone4,1344,89,83,1635560354_4386659.png,1635560354_4386659_gfp.png,1635560354_4386659_ph.png,795,1017,884,1100,3773,2009,3862,2092,2978,992,4322,2336,2,714,310
6,holoclone7,1344,105,117,1635560354_4386659.png,1635560354_4386659_gfp.png,1635560354_4386659_ph.png,366,106,471,223,3344,1098,3449,1215,2978,992,4322,2336,2,715,310
6,paraclone17,1344,81,96,1635560354_4386659.png,1635560354_4386659_gfp.png,1635560354_4386659_ph.png,711,1228,792,1324,3689,2220,3770,2316,2978,992,4322,2336,2,716,310
6,paraclone19,1344,84,97,1635560354_4386659.png,1635560354_4386659_gfp.png,1635560354_4386659_ph.png,1219,548,1303,645,4197,1540,4281,1637,2978,992,4322,2336,2,717,310
6,paraclone25,1344,67,76,1635560354_4386659.png,1635560354_4386659_gfp.png,1635560354_4386659_ph.png,1010,1096,1077,1172,3988,2088,4055,2164,2978,992,4322,2336,2,718,310
6,paraclone17,1344,81,96,1635560355_8334222.png,1635560355_8334222_gfp.png,1635560355_8334222_ph.png,1144,63,1225,159,3689,2220,3770,2316,2545,2157,3889,3501,2,719,311
6,meroclone4,1344,89,83,1635560357_216814.png,1635560357_216814_gfp.png,1635560357_216814_ph.png,655,773,744,856,3773,2009,3862,2092,3118,1236,4462,2580,2,720,312
6,paraclone17,1344,81,96,1635560357_216814.png,1635560357_216814_gfp.png,1635560357_216814_ph.png,571,984,652,1080,3689,2220,3770,2316,3118,1236,4462,2580,2,721,312
6,paraclone18,1344,56,46,1635560357_216814.png,1635560357_216814_gfp.png,1635560357_216814_ph.png,775,1217,831,1263,3893,2453,3949,2499,3118,1236,4462,2580,2,722,312
6,paraclone19,1344,84,97,1635560357_216814.png,1635560357_216814_gfp.png,1635560357_216814_ph.png,1079,304,1163,401,4197,1540,4281,1637,3118,1236,4462,2580,2,723,312
6,paraclone25,1344,67,76,1635560357_216814.png,1635560357_216814_gfp.png,1635560357_216814_ph.png,870,852,937,928,3988,2088,4055,2164,3118,1236,4462,2580,2,724,312
6,meroclone4,1344,89,83,1635560358_6322792.png,1635560358_6322792_gfp.png,1635560358_6322792_ph.png,194,523,283,606,3773,2009,3862,2092,3579,1486,4923,2830,2,725,313
6,meroclone9,1344,78,83,1635560358_6322792.png,1635560358_6322792_gfp.png,1635560358_6322792_ph.png,1102,1237,1180,1320,4681,2723,4759,2806,3579,1486,4923,2830,2,726,313
6,paraclone17,1344,81,96,1635560358_6322792.png,1635560358_6322792_gfp.png,1635560358_6322792_ph.png,110,734,191,830,3689,2220,3770,2316,3579,1486,4923,2830,2,727,313
6,paraclone18,1344,56,46,1635560358_6322792.png,1635560358_6322792_gfp.png,1635560358_6322792_ph.png,314,967,370,1013,3893,2453,3949,2499,3579,1486,4923,2830,2,728,313
6,paraclone19,1344,84,97,1635560358_6322792.png,1635560358_6322792_gfp.png,1635560358_6322792_ph.png,618,54,702,151,4197,1540,4281,1637,3579,1486,4923,2830,2,729,313
6,paraclone25,1344,67,76,1635560358_6322792.png,1635560358_6322792_gfp.png,1635560358_6322792_ph.png,409,602,476,678,3988,2088,4055,2164,3579,1486,4923,2830,2,730,313
6,paraclone17,1344,81,96,1635560360_023094.png,1635560360_023094_gfp.png,1635560360_023094_ph.png,884,124,965,220,3689,2220,3770,2316,2805,2096,4149,3440,2,731,314
6,paraclone18,1344,56,46,1635560360_023094.png,1635560360_023094_gfp.png,1635560360_023094_ph.png,1088,357,1144,403,3893,2453,3949,2499,2805,2096,4149,3440,2,732,314
6,meroclone4,1344,89,83,1635560361_300225.png,1635560361_300225_gfp.png,1635560361_300225_ph.png,1029,774,1118,857,3773,2009,3862,2092,2744,1235,4088,2579,2,733,315
6,paraclone17,1344,81,96,1635560361_300225.png,1635560361_300225_gfp.png,1635560361_300225_ph.png,945,985,1026,1081,3689,2220,3770,2316,2744,1235,4088,2579,2,734,315
6,paraclone18,1344,56,46,1635560361_300225.png,1635560361_300225_gfp.png,1635560361_300225_ph.png,1149,1218,1205,1264,3893,2453,3949,2499,2744,1235,4088,2579,2,735,315
6,paraclone25,1344,67,76,1635560361_300225.png,1635560361_300225_gfp.png,1635560361_300225_ph.png,1244,853,1311,929,3988,2088,4055,2164,2744,1235,4088,2579,2,736,315
6,holoclone6,1344,251,236,1635560362_8171499.png,1635560362_8171499_gfp.png,1635560362_8171499_ph.png,752,980,1003,1216,4369,3033,4620,3269,3617,2053,4961,3397,2,737,316
6,meroclone9,1344,78,83,1635560362_8171499.png,1635560362_8171499_gfp.png,1635560362_8171499_ph.png,1064,670,1142,753,4681,2723,4759,2806,3617,2053,4961,3397,2,738,316
6,paraclone17,1344,81,96,1635560362_8171499.png,1635560362_8171499_gfp.png,1635560362_8171499_ph.png,72,167,153,263,3689,2220,3770,2316,3617,2053,4961,3397,2,739,316
6,paraclone18,1344,56,46,1635560362_8171499.png,1635560362_8171499_gfp.png,1635560362_8171499_ph.png,276,400,332,446,3893,2453,3949,2499,3617,2053,4961,3397,2,740,316
6,paraclone25,1344,67,76,1635560362_8171499.png,1635560362_8171499_gfp.png,1635560362_8171499_ph.png,371,35,438,111,3988,2088,4055,2164,3617,2053,4961,3397,2,741,316
6,meroclone4,1344,89,83,1635560364_332746.png,1635560364_332746_gfp.png,1635560364_332746_ph.png,757,808,846,891,3773,2009,3862,2092,3016,1201,4360,2545,2,742,317
6,paraclone17,1344,81,96,1635560364_332746.png,1635560364_332746_gfp.png,1635560364_332746_ph.png,673,1019,754,1115,3689,2220,3770,2316,3016,1201,4360,2545,2,743,317
6,paraclone18,1344,56,46,1635560364_332746.png,1635560364_332746_gfp.png,1635560364_332746_ph.png,877,1252,933,1298,3893,2453,3949,2499,3016,1201,4360,2545,2,744,317
6,paraclone19,1344,84,97,1635560364_332746.png,1635560364_332746_gfp.png,1635560364_332746_ph.png,1181,339,1265,436,4197,1540,4281,1637,3016,1201,4360,2545,2,745,317
6,paraclone25,1344,67,76,1635560364_332746.png,1635560364_332746_gfp.png,1635560364_332746_ph.png,972,887,1039,963,3988,2088,4055,2164,3016,1201,4360,2545,2,746,317
6,meroclone4,1344,89,83,1635560365_793046.png,1635560365_793046_gfp.png,1635560365_793046_ph.png,916,499,1005,582,3773,2009,3862,2092,2857,1510,4201,2854,2,747,318
6,paraclone17,1344,81,96,1635560365_793046.png,1635560365_793046_gfp.png,1635560365_793046_ph.png,832,710,913,806,3689,2220,3770,2316,2857,1510,4201,2854,2,748,318
6,paraclone18,1344,56,46,1635560365_793046.png,1635560365_793046_gfp.png,1635560365_793046_ph.png,1036,943,1092,989,3893,2453,3949,2499,2857,1510,4201,2854,2,749,318
6,paraclone25,1344,67,76,1635560365_793046.png,1635560365_793046_gfp.png,1635560365_793046_ph.png,1131,578,1198,654,3988,2088,4055,2164,2857,1510,4201,2854,2,750,318
6,holoclone7,1344,105,117,1635560367_1296.png,1635560367_1296_gfp.png,1635560367_1296_ph.png,897,9,1002,126,3344,1098,3449,1215,2447,1089,3791,2433,2,751,319
6,paraclone17,1344,81,96,1635560367_1296.png,1635560367_1296_gfp.png,1635560367_1296_ph.png,1242,1131,1323,1227,3689,2220,3770,2316,2447,1089,3791,2433,2,752,319
6,meroclone4,1344,89,83,1635560368_705995.png,1635560368_705995_gfp.png,1635560368_705995_ph.png,190,242,279,325,3773,2009,3862,2092,3583,1767,4927,3111,2,753,320
6,meroclone9,1344,78,83,1635560368_705995.png,1635560368_705995_gfp.png,1635560368_705995_ph.png,1098,956,1176,1039,4681,2723,4759,2806,3583,1767,4927,3111,2,754,320
6,paraclone17,1344,81,96,1635560368_705995.png,1635560368_705995_gfp.png,1635560368_705995_ph.png,106,453,187,549,3689,2220,3770,2316,3583,1767,4927,3111,2,755,320
6,paraclone18,1344,56,46,1635560368_705995.png,1635560368_705995_gfp.png,1635560368_705995_ph.png,310,686,366,732,3893,2453,3949,2499,3583,1767,4927,3111,2,756,320
6,paraclone25,1344,67,76,1635560368_705995.png,1635560368_705995_gfp.png,1635560368_705995_ph.png,405,321,472,397,3988,2088,4055,2164,3583,1767,4927,3111,2,757,320
6,holoclone6,1344,251,236,1635560370_1789389.png,1635560370_1789389_gfp.png,1635560370_1789389_ph.png,799,759,1050,995,4369,3033,4620,3269,3570,2274,4914,3618,2,758,321
6,paraclone9,1344,144,115,1635560370_1789389.png,1635560370_1789389_gfp.png,1635560370_1789389_ph.png,414,1183,558,1298,3984,3457,4128,3572,3570,2274,4914,3618,2,759,321
6,meroclone9,1344,78,83,1635560370_1789389.png,1635560370_1789389_gfp.png,1635560370_1789389_ph.png,1111,449,1189,532,4681,2723,4759,2806,3570,2274,4914,3618,2,760,321
6,paraclone18,1344,56,46,1635560370_1789389.png,1635560370_1789389_gfp.png,1635560370_1789389_ph.png,323,179,379,225,3893,2453,3949,2499,3570,2274,4914,3618,2,761,321
6,meroclone4,1344,89,83,1635560371_418022.png,1635560371_418022_gfp.png,1635560371_418022_ph.png,527,566,616,649,3773,2009,3862,2092,3246,1443,4590,2787,2,762,322
6,paraclone17,1344,81,96,1635560371_418022.png,1635560371_418022_gfp.png,1635560371_418022_ph.png,443,777,524,873,3689,2220,3770,2316,3246,1443,4590,2787,2,763,322
6,paraclone18,1344,56,46,1635560371_418022.png,1635560371_418022_gfp.png,1635560371_418022_ph.png,647,1010,703,1056,3893,2453,3949,2499,3246,1443,4590,2787,2,764,322
6,paraclone19,1344,84,97,1635560371_418022.png,1635560371_418022_gfp.png,1635560371_418022_ph.png,951,97,1035,194,4197,1540,4281,1637,3246,1443,4590,2787,2,765,322
6,paraclone25,1344,67,76,1635560371_418022.png,1635560371_418022_gfp.png,1635560371_418022_ph.png,742,645,809,721,3988,2088,4055,2164,3246,1443,4590,2787,2,766,322
6,meroclone4,1344,89,83,1635560372_667679.png,1635560372_667679_gfp.png,1635560372_667679_ph.png,39,191,128,274,3773,2009,3862,2092,3734,1818,5078,3162,2,767,323
6,meroclone9,1344,78,83,1635560372_667679.png,1635560372_667679_gfp.png,1635560372_667679_ph.png,947,905,1025,988,4681,2723,4759,2806,3734,1818,5078,3162,2,768,323
6,paraclone18,1344,56,46,1635560372_667679.png,1635560372_667679_gfp.png,1635560372_667679_ph.png,159,635,215,681,3893,2453,3949,2499,3734,1818,5078,3162,2,769,323
6,paraclone25,1344,67,76,1635560372_667679.png,1635560372_667679_gfp.png,1635560372_667679_ph.png,254,270,321,346,3988,2088,4055,2164,3734,1818,5078,3162,2,770,323
6,meroclone4,1344,89,83,1635560374_09961.png,1635560374_09961_gfp.png,1635560374_09961_ph.png,155,399,244,482,3773,2009,3862,2092,3618,1610,4962,2954,2,771,324
6,meroclone9,1344,78,83,1635560374_09961.png,1635560374_09961_gfp.png,1635560374_09961_ph.png,1063,1113,1141,1196,4681,2723,4759,2806,3618,1610,4962,2954,2,772,324
6,paraclone17,1344,81,96,1635560374_09961.png,1635560374_09961_gfp.png,1635560374_09961_ph.png,71,610,152,706,3689,2220,3770,2316,3618,1610,4962,2954,2,773,324
6,paraclone18,1344,56,46,1635560374_09961.png,1635560374_09961_gfp.png,1635560374_09961_ph.png,275,843,331,889,3893,2453,3949,2499,3618,1610,4962,2954,2,774,324
6,paraclone25,1344,67,76,1635560374_09961.png,1635560374_09961_gfp.png,1635560374_09961_ph.png,370,478,437,554,3988,2088,4055,2164,3618,1610,4962,2954,2,775,324
6,meroclone4,1344,89,83,1635560375_519937.png,1635560375_519937_gfp.png,1635560375_519937_ph.png,686,755,775,838,3773,2009,3862,2092,3087,1254,4431,2598,2,776,325
6,paraclone17,1344,81,96,1635560375_519937.png,1635560375_519937_gfp.png,1635560375_519937_ph.png,602,966,683,1062,3689,2220,3770,2316,3087,1254,4431,2598,2,777,325
6,paraclone18,1344,56,46,1635560375_519937.png,1635560375_519937_gfp.png,1635560375_519937_ph.png,806,1199,862,1245,3893,2453,3949,2499,3087,1254,4431,2598,2,778,325
6,paraclone19,1344,84,97,1635560375_519937.png,1635560375_519937_gfp.png,1635560375_519937_ph.png,1110,286,1194,383,4197,1540,4281,1637,3087,1254,4431,2598,2,779,325
6,paraclone25,1344,67,76,1635560375_519937.png,1635560375_519937_gfp.png,1635560375_519937_ph.png,901,834,968,910,3988,2088,4055,2164,3087,1254,4431,2598,2,780,325
6,paraclone18,1344,56,46,1635560376_9343371.png,1635560376_9343371_gfp.png,1635560376_9343371_ph.png,1189,61,1245,107,3893,2453,3949,2499,2704,2392,4048,3736,2,781,326
6,meroclone4,1344,89,83,1635560378_3386319.png,1635560378_3386319_gfp.png,1635560378_3386319_ph.png,507,299,596,382,3773,2009,3862,2092,3266,1710,4610,3054,2,782,327
6,paraclone17,1344,81,96,1635560378_3386319.png,1635560378_3386319_gfp.png,1635560378_3386319_ph.png,423,510,504,606,3689,2220,3770,2316,3266,1710,4610,3054,2,783,327
6,paraclone18,1344,56,46,1635560378_3386319.png,1635560378_3386319_gfp.png,1635560378_3386319_ph.png,627,743,683,789,3893,2453,3949,2499,3266,1710,4610,3054,2,784,327
6,paraclone25,1344,67,76,1635560378_3386319.png,1635560378_3386319_gfp.png,1635560378_3386319_ph.png,722,378,789,454,3988,2088,4055,2164,3266,1710,4610,3054,2,785,327
6,meroclone4,1344,89,83,1635560379_7823071.png,1635560379_7823071_gfp.png,1635560379_7823071_ph.png,123,630,212,713,3773,2009,3862,2092,3650,1379,4994,2723,2,786,328
6,paraclone17,1344,81,96,1635560379_7823071.png,1635560379_7823071_gfp.png,1635560379_7823071_ph.png,39,841,120,937,3689,2220,3770,2316,3650,1379,4994,2723,2,787,328
6,paraclone18,1344,56,46,1635560379_7823071.png,1635560379_7823071_gfp.png,1635560379_7823071_ph.png,243,1074,299,1120,3893,2453,3949,2499,3650,1379,4994,2723,2,788,328
6,paraclone19,1344,84,97,1635560379_7823071.png,1635560379_7823071_gfp.png,1635560379_7823071_ph.png,547,161,631,258,4197,1540,4281,1637,3650,1379,4994,2723,2,789,328
6,paraclone25,1344,67,76,1635560379_7823071.png,1635560379_7823071_gfp.png,1635560379_7823071_ph.png,338,709,405,785,3988,2088,4055,2164,3650,1379,4994,2723,2,790,328
6,meroclone4,1344,89,83,1635560381_1609302.png,1635560381_1609302_gfp.png,1635560381_1609302_ph.png,1003,764,1092,847,3773,2009,3862,2092,2770,1245,4114,2589,2,791,329
6,paraclone17,1344,81,96,1635560381_1609302.png,1635560381_1609302_gfp.png,1635560381_1609302_ph.png,919,975,1000,1071,3689,2220,3770,2316,2770,1245,4114,2589,2,792,329
6,paraclone18,1344,56,46,1635560381_1609302.png,1635560381_1609302_gfp.png,1635560381_1609302_ph.png,1123,1208,1179,1254,3893,2453,3949,2499,2770,1245,4114,2589,2,793,329
6,paraclone25,1344,67,76,1635560381_1609302.png,1635560381_1609302_gfp.png,1635560381_1609302_ph.png,1218,843,1285,919,3988,2088,4055,2164,2770,1245,4114,2589,2,794,329
6,meroclone4,1344,89,83,1635560382_4558852.png,1635560382_4558852_gfp.png,1635560382_4558852_ph.png,476,1226,565,1309,3773,2009,3862,2092,3297,783,4641,2127,2,795,330
6,holoclone7,1344,105,117,1635560382_4558852.png,1635560382_4558852_gfp.png,1635560382_4558852_ph.png,47,315,152,432,3344,1098,3449,1215,3297,783,4641,2127,2,796,330
6,paraclone19,1344,84,97,1635560382_4558852.png,1635560382_4558852_gfp.png,1635560382_4558852_ph.png,900,757,984,854,4197,1540,4281,1637,3297,783,4641,2127,2,797,330
6,holoclone5,1344,227,182,1635560383_688092.png,1635560383_688092_gfp.png,1635560383_688092_ph.png,299,180,526,362,4433,1294,4660,1476,4134,1114,5478,2458,2,798,331
6,paraclone19,1344,84,97,1635560383_688092.png,1635560383_688092_gfp.png,1635560383_688092_ph.png,63,426,147,523,4197,1540,4281,1637,4134,1114,5478,2458,2,799,331
6,meroclone4,1344,89,83,1635560385_071929.png,1635560385_071929_gfp.png,1635560385_071929_ph.png,33,843,122,926,3773,2009,3862,2092,3740,1166,5084,2510,2,800,332
6,holoclone5,1344,227,182,1635560385_071929.png,1635560385_071929_gfp.png,1635560385_071929_ph.png,693,128,920,310,4433,1294,4660,1476,3740,1166,5084,2510,2,801,332
6,paraclone18,1344,56,46,1635560385_071929.png,1635560385_071929_gfp.png,1635560385_071929_ph.png,153,1287,209,1333,3893,2453,3949,2499,3740,1166,5084,2510,2,802,332
6,paraclone19,1344,84,97,1635560385_071929.png,1635560385_071929_gfp.png,1635560385_071929_ph.png,457,374,541,471,4197,1540,4281,1637,3740,1166,5084,2510,2,803,332
6,paraclone25,1344,67,76,1635560385_071929.png,1635560385_071929_gfp.png,1635560385_071929_ph.png,248,922,315,998,3988,2088,4055,2164,3740,1166,5084,2510,2,804,332
6,meroclone4,1344,89,83,1635560386_3915038.png,1635560386_3915038_gfp.png,1635560386_3915038_ph.png,700,650,789,733,3773,2009,3862,2092,3073,1359,4417,2703,2,805,333
6,paraclone17,1344,81,96,1635560386_3915038.png,1635560386_3915038_gfp.png,1635560386_3915038_ph.png,616,861,697,957,3689,2220,3770,2316,3073,1359,4417,2703,2,806,333
6,paraclone18,1344,56,46,1635560386_3915038.png,1635560386_3915038_gfp.png,1635560386_3915038_ph.png,820,1094,876,1140,3893,2453,3949,2499,3073,1359,4417,2703,2,807,333
6,paraclone19,1344,84,97,1635560386_3915038.png,1635560386_3915038_gfp.png,1635560386_3915038_ph.png,1124,181,1208,278,4197,1540,4281,1637,3073,1359,4417,2703,2,808,333
6,paraclone25,1344,67,76,1635560386_3915038.png,1635560386_3915038_gfp.png,1635560386_3915038_ph.png,915,729,982,805,3988,2088,4055,2164,3073,1359,4417,2703,2,809,333
6,holoclone5,1344,227,182,1635560387_6971362.png,1635560387_6971362_gfp.png,1635560387_6971362_ph.png,625,516,852,698,4433,1294,4660,1476,3808,778,5152,2122,2,810,334
6,paraclone19,1344,84,97,1635560387_6971362.png,1635560387_6971362_gfp.png,1635560387_6971362_ph.png,389,762,473,859,4197,1540,4281,1637,3808,778,5152,2122,2,811,334
6,holoclone5,1344,227,182,1635560389_144759.png,1635560389_144759_gfp.png,1635560389_144759_ph.png,937,846,1164,1028,4433,1294,4660,1476,3496,448,4840,1792,2,812,335
6,meroclone9,1344,106,111,1635560389_144759.png,1635560389_144759_gfp.png,1635560389_144759_ph.png,689,193,795,304,4185,641,4291,752,3496,448,4840,1792,2,813,335
6,paraclone16,1344,51,56,1635560389_144759.png,1635560389_144759_gfp.png,1635560389_144759_ph.png,56,243,107,299,3552,691,3603,747,3496,448,4840,1792,2,814,335
6,paraclone19,1344,84,97,1635560389_144759.png,1635560389_144759_gfp.png,1635560389_144759_ph.png,701,1092,785,1189,4197,1540,4281,1637,3496,448,4840,1792,2,815,335
6,paraclone24,1344,67,64,1635560389_144759.png,1635560389_144759_gfp.png,1635560389_144759_ph.png,774,86,841,150,4270,534,4337,598,3496,448,4840,1792,2,816,335
6,holoclone7,1344,105,117,1635560390_414953.png,1635560390_414953_gfp.png,1635560390_414953_ph.png,275,742,380,859,3344,1098,3449,1215,3069,356,4413,1700,2,817,336
6,meroclone9,1344,106,111,1635560390_414953.png,1635560390_414953_gfp.png,1635560390_414953_ph.png,1116,285,1222,396,4185,641,4291,752,3069,356,4413,1700,2,818,336
6,paraclone15,1344,46,50,1635560390_414953.png,1635560390_414953_gfp.png,1635560390_414953_ph.png,112,408,158,458,3181,764,3227,814,3069,356,4413,1700,2,819,336
6,paraclone16,1344,51,56,1635560390_414953.png,1635560390_414953_gfp.png,1635560390_414953_ph.png,483,335,534,391,3552,691,3603,747,3069,356,4413,1700,2,820,336
6,paraclone19,1344,84,97,1635560390_414953.png,1635560390_414953_gfp.png,1635560390_414953_ph.png,1128,1184,1212,1281,4197,1540,4281,1637,3069,356,4413,1700,2,821,336
6,paraclone24,1344,67,64,1635560390_414953.png,1635560390_414953_gfp.png,1635560390_414953_ph.png,1201,178,1268,242,4270,534,4337,598,3069,356,4413,1700,2,822,336
6,meroclone4,1344,89,83,1635560391_704205.png,1635560391_704205_gfp.png,1635560391_704205_ph.png,785,1038,874,1121,3773,2009,3862,2092,2988,971,4332,2315,2,823,337
6,holoclone7,1344,105,117,1635560391_704205.png,1635560391_704205_gfp.png,1635560391_704205_ph.png,356,127,461,244,3344,1098,3449,1215,2988,971,4332,2315,2,824,337
6,paraclone19,1344,84,97,1635560391_704205.png,1635560391_704205_gfp.png,1635560391_704205_ph.png,1209,569,1293,666,4197,1540,4281,1637,2988,971,4332,2315,2,825,337
6,paraclone25,1344,67,76,1635560391_704205.png,1635560391_704205_gfp.png,1635560391_704205_ph.png,1000,1117,1067,1193,3988,2088,4055,2164,2988,971,4332,2315,2,826,337
6,meroclone4,1344,89,83,1635560393_061642.png,1635560393_061642_gfp.png,1635560393_061642_ph.png,38,776,127,859,3773,2009,3862,2092,3735,1233,5079,2577,2,827,338
6,holoclone5,1344,227,182,1635560393_061642.png,1635560393_061642_gfp.png,1635560393_061642_ph.png,698,61,925,243,4433,1294,4660,1476,3735,1233,5079,2577,2,828,338
6,paraclone18,1344,56,46,1635560393_061642.png,1635560393_061642_gfp.png,1635560393_061642_ph.png,158,1220,214,1266,3893,2453,3949,2499,3735,1233,5079,2577,2,829,338
6,paraclone19,1344,84,97,1635560393_061642.png,1635560393_061642_gfp.png,1635560393_061642_ph.png,462,307,546,404,4197,1540,4281,1637,3735,1233,5079,2577,2,830,338
6,paraclone25,1344,67,76,1635560393_061642.png,1635560393_061642_gfp.png,1635560393_061642_ph.png,253,855,320,931,3988,2088,4055,2164,3735,1233,5079,2577,2,831,338
6,holoclone5,1344,227,182,1635560394_364694.png,1635560394_364694_gfp.png,1635560394_364694_ph.png,486,30,713,212,4433,1294,4660,1476,3947,1264,5291,2608,2,832,339
6,paraclone19,1344,84,97,1635560394_364694.png,1635560394_364694_gfp.png,1635560394_364694_ph.png,250,276,334,373,4197,1540,4281,1637,3947,1264,5291,2608,2,833,339
6,paraclone25,1344,67,76,1635560394_364694.png,1635560394_364694_gfp.png,1635560394_364694_ph.png,41,824,108,900,3988,2088,4055,2164,3947,1264,5291,2608,2,834,339
6,holoclone4,1344,186,213,1635560395_60496.png,1635560395_60496_gfp.png,1635560395_60496_ph.png,429,1007,615,1220,1726,1335,1912,1548,1297,328,2641,1672,2,835,340
6,paraclone14,1344,45,61,1635560395_60496.png,1635560395_60496_gfp.png,1635560395_60496_ph.png,995,1222,1040,1283,2292,1550,2337,1611,1297,328,2641,1672,2,836,340
6,paraclone20,1344,58,49,1635560395_60496.png,1635560395_60496_gfp.png,1635560395_60496_ph.png,964,798,1022,847,2261,1126,2319,1175,1297,328,2641,1672,2,837,340
6,holoclone4,1344,186,213,1635560396_914531.png,1635560396_914531_gfp.png,1635560396_914531_ph.png,468,651,654,864,1726,1335,1912,1548,1258,684,2602,2028,2,838,341
6,paraclone12,1344,73,71,1635560396_914531.png,1635560396_914531_gfp.png,1635560396_914531_ph.png,18,981,91,1052,1276,1665,1349,1736,1258,684,2602,2028,2,839,341
6,paraclone13,1344,49,49,1635560396_914531.png,1635560396_914531_gfp.png,1635560396_914531_ph.png,1188,1057,1237,1106,2446,1741,2495,1790,1258,684,2602,2028,2,840,341
6,paraclone14,1344,45,61,1635560396_914531.png,1635560396_914531_gfp.png,1635560396_914531_ph.png,1034,866,1079,927,2292,1550,2337,1611,1258,684,2602,2028,2,841,341
6,paraclone20,1344,58,49,1635560396_914531.png,1635560396_914531_gfp.png,1635560396_914531_ph.png,1003,442,1061,491,2261,1126,2319,1175,1258,684,2602,2028,2,842,341
6,holoclone4,1344,186,213,1635560398_34002.png,1635560398_34002_gfp.png,1635560398_34002_ph.png,672,238,858,451,1726,1335,1912,1548,1054,1097,2398,2441,2,843,342
6,paraclone12,1344,73,71,1635560398_34002.png,1635560398_34002_gfp.png,1635560398_34002_ph.png,222,568,295,639,1276,1665,1349,1736,1054,1097,2398,2441,2,844,342
6,paraclone14,1344,45,61,1635560398_34002.png,1635560398_34002_gfp.png,1635560398_34002_ph.png,1238,453,1283,514,2292,1550,2337,1611,1054,1097,2398,2441,2,845,342
6,paraclone20,1344,58,49,1635560398_34002.png,1635560398_34002_gfp.png,1635560398_34002_ph.png,1207,29,1265,78,2261,1126,2319,1175,1054,1097,2398,2441,2,846,342
6,paraclone20,1344,58,49,1635560399_550154.png,1635560399_550154_gfp.png,1635560399_550154_ph.png,1145,1046,1203,1095,2261,1126,2319,1175,1116,80,2460,1424,2,847,343
6,holoclone7,1344,105,117,1635560400_788178.png,1635560400_788178_gfp.png,1635560400_788178_ph.png,1167,988,1272,1105,3344,1098,3449,1215,2177,110,3521,1454,2,848,344
6,paraclone15,1344,46,50,1635560400_788178.png,1635560400_788178_gfp.png,1635560400_788178_ph.png,1004,654,1050,704,3181,764,3227,814,2177,110,3521,1454,2,849,344
6,paraclone20,1344,58,49,1635560400_788178.png,1635560400_788178_gfp.png,1635560400_788178_ph.png,84,1016,142,1065,2261,1126,2319,1175,2177,110,3521,1454,2,850,344
6,paraclone13,1344,49,49,1635560401_985976.png,1635560401_985976_gfp.png,1635560401_985976_ph.png,545,956,594,1005,2446,1741,2495,1790,1901,785,3245,2129,2,851,345
6,paraclone14,1344,45,61,1635560401_985976.png,1635560401_985976_gfp.png,1635560401_985976_ph.png,391,765,436,826,2292,1550,2337,1611,1901,785,3245,2129,2,852,345
6,paraclone20,1344,58,49,1635560401_985976.png,1635560401_985976_gfp.png,1635560401_985976_ph.png,360,341,418,390,2261,1126,2319,1175,1901,785,3245,2129,2,853,345
6,holoclone7,1344,105,117,1635560403_217213.png,1635560403_217213_gfp.png,1635560403_217213_ph.png,1204,338,1309,455,3344,1098,3449,1215,2140,760,3484,2104,2,854,346
6,paraclone13,1344,49,49,1635560403_217213.png,1635560403_217213_gfp.png,1635560403_217213_ph.png,306,981,355,1030,2446,1741,2495,1790,2140,760,3484,2104,2,855,346
6,paraclone14,1344,45,61,1635560403_217213.png,1635560403_217213_gfp.png,1635560403_217213_ph.png,152,790,197,851,2292,1550,2337,1611,2140,760,3484,2104,2,856,346
6,paraclone15,1344,46,50,1635560403_217213.png,1635560403_217213_gfp.png,1635560403_217213_ph.png,1041,4,1087,54,3181,764,3227,814,2140,760,3484,2104,2,857,346
6,paraclone20,1344,58,49,1635560403_217213.png,1635560403_217213_gfp.png,1635560403_217213_ph.png,121,366,179,415,2261,1126,2319,1175,2140,760,3484,2104,2,858,346
6,holoclone4,1344,186,213,1635560404_4363708.png,1635560404_4363708_gfp.png,1635560404_4363708_ph.png,216,653,402,866,1726,1335,1912,1548,1510,682,2854,2026,2,859,347
6,paraclone13,1344,49,49,1635560404_4363708.png,1635560404_4363708_gfp.png,1635560404_4363708_ph.png,936,1059,985,1108,2446,1741,2495,1790,1510,682,2854,2026,2,860,347
6,paraclone14,1344,45,61,1635560404_4363708.png,1635560404_4363708_gfp.png,1635560404_4363708_ph.png,782,868,827,929,2292,1550,2337,1611,1510,682,2854,2026,2,861,347
6,paraclone20,1344,58,49,1635560404_4363708.png,1635560404_4363708_gfp.png,1635560404_4363708_ph.png,751,444,809,493,2261,1126,2319,1175,1510,682,2854,2026,2,862,347
6,paraclone20,1344,58,49,1635560405_770067.png,1635560405_770067_gfp.png,1635560405_770067_ph.png,1232,975,1290,1024,2261,1126,2319,1175,1029,151,2373,1495,2,863,348
6,paraclone13,1344,49,49,1635560407_183948.png,1635560407_183948_gfp.png,1635560407_183948_ph.png,454,879,503,928,2446,1741,2495,1790,1992,862,3336,2206,2,864,349
6,paraclone14,1344,45,61,1635560407_183948.png,1635560407_183948_gfp.png,1635560407_183948_ph.png,300,688,345,749,2292,1550,2337,1611,1992,862,3336,2206,2,865,349
6,paraclone20,1344,58,49,1635560407_183948.png,1635560407_183948_gfp.png,1635560407_183948_ph.png,269,264,327,313,2261,1126,2319,1175,1992,862,3336,2206,2,866,349
6,holoclone2,1344,287,323,1635560408_411229.png,1635560408_411229_gfp.png,1635560408_411229_ph.png,332,539,619,862,5911,539,6198,862,5579,0,6923,1344,2,867,350
6,paraclone21,1344,35,45,1635560408_411229.png,1635560408_411229_gfp.png,1635560408_411229_ph.png,4,765,39,810,5583,765,5618,810,5579,0,6923,1344,2,868,350
6,paraclone21,1344,35,45,1635560409_703669.png,1635560409_703669_gfp.png,1635560409_703669_ph.png,1138,765,1173,810,5583,765,5618,810,4445,0,5789,1344,2,869,351
6,paraclone21,1344,35,45,1635560410_981119.png,1635560410_981119_gfp.png,1635560410_981119_ph.png,978,765,1013,810,5583,765,5618,810,4605,0,5949,1344,2,870,352
6,holoclone2,1344,287,323,1635560412_377172.png,1635560412_377172_gfp.png,1635560412_377172_ph.png,457,539,744,862,5911,539,6198,862,5454,0,6798,1344,2,871,353
6,paraclone21,1344,35,45,1635560412_377172.png,1635560412_377172_gfp.png,1635560412_377172_ph.png,129,765,164,810,5583,765,5618,810,5454,0,6798,1344,2,872,353
6,paraclone21,1344,35,45,1635560413_678454.png,1635560413_678454_gfp.png,1635560413_678454_ph.png,840,765,875,810,5583,765,5618,810,4743,0,6087,1344,2,873,354
6,paraclone21,1344,35,45,1635560415_0653172.png,1635560415_0653172_gfp.png,1635560415_0653172_ph.png,1114,29,1149,74,5583,765,5618,810,4469,736,5813,2080,2,874,355
6,paraclone21,1344,35,45,1635560416_370006.png,1635560416_370006_gfp.png,1635560416_370006_ph.png,884,281,919,326,5583,765,5618,810,4699,484,6043,1828,2,875,356
6,paraclone22,1344,63,87,1635560416_370006.png,1635560416_370006_gfp.png,1635560416_370006_ph.png,1118,815,1181,902,5817,1299,5880,1386,4699,484,6043,1828,2,876,356
6,paraclone21,1344,35,45,1635560417_8613162.png,1635560417_8613162_gfp.png,1635560417_8613162_ph.png,1218,765,1253,810,5583,765,5618,810,4365,0,5709,1344,2,877,357
6,holoclone2,1344,287,323,1635560419_223458.png,1635560419_223458_gfp.png,1635560419_223458_ph.png,465,539,752,862,5911,539,6198,862,5446,0,6790,1344,2,878,358
6,paraclone21,1344,35,45,1635560419_223458.png,1635560419_223458_gfp.png,1635560419_223458_ph.png,137,765,172,810,5583,765,5618,810,5446,0,6790,1344,2,879,358
6,holoclone2,1344,287,323,1635560420_451175.png,1635560420_451175_gfp.png,1635560420_451175_ph.png,532,412,819,735,5911,539,6198,862,5379,127,6723,1471,2,880,359
6,paraclone21,1344,35,45,1635560420_451175.png,1635560420_451175_gfp.png,1635560420_451175_ph.png,204,638,239,683,5583,765,5618,810,5379,127,6723,1471,2,881,359
6,paraclone22,1344,63,87,1635560420_451175.png,1635560420_451175_gfp.png,1635560420_451175_ph.png,438,1172,501,1259,5817,1299,5880,1386,5379,127,6723,1471,2,882,359
6,paraclone21,1344,35,45,1635560421_696008.png,1635560421_696008_gfp.png,1635560421_696008_ph.png,816,61,851,106,5583,765,5618,810,4767,704,6111,2048,2,883,360
6,paraclone22,1344,63,87,1635560421_696008.png,1635560421_696008_gfp.png,1635560421_696008_ph.png,1050,595,1113,682,5817,1299,5880,1386,4767,704,6111,2048,2,884,360
6,paraclone22,1344,63,87,1635560423_012042.png,1635560423_012042_gfp.png,1635560423_012042_ph.png,207,460,270,547,5817,1299,5880,1386,5610,839,6954,2183,2,885,361
6,paraclone22,1344,63,87,1635560424_385186.png,1635560424_385186_gfp.png,1635560424_385186_ph.png,595,13,658,100,5817,1299,5880,1386,5222,1286,6566,2630,2,886,362
6,paraclone22,1344,63,87,1635560425_653853.png,1635560425_653853_gfp.png,1635560425_653853_ph.png,272,376,335,463,5817,1299,5880,1386,5545,923,6889,2267,2,887,363
6,paraclone22,1344,63,87,1635560426_992854.png,1635560426_992854_gfp.png,1635560426_992854_ph.png,638,491,701,578,5817,1299,5880,1386,5179,808,6523,2152,2,888,364
6,paraclone22,1344,63,87,1635560428_574545.png,1635560428_574545_gfp.png,1635560428_574545_ph.png,349,135,412,222,5817,1299,5880,1386,5468,1164,6812,2508,2,889,365
6,paraclone22,1344,63,87,1635560429_8141289.png,1635560429_8141289_gfp.png,1635560429_8141289_ph.png,1078,144,1141,231,5817,1299,5880,1386,4739,1155,6083,2499,2,890,366
6,paraclone22,1344,63,87,1635560431_162814.png,1635560431_162814_gfp.png,1635560431_162814_ph.png,486,170,549,257,5817,1299,5880,1386,5331,1129,6675,2473,2,891,367
6,paraclone22,1344,63,87,1635560432_461796.png,1635560432_461796_gfp.png,1635560432_461796_ph.png,1001,344,1064,431,5817,1299,5880,1386,4816,955,6160,2299,2,892,368
6,holoclone2,1344,287,323,1635560433_706511.png,1635560433_706511_gfp.png,1635560433_706511_ph.png,447,95,734,418,5911,539,6198,862,5464,444,6808,1788,2,893,369
6,paraclone21,1344,35,45,1635560433_706511.png,1635560433_706511_gfp.png,1635560433_706511_ph.png,119,321,154,366,5583,765,5618,810,5464,444,6808,1788,2,894,369
6,paraclone22,1344,63,87,1635560433_706511.png,1635560433_706511_gfp.png,1635560433_706511_ph.png,353,855,416,942,5817,1299,5880,1386,5464,444,6808,1788,2,895,369
6,paraclone23,1344,83,99,1635560434_928222.png,1635560434_928222_gfp.png,1635560434_928222_ph.png,493,1110,576,1209,5463,6474,5546,6573,4970,5364,6314,6708,2,896,370
6,paraclone23,1344,83,99,1635560436_221741.png,1635560436_221741_gfp.png,1635560436_221741_ph.png,599,1196,682,1295,5463,6474,5546,6573,4864,5278,6208,6622,2,897,371
6,meroclone6,1344,67,61,1635560437_5422778.png,1635560437_5422778_gfp.png,1635560437_5422778_ph.png,35,1007,102,1068,4301,6483,4368,6544,4266,5476,5610,6820,2,898,372
6,paraclone23,1344,83,99,1635560437_5422778.png,1635560437_5422778_gfp.png,1635560437_5422778_ph.png,1197,998,1280,1097,5463,6474,5546,6573,4266,5476,5610,6820,2,899,372
6,paraclone23,1344,83,99,1635560438_933304.png,1635560438_933304_gfp.png,1635560438_933304_ph.png,76,1119,159,1218,5463,6474,5546,6573,5387,5355,6731,6699,2,900,373
6,paraclone23,1344,83,99,1635560440_12655.png,1635560440_12655_gfp.png,1635560440_12655_ph.png,807,1019,890,1118,5463,6474,5546,6573,4656,5455,6000,6799,2,901,374
6,paraclone23,1344,83,99,1635560441_323349.png,1635560441_323349_gfp.png,1635560441_323349_ph.png,597,910,680,1009,5463,6474,5546,6573,4866,5564,6210,6908,2,902,375
6,paraclone23,1344,83,99,1635560442_5198169.png,1635560442_5198169_gfp.png,1635560442_5198169_ph.png,1152,824,1235,923,5463,6474,5546,6573,4311,5650,5655,6994,2,903,376
6,paraclone23,1344,83,99,1635560443_7202728.png,1635560443_7202728_gfp.png,1635560443_7202728_ph.png,306,1240,389,1339,5463,6474,5546,6573,5157,5234,6501,6578,2,904,377
6,paraclone23,1344,83,99,1635560444_913451.png,1635560444_913451_gfp.png,1635560444_913451_ph.png,68,880,151,979,5463,6474,5546,6573,5395,5594,6739,6938,2,905,378
6,meroclone6,1344,67,61,1635560446_0961542.png,1635560446_0961542_gfp.png,1635560446_0961542_ph.png,43,1196,110,1257,4301,6483,4368,6544,4258,5287,5602,6631,2,906,379
6,paraclone23,1344,83,99,1635560446_0961542.png,1635560446_0961542_gfp.png,1635560446_0961542_ph.png,1205,1187,1288,1286,5463,6474,5546,6573,4258,5287,5602,6631,2,907,379
6,holoclone7,1344,105,117,1635560447_29144.png,1635560447_29144_gfp.png,1635560447_29144_ph.png,265,697,370,814,3344,1098,3449,1215,3079,401,4423,1745,2,908,380
6,meroclone9,1344,106,111,1635560447_29144.png,1635560447_29144_gfp.png,1635560447_29144_ph.png,1106,240,1212,351,4185,641,4291,752,3079,401,4423,1745,2,909,380
6,paraclone15,1344,46,50,1635560447_29144.png,1635560447_29144_gfp.png,1635560447_29144_ph.png,102,363,148,413,3181,764,3227,814,3079,401,4423,1745,2,910,380
6,paraclone16,1344,51,56,1635560447_29144.png,1635560447_29144_gfp.png,1635560447_29144_ph.png,473,290,524,346,3552,691,3603,747,3079,401,4423,1745,2,911,380
6,paraclone19,1344,84,97,1635560447_29144.png,1635560447_29144_gfp.png,1635560447_29144_ph.png,1118,1139,1202,1236,4197,1540,4281,1637,3079,401,4423,1745,2,912,380
6,paraclone24,1344,67,64,1635560447_29144.png,1635560447_29144_gfp.png,1635560447_29144_ph.png,1191,133,1258,197,4270,534,4337,598,3079,401,4423,1745,2,913,380
6,holoclone7,1344,105,117,1635560448_51414.png,1635560448_51414_gfp.png,1635560448_51414_ph.png,325,821,430,938,3344,1098,3449,1215,3019,277,4363,1621,2,914,381
6,meroclone9,1344,106,111,1635560448_51414.png,1635560448_51414_gfp.png,1635560448_51414_ph.png,1166,364,1272,475,4185,641,4291,752,3019,277,4363,1621,2,915,381
6,paraclone15,1344,46,50,1635560448_51414.png,1635560448_51414_gfp.png,1635560448_51414_ph.png,162,487,208,537,3181,764,3227,814,3019,277,4363,1621,2,916,381
6,paraclone16,1344,51,56,1635560448_51414.png,1635560448_51414_gfp.png,1635560448_51414_ph.png,533,414,584,470,3552,691,3603,747,3019,277,4363,1621,2,917,381
6,paraclone24,1344,67,64,1635560448_51414.png,1635560448_51414_gfp.png,1635560448_51414_ph.png,1251,257,1318,321,4270,534,4337,598,3019,277,4363,1621,2,918,381
6,meroclone9,1344,106,111,1635560449_713084.png,1635560449_713084_gfp.png,1635560449_713084_ph.png,796,641,902,752,4185,641,4291,752,3389,0,4733,1344,2,919,382
6,paraclone16,1344,51,56,1635560449_713084.png,1635560449_713084_gfp.png,1635560449_713084_ph.png,163,691,214,747,3552,691,3603,747,3389,0,4733,1344,2,920,382
6,paraclone24,1344,67,64,1635560449_713084.png,1635560449_713084_gfp.png,1635560449_713084_ph.png,881,534,948,598,4270,534,4337,598,3389,0,4733,1344,2,921,382
6,meroclone9,1344,106,111,1635560450_901275.png,1635560450_901275_gfp.png,1635560450_901275_ph.png,590,641,696,752,4185,641,4291,752,3595,0,4939,1344,2,922,383
6,paraclone24,1344,67,64,1635560450_901275.png,1635560450_901275_gfp.png,1635560450_901275_ph.png,675,534,742,598,4270,534,4337,598,3595,0,4939,1344,2,923,383
6,meroclone9,1344,106,111,1635560452_092932.png,1635560452_092932_gfp.png,1635560452_092932_ph.png,732,641,838,752,4185,641,4291,752,3453,0,4797,1344,2,924,384
6,paraclone16,1344,51,56,1635560452_092932.png,1635560452_092932_gfp.png,1635560452_092932_ph.png,99,691,150,747,3552,691,3603,747,3453,0,4797,1344,2,925,384
6,paraclone24,1344,67,64,1635560452_092932.png,1635560452_092932_gfp.png,1635560452_092932_ph.png,817,534,884,598,4270,534,4337,598,3453,0,4797,1344,2,926,384
6,holoclone7,1344,105,117,1635560453_541844.png,1635560453_541844_gfp.png,1635560453_541844_ph.png,283,1098,388,1215,3344,1098,3449,1215,3061,0,4405,1344,2,927,385
6,meroclone9,1344,106,111,1635560453_541844.png,1635560453_541844_gfp.png,1635560453_541844_ph.png,1124,641,1230,752,4185,641,4291,752,3061,0,4405,1344,2,928,385
6,paraclone15,1344,46,50,1635560453_541844.png,1635560453_541844_gfp.png,1635560453_541844_ph.png,120,764,166,814,3181,764,3227,814,3061,0,4405,1344,2,929,385
6,paraclone16,1344,51,56,1635560453_541844.png,1635560453_541844_gfp.png,1635560453_541844_ph.png,491,691,542,747,3552,691,3603,747,3061,0,4405,1344,2,930,385
6,paraclone24,1344,67,64,1635560453_541844.png,1635560453_541844_gfp.png,1635560453_541844_ph.png,1209,534,1276,598,4270,534,4337,598,3061,0,4405,1344,2,931,385
6,holoclone5,1344,227,182,1635560454_8351622.png,1635560454_8351622_gfp.png,1635560454_8351622_ph.png,179,1146,406,1328,4433,1294,4660,1476,4254,148,5598,1492,2,932,386
6,paraclone24,1344,67,64,1635560454_8351622.png,1635560454_8351622_gfp.png,1635560454_8351622_ph.png,16,386,83,450,4270,534,4337,598,4254,148,5598,1492,2,933,386
6,meroclone9,1344,106,111,1635560456_053803.png,1635560456_053803_gfp.png,1635560456_053803_ph.png,832,641,938,752,4185,641,4291,752,3353,0,4697,1344,2,934,387
6,paraclone16,1344,51,56,1635560456_053803.png,1635560456_053803_gfp.png,1635560456_053803_ph.png,199,691,250,747,3552,691,3603,747,3353,0,4697,1344,2,935,387
6,paraclone24,1344,67,64,1635560456_053803.png,1635560456_053803_gfp.png,1635560456_053803_ph.png,917,534,984,598,4270,534,4337,598,3353,0,4697,1344,2,936,387
6,meroclone9,1344,106,111,1635560457_250701.png,1635560457_250701_gfp.png,1635560457_250701_ph.png,794,641,900,752,4185,641,4291,752,3391,0,4735,1344,2,937,388
6,paraclone16,1344,51,56,1635560457_250701.png,1635560457_250701_gfp.png,1635560457_250701_ph.png,161,691,212,747,3552,691,3603,747,3391,0,4735,1344,2,938,388
6,paraclone24,1344,67,64,1635560457_250701.png,1635560457_250701_gfp.png,1635560457_250701_ph.png,879,534,946,598,4270,534,4337,598,3391,0,4735,1344,2,939,388
6,meroclone9,1344,106,111,1635560458_46166.png,1635560458_46166_gfp.png,1635560458_46166_ph.png,36,641,142,752,4185,641,4291,752,4149,0,5493,1344,2,940,389
6,paraclone24,1344,67,64,1635560458_46166.png,1635560458_46166_gfp.png,1635560458_46166_ph.png,121,534,188,598,4270,534,4337,598,4149,0,5493,1344,2,941,389
6,meroclone4,1344,89,83,1635560459_6580758.png,1635560459_6580758_gfp.png,1635560459_6580758_ph.png,756,337,845,420,3773,2009,3862,2092,3017,1672,4361,3016,2,942,390
6,paraclone17,1344,81,96,1635560459_6580758.png,1635560459_6580758_gfp.png,1635560459_6580758_ph.png,672,548,753,644,3689,2220,3770,2316,3017,1672,4361,3016,2,943,390
6,paraclone18,1344,56,46,1635560459_6580758.png,1635560459_6580758_gfp.png,1635560459_6580758_ph.png,876,781,932,827,3893,2453,3949,2499,3017,1672,4361,3016,2,944,390
6,paraclone25,1344,67,76,1635560459_6580758.png,1635560459_6580758_gfp.png,1635560459_6580758_ph.png,971,416,1038,492,3988,2088,4055,2164,3017,1672,4361,3016,2,945,390
6,meroclone4,1344,89,83,1635560460_8645551.png,1635560460_8645551_gfp.png,1635560460_8645551_ph.png,1014,576,1103,659,3773,2009,3862,2092,2759,1433,4103,2777,2,946,391
6,paraclone17,1344,81,96,1635560460_8645551.png,1635560460_8645551_gfp.png,1635560460_8645551_ph.png,930,787,1011,883,3689,2220,3770,2316,2759,1433,4103,2777,2,947,391
6,paraclone18,1344,56,46,1635560460_8645551.png,1635560460_8645551_gfp.png,1635560460_8645551_ph.png,1134,1020,1190,1066,3893,2453,3949,2499,2759,1433,4103,2777,2,948,391
6,paraclone25,1344,67,76,1635560460_8645551.png,1635560460_8645551_gfp.png,1635560460_8645551_ph.png,1229,655,1296,731,3988,2088,4055,2164,2759,1433,4103,2777,2,949,391
6,meroclone4,1344,89,83,1635560462_092104.png,1635560462_092104_gfp.png,1635560462_092104_ph.png,332,200,421,283,3773,2009,3862,2092,3441,1809,4785,3153,2,950,392
6,meroclone9,1344,78,83,1635560462_092104.png,1635560462_092104_gfp.png,1635560462_092104_ph.png,1240,914,1318,997,4681,2723,4759,2806,3441,1809,4785,3153,2,951,392
6,paraclone17,1344,81,96,1635560462_092104.png,1635560462_092104_gfp.png,1635560462_092104_ph.png,248,411,329,507,3689,2220,3770,2316,3441,1809,4785,3153,2,952,392
6,paraclone18,1344,56,46,1635560462_092104.png,1635560462_092104_gfp.png,1635560462_092104_ph.png,452,644,508,690,3893,2453,3949,2499,3441,1809,4785,3153,2,953,392
6,paraclone25,1344,67,76,1635560462_092104.png,1635560462_092104_gfp.png,1635560462_092104_ph.png,547,279,614,355,3988,2088,4055,2164,3441,1809,4785,3153,2,954,392
6,meroclone9,1344,78,83,1635560463_34254.png,1635560463_34254_gfp.png,1635560463_34254_ph.png,832,860,910,943,4681,2723,4759,2806,3849,1863,5193,3207,2,955,393
6,paraclone18,1344,56,46,1635560463_34254.png,1635560463_34254_gfp.png,1635560463_34254_ph.png,44,590,100,636,3893,2453,3949,2499,3849,1863,5193,3207,2,956,393
6,paraclone25,1344,67,76,1635560463_34254.png,1635560463_34254_gfp.png,1635560463_34254_ph.png,139,225,206,301,3988,2088,4055,2164,3849,1863,5193,3207,2,957,393
6,holoclone6,1344,251,236,1635560464_5821068.png,1635560464_5821068_gfp.png,1635560464_5821068_ph.png,398,1008,649,1244,4369,3033,4620,3269,3971,2025,5315,3369,2,958,394
6,meroclone9,1344,78,83,1635560464_5821068.png,1635560464_5821068_gfp.png,1635560464_5821068_ph.png,710,698,788,781,4681,2723,4759,2806,3971,2025,5315,3369,2,959,394
6,paraclone25,1344,67,76,1635560464_5821068.png,1635560464_5821068_gfp.png,1635560464_5821068_ph.png,17,63,84,139,3988,2088,4055,2164,3971,2025,5315,3369,2,960,394
6,meroclone9,1344,78,83,1635560465_907613.png,1635560465_907613_gfp.png,1635560465_907613_ph.png,865,960,943,1043,4681,2723,4759,2806,3816,1763,5160,3107,2,961,395
6,paraclone18,1344,56,46,1635560465_907613.png,1635560465_907613_gfp.png,1635560465_907613_ph.png,77,690,133,736,3893,2453,3949,2499,3816,1763,5160,3107,2,962,395
6,paraclone25,1344,67,76,1635560465_907613.png,1635560465_907613_gfp.png,1635560465_907613_ph.png,172,325,239,401,3988,2088,4055,2164,3816,1763,5160,3107,2,963,395
6,meroclone4,1344,89,83,1635560467_148107.png,1635560467_148107_gfp.png,1635560467_148107_ph.png,1049,204,1138,287,3773,2009,3862,2092,2724,1805,4068,3149,2,964,396
6,paraclone17,1344,81,96,1635560467_148107.png,1635560467_148107_gfp.png,1635560467_148107_ph.png,965,415,1046,511,3689,2220,3770,2316,2724,1805,4068,3149,2,965,396
6,paraclone18,1344,56,46,1635560467_148107.png,1635560467_148107_gfp.png,1635560467_148107_ph.png,1169,648,1225,694,3893,2453,3949,2499,2724,1805,4068,3149,2,966,396
6,paraclone25,1344,67,76,1635560467_148107.png,1635560467_148107_gfp.png,1635560467_148107_ph.png,1264,283,1331,359,3988,2088,4055,2164,2724,1805,4068,3149,2,967,396
6,meroclone4,1344,89,83,1635560468_5528262.png,1635560468_5528262_gfp.png,1635560468_5528262_ph.png,611,942,700,1025,3773,2009,3862,2092,3162,1067,4506,2411,2,968,397
6,holoclone7,1344,105,117,1635560468_5528262.png,1635560468_5528262_gfp.png,1635560468_5528262_ph.png,182,31,287,148,3344,1098,3449,1215,3162,1067,4506,2411,2,969,397
6,paraclone17,1344,81,96,1635560468_5528262.png,1635560468_5528262_gfp.png,1635560468_5528262_ph.png,527,1153,608,1249,3689,2220,3770,2316,3162,1067,4506,2411,2,970,397
6,paraclone19,1344,84,97,1635560468_5528262.png,1635560468_5528262_gfp.png,1635560468_5528262_ph.png,1035,473,1119,570,4197,1540,4281,1637,3162,1067,4506,2411,2,971,397
6,paraclone25,1344,67,76,1635560468_5528262.png,1635560468_5528262_gfp.png,1635560468_5528262_ph.png,826,1021,893,1097,3988,2088,4055,2164,3162,1067,4506,2411,2,972,397
6,meroclone4,1344,89,83,1635560469_8465438.png,1635560469_8465438_gfp.png,1635560469_8465438_ph.png,840,370,929,453,3773,2009,3862,2092,2933,1639,4277,2983,2,973,398
6,paraclone17,1344,81,96,1635560469_8465438.png,1635560469_8465438_gfp.png,1635560469_8465438_ph.png,756,581,837,677,3689,2220,3770,2316,2933,1639,4277,2983,2,974,398
6,paraclone18,1344,56,46,1635560469_8465438.png,1635560469_8465438_gfp.png,1635560469_8465438_ph.png,960,814,1016,860,3893,2453,3949,2499,2933,1639,4277,2983,2,975,398
6,paraclone25,1344,67,76,1635560469_8465438.png,1635560469_8465438_gfp.png,1635560469_8465438_ph.png,1055,449,1122,525,3988,2088,4055,2164,2933,1639,4277,2983,2,976,398
6,holoclone5,1344,227,182,1635560471_3291352.png,1635560471_3291352_gfp.png,1635560471_3291352_ph.png,461,458,688,640,4433,1294,4660,1476,3972,836,5316,2180,2,977,399
6,paraclone19,1344,84,97,1635560471_3291352.png,1635560471_3291352_gfp.png,1635560471_3291352_ph.png,225,704,309,801,4197,1540,4281,1637,3972,836,5316,2180,2,978,399
6,paraclone25,1344,67,76,1635560471_3291352.png,1635560471_3291352_gfp.png,1635560471_3291352_ph.png,16,1252,83,1328,3988,2088,4055,2164,3972,836,5316,2180,2,979,399
6,paraclone1,1344,59,67,1635560473_382136.png,1635560473_382136_gfp.png,1635560473_382136_ph.png,987,1027,1046,1094,4958,5024,5017,5091,3971,3997,5315,5341,3,980,400
6,paraclone1,1344,59,67,1635560474_871789.png,1635560474_871789_gfp.png,1635560474_871789_ph.png,459,151,518,218,4958,5024,5017,5091,4499,4873,5843,6217,3,981,401
6,paraclone1,1344,59,67,1635560476_1412559.png,1635560476_1412559_gfp.png,1635560476_1412559_ph.png,1117,1140,1176,1207,4958,5024,5017,5091,3841,3884,5185,5228,3,982,402
6,paraclone1,1344,59,67,1635560477_406445.png,1635560477_406445_gfp.png,1635560477_406445_ph.png,550,769,609,836,4958,5024,5017,5091,4408,4255,5752,5599,3,983,403
6,paraclone1,1344,59,67,1635560478_853565.png,1635560478_853565_gfp.png,1635560478_853565_ph.png,661,1068,720,1135,4958,5024,5017,5091,4297,3956,5641,5300,3,984,404
6,paraclone1,1344,59,67,1635560480_2074502.png,1635560480_2074502_gfp.png,1635560480_2074502_ph.png,695,932,754,999,4958,5024,5017,5091,4263,4092,5607,5436,3,985,405
6,paraclone1,1344,59,67,1635560481_673378.png,1635560481_673378_gfp.png,1635560481_673378_ph.png,1000,437,1059,504,4958,5024,5017,5091,3958,4587,5302,5931,3,986,406
6,paraclone1,1344,59,67,1635560483_0491982.png,1635560483_0491982_gfp.png,1635560483_0491982_ph.png,909,176,968,243,4958,5024,5017,5091,4049,4848,5393,6192,3,987,407
6,paraclone1,1344,59,67,1635560484_40757.png,1635560484_40757_gfp.png,1635560484_40757_ph.png,1274,533,1333,600,4958,5024,5017,5091,3684,4491,5028,5835,3,988,408
6,paraclone1,1344,59,67,1635560485_6818318.png,1635560485_6818318_gfp.png,1635560485_6818318_ph.png,1244,736,1303,803,4958,5024,5017,5091,3714,4288,5058,5632,3,989,409
6,paraclone2,1344,26,32,1635560486_954026.png,1635560486_954026_gfp.png,1635560486_954026_ph.png,467,1039,493,1071,2538,4445,2564,4477,2071,3406,3415,4750,3,990,410
6,paraclone3,1344,59,57,1635560486_954026.png,1635560486_954026_gfp.png,1635560486_954026_ph.png,199,1243,258,1300,2270,4649,2329,4706,2071,3406,3415,4750,3,991,410
6,paraclone2,1344,26,32,1635560488_2272298.png,1635560488_2272298_gfp.png,1635560488_2272298_ph.png,58,775,84,807,2538,4445,2564,4477,2480,3670,3824,5014,3,992,411
6,paraclone2,1344,26,32,1635560489_4982321.png,1635560489_4982321_gfp.png,1635560489_4982321_ph.png,33,640,59,672,2538,4445,2564,4477,2505,3805,3849,5149,3,993,412
6,paraclone2,1344,26,32,1635560490_790698.png,1635560490_790698_gfp.png,1635560490_790698_ph.png,33,490,59,522,2538,4445,2564,4477,2505,3955,3849,5299,3,994,413
6,paraclone2,1344,26,32,1635560492_2377641.png,1635560492_2377641_gfp.png,1635560492_2377641_ph.png,225,244,251,276,2538,4445,2564,4477,2313,4201,3657,5545,3,995,414
6,paraclone2,1344,26,32,1635560493_521742.png,1635560493_521742_gfp.png,1635560493_521742_ph.png,80,384,106,416,2538,4445,2564,4477,2458,4061,3802,5405,3,996,415
6,paraclone2,1344,26,32,1635560494_792456.png,1635560494_792456_gfp.png,1635560494_792456_ph.png,1290,1098,1316,1130,2538,4445,2564,4477,1248,3347,2592,4691,3,997,416
6,paraclone2,1344,26,32,1635560496_058081.png,1635560496_058081_gfp.png,1635560496_058081_ph.png,981,1082,1007,1114,2538,4445,2564,4477,1557,3363,2901,4707,3,998,417
6,paraclone3,1344,59,57,1635560496_058081.png,1635560496_058081_gfp.png,1635560496_058081_ph.png,713,1286,772,1343,2270,4649,2329,4706,1557,3363,2901,4707,3,999,417
6,paraclone2,1344,26,32,1635560497_3330078.png,1635560497_3330078_gfp.png,1635560497_3330078_ph.png,368,170,394,202,2538,4445,2564,4477,2170,4275,3514,5619,3,1000,418
6,paraclone3,1344,59,57,1635560497_3330078.png,1635560497_3330078_gfp.png,1635560497_3330078_ph.png,100,374,159,431,2270,4649,2329,4706,2170,4275,3514,5619,3,1001,418
6,paraclone2,1344,26,32,1635560498_628624.png,1635560498_628624_gfp.png,1635560498_628624_ph.png,147,300,173,332,2538,4445,2564,4477,2391,4145,3735,5489,3,1002,419
6,paraclone2,1344,26,32,1635560499_892782.png,1635560499_892782_gfp.png,1635560499_892782_ph.png,1318,469,1344,501,2538,4445,2564,4477,1220,3976,2564,5320,3,1003,420
6,paraclone3,1344,59,57,1635560499_892782.png,1635560499_892782_gfp.png,1635560499_892782_ph.png,1050,673,1109,730,2270,4649,2329,4706,1220,3976,2564,5320,3,1004,420
6,paraclone2,1344,26,32,1635560501_1601841.png,1635560501_1601841_gfp.png,1635560501_1601841_ph.png,387,549,413,581,2538,4445,2564,4477,2151,3896,3495,5240,3,1005,421
6,paraclone3,1344,59,57,1635560501_1601841.png,1635560501_1601841_gfp.png,1635560501_1601841_ph.png,119,753,178,810,2270,4649,2329,4706,2151,3896,3495,5240,3,1006,421
6,paraclone2,1344,26,32,1635560502_550142.png,1635560502_550142_gfp.png,1635560502_550142_ph.png,1155,1081,1181,1113,2538,4445,2564,4477,1383,3364,2727,4708,3,1007,422
6,paraclone3,1344,59,57,1635560502_550142.png,1635560502_550142_gfp.png,1635560502_550142_ph.png,887,1285,946,1342,2270,4649,2329,4706,1383,3364,2727,4708,3,1008,422
6,paraclone2,1344,26,32,1635560503_921622.png,1635560503_921622_gfp.png,1635560503_921622_ph.png,570,481,596,513,2538,4445,2564,4477,1968,3964,3312,5308,3,1009,423
6,paraclone3,1344,59,57,1635560503_921622.png,1635560503_921622_gfp.png,1635560503_921622_ph.png,302,685,361,742,2270,4649,2329,4706,1968,3964,3312,5308,3,1010,423
6,paraclone3,1344,59,57,1635560505_192097.png,1635560505_192097_gfp.png,1635560505_192097_ph.png,1182,542,1241,599,2270,4649,2329,4706,1088,4107,2432,5451,3,1011,424
6,paraclone3,1344,59,57,1635560506_598322.png,1635560506_598322_gfp.png,1635560506_598322_ph.png,1060,1229,1119,1286,2270,4649,2329,4706,1210,3420,2554,4764,3,1012,425
6,paraclone2,1344,26,32,1635560508_128525.png,1635560508_128525_gfp.png,1635560508_128525_ph.png,285,441,311,473,2538,4445,2564,4477,2253,4004,3597,5348,3,1013,426
6,paraclone3,1344,59,57,1635560508_128525.png,1635560508_128525_gfp.png,1635560508_128525_ph.png,17,645,76,702,2270,4649,2329,4706,2253,4004,3597,5348,3,1014,426
6,paraclone2,1344,26,32,1635560509_4050062.png,1635560509_4050062_gfp.png,1635560509_4050062_ph.png,1289,182,1315,214,2538,4445,2564,4477,1249,4263,2593,5607,3,1015,427
6,paraclone3,1344,59,57,1635560509_4050062.png,1635560509_4050062_gfp.png,1635560509_4050062_ph.png,1021,386,1080,443,2270,4649,2329,4706,1249,4263,2593,5607,3,1016,427
6,paraclone3,1344,59,57,1635560510_674846.png,1635560510_674846_gfp.png,1635560510_674846_ph.png,1025,26,1084,83,2270,4649,2329,4706,1245,4623,2589,5967,3,1017,428
6,paraclone2,1344,26,32,1635560511_935551.png,1635560511_935551_gfp.png,1635560511_935551_ph.png,877,910,903,942,2538,4445,2564,4477,1661,3535,3005,4879,3,1018,429
6,paraclone3,1344,59,57,1635560511_935551.png,1635560511_935551_gfp.png,1635560511_935551_ph.png,609,1114,668,1171,2270,4649,2329,4706,1661,3535,3005,4879,3,1019,429
6,paraclone4,1344,53,64,1635560513_199954.png,1635560513_199954_gfp.png,1635560513_199954_ph.png,511,743,564,807,5089,2609,5142,2673,4578,1866,5922,3210,3,1020,430
6,paraclone4,1344,53,64,1635560514_4695208.png,1635560514_4695208_gfp.png,1635560514_4695208_ph.png,505,1254,558,1318,5089,2609,5142,2673,4584,1355,5928,2699,3,1021,431
6,paraclone5,1344,86,75,1635560514_4695208.png,1635560514_4695208_gfp.png,1635560514_4695208_ph.png,494,478,580,553,5078,1833,5164,1908,4584,1355,5928,2699,3,1022,431
6,paraclone15,1344,97,76,1635560514_4695208.png,1635560514_4695208_gfp.png,1635560514_4695208_ph.png,89,397,186,473,4673,1752,4770,1828,4584,1355,5928,2699,3,1023,431
6,paraclone4,1344,53,64,1635560515_7352169.png,1635560515_7352169_gfp.png,1635560515_7352169_ph.png,324,927,377,991,5089,2609,5142,2673,4765,1682,6109,3026,3,1024,432
6,paraclone5,1344,86,75,1635560515_7352169.png,1635560515_7352169_gfp.png,1635560515_7352169_ph.png,313,151,399,226,5078,1833,5164,1908,4765,1682,6109,3026,3,1025,432
6,paraclone4,1344,53,64,1635560516_9968472.png,1635560516_9968472_gfp.png,1635560516_9968472_ph.png,510,1254,563,1318,5089,2609,5142,2673,4579,1355,5923,2699,3,1026,433
6,paraclone5,1344,86,75,1635560516_9968472.png,1635560516_9968472_gfp.png,1635560516_9968472_ph.png,499,478,585,553,5078,1833,5164,1908,4579,1355,5923,2699,3,1027,433
6,paraclone15,1344,97,76,1635560516_9968472.png,1635560516_9968472_gfp.png,1635560516_9968472_ph.png,94,397,191,473,4673,1752,4770,1828,4579,1355,5923,2699,3,1028,433
6,paraclone4,1344,53,64,1635560518_269451.png,1635560518_269451_gfp.png,1635560518_269451_ph.png,27,1031,80,1095,5089,2609,5142,2673,5062,1578,6406,2922,3,1029,434
6,paraclone5,1344,86,75,1635560518_269451.png,1635560518_269451_gfp.png,1635560518_269451_ph.png,16,255,102,330,5078,1833,5164,1908,5062,1578,6406,2922,3,1030,434
6,paraclone4,1344,53,64,1635560519_564138.png,1635560519_564138_gfp.png,1635560519_564138_ph.png,227,1276,280,1340,5089,2609,5142,2673,4862,1333,6206,2677,3,1031,435
6,paraclone5,1344,86,75,1635560519_564138.png,1635560519_564138_gfp.png,1635560519_564138_ph.png,216,500,302,575,5078,1833,5164,1908,4862,1333,6206,2677,3,1032,435
6,paraclone4,1344,53,64,1635560521_0440829.png,1635560521_0440829_gfp.png,1635560521_0440829_ph.png,93,179,146,243,5089,2609,5142,2673,4996,2430,6340,3774,3,1033,436
6,paraclone4,1344,53,64,1635560522_387119.png,1635560522_387119_gfp.png,1635560522_387119_ph.png,127,1210,180,1274,5089,2609,5142,2673,4962,1399,6306,2743,3,1034,437
6,paraclone5,1344,86,75,1635560522_387119.png,1635560522_387119_gfp.png,1635560522_387119_ph.png,116,434,202,509,5078,1833,5164,1908,4962,1399,6306,2743,3,1035,437
6,paraclone4,1344,53,64,1635560523_7823691.png,1635560523_7823691_gfp.png,1635560523_7823691_ph.png,1193,976,1246,1040,5089,2609,5142,2673,3896,1633,5240,2977,3,1036,438
6,paraclone5,1344,86,75,1635560523_7823691.png,1635560523_7823691_gfp.png,1635560523_7823691_ph.png,1182,200,1268,275,5078,1833,5164,1908,3896,1633,5240,2977,3,1037,438
6,meroclone5,1344,55,63,1635560523_7823691.png,1635560523_7823691_gfp.png,1635560523_7823691_ph.png,388,245,443,308,4284,1878,4339,1941,3896,1633,5240,2977,3,1038,438
6,paraclone15,1344,97,76,1635560523_7823691.png,1635560523_7823691_gfp.png,1635560523_7823691_ph.png,777,119,874,195,4673,1752,4770,1828,3896,1633,5240,2977,3,1039,438
6,paraclone21,1344,123,95,1635560523_7823691.png,1635560523_7823691_gfp.png,1635560523_7823691_ph.png,195,360,318,455,4091,1993,4214,2088,3896,1633,5240,2977,3,1040,438
6,paraclone4,1344,53,64,1635560525_133069.png,1635560525_133069_gfp.png,1635560525_133069_ph.png,641,892,694,956,5089,2609,5142,2673,4448,1717,5792,3061,3,1041,439
6,paraclone5,1344,86,75,1635560525_133069.png,1635560525_133069_gfp.png,1635560525_133069_ph.png,630,116,716,191,5078,1833,5164,1908,4448,1717,5792,3061,3,1042,439
6,paraclone15,1344,97,76,1635560525_133069.png,1635560525_133069_gfp.png,1635560525_133069_ph.png,225,35,322,111,4673,1752,4770,1828,4448,1717,5792,3061,3,1043,439
6,paraclone4,1344,53,64,1635560526_539005.png,1635560526_539005_gfp.png,1635560526_539005_ph.png,356,892,409,956,5089,2609,5142,2673,4733,1717,6077,3061,3,1044,440
6,paraclone5,1344,86,75,1635560526_539005.png,1635560526_539005_gfp.png,1635560526_539005_ph.png,345,116,431,191,5078,1833,5164,1908,4733,1717,6077,3061,3,1045,440
6,paraclone5,1344,86,75,1635560528_065077.png,1635560528_065077_gfp.png,1635560528_065077_ph.png,222,1238,308,1313,5078,1833,5164,1908,4856,595,6200,1939,3,1046,441
6,paraclone12,1344,36,44,1635560528_065077.png,1635560528_065077_gfp.png,1635560528_065077_ph.png,413,275,449,319,5269,870,5305,914,4856,595,6200,1939,3,1047,441
6,paraclone5,1344,86,75,1635560529_5421739.png,1635560529_5421739_gfp.png,1635560529_5421739_ph.png,830,1102,916,1177,5078,1833,5164,1908,4248,731,5592,2075,3,1048,442
6,meroclone5,1344,55,63,1635560529_5421739.png,1635560529_5421739_gfp.png,1635560529_5421739_ph.png,36,1147,91,1210,4284,1878,4339,1941,4248,731,5592,2075,3,1049,442
6,paraclone12,1344,36,44,1635560529_5421739.png,1635560529_5421739_gfp.png,1635560529_5421739_ph.png,1021,139,1057,183,5269,870,5305,914,4248,731,5592,2075,3,1050,442
6,paraclone15,1344,97,76,1635560529_5421739.png,1635560529_5421739_gfp.png,1635560529_5421739_ph.png,425,1021,522,1097,4673,1752,4770,1828,4248,731,5592,2075,3,1051,442
6,paraclone5,1344,86,75,1635560530_889685.png,1635560530_889685_gfp.png,1635560530_889685_ph.png,288,906,374,981,5078,1833,5164,1908,4790,927,6134,2271,3,1052,443
6,paraclone5,1344,86,75,1635560532_166524.png,1635560532_166524_gfp.png,1635560532_166524_ph.png,1091,899,1177,974,5078,1833,5164,1908,3987,934,5331,2278,3,1053,444
6,meroclone5,1344,55,63,1635560532_166524.png,1635560532_166524_gfp.png,1635560532_166524_ph.png,297,944,352,1007,4284,1878,4339,1941,3987,934,5331,2278,3,1054,444
6,paraclone14,1344,88,56,1635560532_166524.png,1635560532_166524_gfp.png,1635560532_166524_ph.png,162,8,250,64,4149,942,4237,998,3987,934,5331,2278,3,1055,444
6,paraclone15,1344,97,76,1635560532_166524.png,1635560532_166524_gfp.png,1635560532_166524_ph.png,686,818,783,894,4673,1752,4770,1828,3987,934,5331,2278,3,1056,444
6,paraclone21,1344,123,95,1635560532_166524.png,1635560532_166524_gfp.png,1635560532_166524_ph.png,104,1059,227,1154,4091,1993,4214,2088,3987,934,5331,2278,3,1057,444
6,paraclone5,1344,86,75,1635560533_433881.png,1635560533_433881_gfp.png,1635560533_433881_ph.png,654,897,740,972,5078,1833,5164,1908,4424,936,5768,2280,3,1058,445
6,paraclone15,1344,97,76,1635560533_433881.png,1635560533_433881_gfp.png,1635560533_433881_ph.png,249,816,346,892,4673,1752,4770,1828,4424,936,5768,2280,3,1059,445
6,paraclone4,1344,53,64,1635560534_712299.png,1635560534_712299_gfp.png,1635560534_712299_ph.png,910,889,963,953,5089,2609,5142,2673,4179,1720,5523,3064,3,1060,446
6,paraclone5,1344,86,75,1635560534_712299.png,1635560534_712299_gfp.png,1635560534_712299_ph.png,899,113,985,188,5078,1833,5164,1908,4179,1720,5523,3064,3,1061,446
6,meroclone5,1344,55,63,1635560534_712299.png,1635560534_712299_gfp.png,1635560534_712299_ph.png,105,158,160,221,4284,1878,4339,1941,4179,1720,5523,3064,3,1062,446
6,paraclone15,1344,97,76,1635560534_712299.png,1635560534_712299_gfp.png,1635560534_712299_ph.png,494,32,591,108,4673,1752,4770,1828,4179,1720,5523,3064,3,1063,446
6,paraclone4,1344,53,64,1635560536_2433531.png,1635560536_2433531_gfp.png,1635560536_2433531_ph.png,663,833,716,897,5089,2609,5142,2673,4426,1776,5770,3120,3,1064,447
6,paraclone5,1344,86,75,1635560536_2433531.png,1635560536_2433531_gfp.png,1635560536_2433531_ph.png,652,57,738,132,5078,1833,5164,1908,4426,1776,5770,3120,3,1065,447
6,paraclone4,1344,53,64,1635560537_721579.png,1635560537_721579_gfp.png,1635560537_721579_ph.png,171,1122,224,1186,5089,2609,5142,2673,4918,1487,6262,2831,3,1066,448
6,paraclone5,1344,86,75,1635560537_721579.png,1635560537_721579_gfp.png,1635560537_721579_ph.png,160,346,246,421,5078,1833,5164,1908,4918,1487,6262,2831,3,1067,448
6,paraclone5,1344,86,75,1635560539_208547.png,1635560539_208547_gfp.png,1635560539_208547_ph.png,141,633,227,708,5078,1833,5164,1908,4937,1200,6281,2544,3,1068,449
6,paraclone6,1344,63,85,1635560540_679914.png,1635560540_679914_gfp.png,1635560540_679914_ph.png,553,1005,616,1090,745,2528,808,2613,192,1523,1536,2867,3,1069,450
6,paraclone6,1344,63,85,1635560542_15626.png,1635560542_15626_gfp.png,1635560542_15626_ph.png,705,1114,768,1199,745,2528,808,2613,40,1414,1384,2758,3,1070,451
6,paraclone6,1344,63,85,1635560543_431005.png,1635560543_431005_gfp.png,1635560543_431005_ph.png,317,403,380,488,745,2528,808,2613,428,2125,1772,3469,3,1071,452
6,paraclone6,1344,63,85,1635560544_70018.png,1635560544_70018_gfp.png,1635560544_70018_ph.png,742,870,805,955,745,2528,808,2613,3,1658,1347,3002,3,1072,453
6,paraclone10,1344,73,80,1635560544_70018.png,1635560544_70018_gfp.png,1635560544_70018_ph.png,17,131,90,211,20,1789,93,1869,3,1658,1347,3002,3,1073,453
6,paraclone6,1344,63,85,1635560545_966924.png,1635560545_966924_gfp.png,1635560545_966924_ph.png,745,407,808,492,745,2528,808,2613,0,2121,1344,3465,3,1074,454
6,paraclone6,1344,63,85,1635560547_25557.png,1635560547_25557_gfp.png,1635560547_25557_ph.png,745,1069,808,1154,745,2528,808,2613,0,1459,1344,2803,3,1075,455
6,paraclone10,1344,73,80,1635560547_25557.png,1635560547_25557_gfp.png,1635560547_25557_ph.png,20,330,93,410,20,1789,93,1869,0,1459,1344,2803,3,1076,455
6,paraclone6,1344,63,85,1635560548_554965.png,1635560548_554965_gfp.png,1635560548_554965_ph.png,107,758,170,843,745,2528,808,2613,638,1770,1982,3114,3,1077,456
6,paraclone6,1344,63,85,1635560549_82237.png,1635560549_82237_gfp.png,1635560549_82237_ph.png,85,291,148,376,745,2528,808,2613,660,2237,2004,3581,3,1078,457
6,paraclone6,1344,63,85,1635560551_091659.png,1635560551_091659_gfp.png,1635560551_091659_ph.png,741,381,804,466,745,2528,808,2613,4,2147,1348,3491,3,1079,458
6,paraclone6,1344,63,85,1635560552_3573499.png,1635560552_3573499_gfp.png,1635560552_3573499_ph.png,745,323,808,408,745,2528,808,2613,0,2205,1344,3549,3,1080,459
6,paraclone7,1344,25,35,1635560553_626013.png,1635560553_626013_gfp.png,1635560553_626013_ph.png,214,235,239,270,214,662,239,697,0,427,1344,1771,3,1081,460
6,paraclone7,1344,25,35,1635560554_8964171.png,1635560554_8964171_gfp.png,1635560554_8964171_ph.png,214,256,239,291,214,662,239,697,0,406,1344,1750,3,1082,461
6,paraclone7,1344,25,35,1635560556_1703942.png,1635560556_1703942_gfp.png,1635560556_1703942_ph.png,214,361,239,396,214,662,239,697,0,301,1344,1645,3,1083,462
6,paraclone7,1344,25,35,1635560557_4394891.png,1635560557_4394891_gfp.png,1635560557_4394891_ph.png,214,662,239,697,214,662,239,697,0,0,1344,1344,3,1084,463
6,paraclone7,1344,25,35,1635560558_70709.png,1635560558_70709_gfp.png,1635560558_70709_ph.png,214,662,239,697,214,662,239,697,0,0,1344,1344,3,1085,464
6,paraclone7,1344,25,35,1635560559_9695392.png,1635560559_9695392_gfp.png,1635560559_9695392_ph.png,214,662,239,697,214,662,239,697,0,0,1344,1344,3,1086,465
6,paraclone7,1344,25,35,1635560561_2302048.png,1635560561_2302048_gfp.png,1635560561_2302048_ph.png,214,236,239,271,214,662,239,697,0,426,1344,1770,3,1087,466
6,paraclone7,1344,25,35,1635560562_495574.png,1635560562_495574_gfp.png,1635560562_495574_ph.png,214,662,239,697,214,662,239,697,0,0,1344,1344,3,1088,467
6,paraclone7,1344,25,35,1635560563_759119.png,1635560563_759119_gfp.png,1635560563_759119_ph.png,214,404,239,439,214,662,239,697,0,258,1344,1602,3,1089,468
6,paraclone7,1344,25,35,1635560565_021875.png,1635560565_021875_gfp.png,1635560565_021875_ph.png,214,662,239,697,214,662,239,697,0,0,1344,1344,3,1090,469
6,paraclone8,1344,71,101,1635560566_286392.png,1635560566_286392_gfp.png,1635560566_286392_ph.png,761,1123,832,1224,7089,4273,7160,4374,6328,3150,7672,4494,3,1091,470
6,paraclone8,1344,71,101,1635560567_550706.png,1635560567_550706_gfp.png,1635560567_550706_ph.png,1185,1089,1256,1190,7089,4273,7160,4374,5904,3184,7248,4528,3,1092,471
6,paraclone8,1344,71,101,1635560568_8173592.png,1635560568_8173592_gfp.png,1635560568_8173592_ph.png,1101,264,1172,365,7089,4273,7160,4374,5988,4009,7332,5353,3,1093,472
6,paraclone8,1344,71,101,1635560570_083788.png,1635560570_083788_gfp.png,1635560570_083788_ph.png,754,504,825,605,7089,4273,7160,4374,6335,3769,7679,5113,3,1094,473
6,paraclone8,1344,71,101,1635560571_347457.png,1635560571_347457_gfp.png,1635560571_347457_ph.png,1262,369,1333,470,7089,4273,7160,4374,5827,3904,7171,5248,3,1095,474
6,paraclone8,1344,71,101,1635560572_610355.png,1635560572_610355_gfp.png,1635560572_610355_ph.png,786,323,857,424,7089,4273,7160,4374,6303,3950,7647,5294,3,1096,475
6,paraclone8,1344,71,101,1635560573_871615.png,1635560573_871615_gfp.png,1635560573_871615_ph.png,1173,896,1244,997,7089,4273,7160,4374,5916,3377,7260,4721,3,1097,476
6,paraclone8,1344,71,101,1635560575_1359549.png,1635560575_1359549_gfp.png,1635560575_1359549_ph.png,955,39,1026,140,7089,4273,7160,4374,6134,4234,7478,5578,3,1098,477
6,paraclone8,1344,71,101,1635560576_400314.png,1635560576_400314_gfp.png,1635560576_400314_ph.png,998,1171,1069,1272,7089,4273,7160,4374,6091,3102,7435,4446,3,1099,478
6,paraclone8,1344,71,101,1635560577_6663868.png,1635560577_6663868_gfp.png,1635560577_6663868_ph.png,827,189,898,290,7089,4273,7160,4374,6262,4084,7606,5428,3,1100,479
6,paraclone9,1344,48,57,1635560578_9322639.png,1635560578_9322639_gfp.png,1635560578_9322639_ph.png,1045,1155,1093,1212,1516,1647,1564,1704,471,492,1815,1836,3,1101,480
6,paraclone9,1344,48,57,1635560580_20898.png,1635560580_20898_gfp.png,1635560580_20898_ph.png,1170,1056,1218,1113,1516,1647,1564,1704,346,591,1690,1935,3,1102,481
6,paraclone9,1344,48,57,1635560581_484542.png,1635560581_484542_gfp.png,1635560581_484542_ph.png,61,986,109,1043,1516,1647,1564,1704,1455,661,2799,2005,3,1103,482
6,holoclone1,1344,184,198,1635560581_484542.png,1635560581_484542_gfp.png,1635560581_484542_ph.png,1123,623,1307,821,2578,1284,2762,1482,1455,661,2799,2005,3,1104,482
6,paraclone9,1344,48,57,1635560582_756054.png,1635560582_756054_gfp.png,1635560582_756054_ph.png,511,518,559,575,1516,1647,1564,1704,1005,1129,2349,2473,3,1105,483
6,paraclone9,1344,48,57,1635560584_023124.png,1635560584_023124_gfp.png,1635560584_023124_ph.png,546,70,594,127,1516,1647,1564,1704,970,1577,2314,2921,3,1106,484
6,paraclone6,1344,63,85,1635560585_288547.png,1635560585_288547_gfp.png,1635560585_288547_ph.png,136,1073,199,1158,745,2528,808,2613,609,1455,1953,2799,3,1107,485
6,paraclone9,1344,48,57,1635560585_288547.png,1635560585_288547_gfp.png,1635560585_288547_ph.png,907,192,955,249,1516,1647,1564,1704,609,1455,1953,2799,3,1108,485
6,paraclone9,1344,48,57,1635560586_562519.png,1635560586_562519_gfp.png,1635560586_562519_ph.png,322,1057,370,1114,1516,1647,1564,1704,1194,590,2538,1934,3,1109,486
6,paraclone9,1344,48,57,1635560587_836082.png,1635560587_836082_gfp.png,1635560587_836082_ph.png,931,1004,979,1061,1516,1647,1564,1704,585,643,1929,1987,3,1110,487
6,paraclone9,1344,48,57,1635560589_10587.png,1635560589_10587_gfp.png,1635560589_10587_ph.png,95,318,143,375,1516,1647,1564,1704,1421,1329,2765,2673,3,1111,488
6,paraclone9,1344,48,57,1635560590_381496.png,1635560590_381496_gfp.png,1635560590_381496_ph.png,1034,432,1082,489,1516,1647,1564,1704,482,1215,1826,2559,3,1112,489
6,paraclone10,1344,73,80,1635560591_648258.png,1635560591_648258_gfp.png,1635560591_648258_ph.png,20,978,93,1058,20,1789,93,1869,0,811,1344,2155,3,1113,490
6,paraclone6,1344,63,85,1635560592_9303129.png,1635560592_9303129_gfp.png,1635560592_9303129_ph.png,745,925,808,1010,745,2528,808,2613,0,1603,1344,2947,3,1114,491
6,paraclone10,1344,73,80,1635560592_9303129.png,1635560592_9303129_gfp.png,1635560592_9303129_ph.png,20,186,93,266,20,1789,93,1869,0,1603,1344,2947,3,1115,491
6,paraclone10,1344,73,80,1635560594_193002.png,1635560594_193002_gfp.png,1635560594_193002_ph.png,20,547,93,627,20,1789,93,1869,0,1242,1344,2586,3,1116,492
6,paraclone7,1344,25,35,1635560595_457536.png,1635560595_457536_gfp.png,1635560595_457536_ph.png,214,92,239,127,214,662,239,697,0,570,1344,1914,3,1117,493
6,paraclone10,1344,73,80,1635560595_457536.png,1635560595_457536_gfp.png,1635560595_457536_ph.png,20,1219,93,1299,20,1789,93,1869,0,570,1344,1914,3,1118,493
6,paraclone10,1344,73,80,1635560596_725039.png,1635560596_725039_gfp.png,1635560596_725039_ph.png,20,1118,93,1198,20,1789,93,1869,0,671,1344,2015,3,1119,494
6,paraclone6,1344,63,85,1635560598_008523.png,1635560598_008523_gfp.png,1635560598_008523_ph.png,745,1109,808,1194,745,2528,808,2613,0,1419,1344,2763,3,1120,495
6,paraclone10,1344,73,80,1635560598_008523.png,1635560598_008523_gfp.png,1635560598_008523_ph.png,20,370,93,450,20,1789,93,1869,0,1419,1344,2763,3,1121,495
6,paraclone10,1344,73,80,1635560599_270821.png,1635560599_270821_gfp.png,1635560599_270821_ph.png,20,734,93,814,20,1789,93,1869,0,1055,1344,2399,3,1122,496
6,paraclone10,1344,73,80,1635560600_545525.png,1635560600_545525_gfp.png,1635560600_545525_ph.png,20,760,93,840,20,1789,93,1869,0,1029,1344,2373,3,1123,497
6,paraclone6,1344,63,85,1635560601_814347.png,1635560601_814347_gfp.png,1635560601_814347_ph.png,745,1059,808,1144,745,2528,808,2613,0,1469,1344,2813,3,1124,498
6,paraclone10,1344,73,80,1635560601_814347.png,1635560601_814347_gfp.png,1635560601_814347_ph.png,20,320,93,400,20,1789,93,1869,0,1469,1344,2813,3,1125,498
6,paraclone10,1344,73,80,1635560603_083895.png,1635560603_083895_gfp.png,1635560603_083895_ph.png,20,875,93,955,20,1789,93,1869,0,914,1344,2258,3,1126,499
6,paraclone11,1344,63,79,1635560604_3506281.png,1635560604_3506281_gfp.png,1635560604_3506281_ph.png,24,442,87,521,24,4258,87,4337,0,3816,1344,5160,3,1127,500
6,paraclone11,1344,63,79,1635560605_606951.png,1635560605_606951_gfp.png,1635560605_606951_ph.png,24,1100,87,1179,24,4258,87,4337,0,3158,1344,4502,3,1128,501
6,paraclone11,1344,63,79,1635560606_872587.png,1635560606_872587_gfp.png,1635560606_872587_ph.png,24,1103,87,1182,24,4258,87,4337,0,3155,1344,4499,3,1129,502
6,paraclone11,1344,63,79,1635560608_1391969.png,1635560608_1391969_gfp.png,1635560608_1391969_ph.png,24,470,87,549,24,4258,87,4337,0,3788,1344,5132,3,1130,503
6,paraclone11,1344,63,79,1635560609_4016929.png,1635560609_4016929_gfp.png,1635560609_4016929_ph.png,24,95,87,174,24,4258,87,4337,0,4163,1344,5507,3,1131,504
6,paraclone11,1344,63,79,1635560610_666899.png,1635560610_666899_gfp.png,1635560610_666899_ph.png,24,1200,87,1279,24,4258,87,4337,0,3058,1344,4402,3,1132,505
6,paraclone11,1344,63,79,1635560611_926284.png,1635560611_926284_gfp.png,1635560611_926284_ph.png,24,293,87,372,24,4258,87,4337,0,3965,1344,5309,3,1133,506
6,paraclone11,1344,63,79,1635560613_184713.png,1635560613_184713_gfp.png,1635560613_184713_ph.png,24,576,87,655,24,4258,87,4337,0,3682,1344,5026,3,1134,507
6,paraclone11,1344,63,79,1635560614_444173.png,1635560614_444173_gfp.png,1635560614_444173_ph.png,24,951,87,1030,24,4258,87,4337,0,3307,1344,4651,3,1135,508
6,paraclone11,1344,63,79,1635560615_706214.png,1635560615_706214_gfp.png,1635560615_706214_ph.png,24,1194,87,1273,24,4258,87,4337,0,3064,1344,4408,3,1136,509
6,meroclone1,1344,77,68,1635560616_969632.png,1635560616_969632_gfp.png,1635560616_969632_ph.png,34,956,111,1024,3863,6712,3940,6780,3829,5756,5173,7100,3,1137,510
6,meroclone1,1344,77,68,1635560618_261867.png,1635560618_261867_gfp.png,1635560618_261867_ph.png,983,1138,1060,1206,3863,6712,3940,6780,2880,5574,4224,6918,3,1138,511
6,meroclone3,1344,113,217,1635560618_261867.png,1635560618_261867_gfp.png,1635560618_261867_ph.png,675,197,788,414,3555,5771,3668,5988,2880,5574,4224,6918,3,1139,511
6,meroclone1,1344,77,68,1635560619_528024.png,1635560619_528024_gfp.png,1635560619_528024_ph.png,879,1028,956,1096,3863,6712,3940,6780,2984,5684,4328,7028,3,1140,512
6,meroclone3,1344,113,217,1635560619_528024.png,1635560619_528024_gfp.png,1635560619_528024_ph.png,571,87,684,304,3555,5771,3668,5988,2984,5684,4328,7028,3,1141,512
6,meroclone1,1344,77,68,1635560620_781678.png,1635560620_781678_gfp.png,1635560620_781678_ph.png,1008,1210,1085,1278,3863,6712,3940,6780,2855,5502,4199,6846,3,1142,513
6,meroclone2,1344,87,98,1635560620_781678.png,1635560620_781678_gfp.png,1635560620_781678_ph.png,123,63,210,161,2978,5565,3065,5663,2855,5502,4199,6846,3,1143,513
6,meroclone3,1344,113,217,1635560620_781678.png,1635560620_781678_gfp.png,1635560620_781678_ph.png,700,269,813,486,3555,5771,3668,5988,2855,5502,4199,6846,3,1144,513
6,meroclone1,1344,77,68,1635560622_030396.png,1635560622_030396_gfp.png,1635560622_030396_ph.png,552,1003,629,1071,3863,6712,3940,6780,3311,5709,4655,7053,3,1145,514
6,meroclone3,1344,113,217,1635560622_030396.png,1635560622_030396_gfp.png,1635560622_030396_ph.png,244,62,357,279,3555,5771,3668,5988,3311,5709,4655,7053,3,1146,514
6,meroclone1,1344,77,68,1635560623_281274.png,1635560623_281274_gfp.png,1635560623_281274_ph.png,384,1009,461,1077,3863,6712,3940,6780,3479,5703,4823,7047,3,1147,515
6,meroclone3,1344,113,217,1635560623_281274.png,1635560623_281274_gfp.png,1635560623_281274_ph.png,76,68,189,285,3555,5771,3668,5988,3479,5703,4823,7047,3,1148,515
6,meroclone1,1344,77,68,1635560624_5393121.png,1635560624_5393121_gfp.png,1635560624_5393121_ph.png,758,1217,835,1285,3863,6712,3940,6780,3105,5495,4449,6839,3,1149,516
6,meroclone3,1344,113,217,1635560624_5393121.png,1635560624_5393121_gfp.png,1635560624_5393121_ph.png,450,276,563,493,3555,5771,3668,5988,3105,5495,4449,6839,3,1150,516
6,meroclone1,1344,77,68,1635560625_8104808.png,1635560625_8104808_gfp.png,1635560625_8104808_ph.png,686,1113,763,1181,3863,6712,3940,6780,3177,5599,4521,6943,3,1151,517
6,meroclone3,1344,113,217,1635560625_8104808.png,1635560625_8104808_gfp.png,1635560625_8104808_ph.png,378,172,491,389,3555,5771,3668,5988,3177,5599,4521,6943,3,1152,517
6,meroclone1,1344,77,68,1635560627_0603.png,1635560627_0603_gfp.png,1635560627_0603_ph.png,825,1017,902,1085,3863,6712,3940,6780,3038,5695,4382,7039,3,1153,518
6,meroclone3,1344,113,217,1635560627_0603.png,1635560627_0603_gfp.png,1635560627_0603_ph.png,517,76,630,293,3555,5771,3668,5988,3038,5695,4382,7039,3,1154,518
6,meroclone1,1344,77,68,1635560628_312824.png,1635560628_312824_gfp.png,1635560628_312824_ph.png,428,955,505,1023,3863,6712,3940,6780,3435,5757,4779,7101,3,1155,519
6,meroclone3,1344,113,217,1635560628_312824.png,1635560628_312824_gfp.png,1635560628_312824_ph.png,120,14,233,231,3555,5771,3668,5988,3435,5757,4779,7101,3,1156,519
6,meroclone2,1344,87,98,1635560629_5679832.png,1635560629_5679832_gfp.png,1635560629_5679832_ph.png,423,50,510,148,2978,5565,3065,5663,2555,5515,3899,6859,3,1157,520
6,meroclone3,1344,113,217,1635560629_5679832.png,1635560629_5679832_gfp.png,1635560629_5679832_ph.png,1000,256,1113,473,3555,5771,3668,5988,2555,5515,3899,6859,3,1158,520
6,meroclone2,1344,87,98,1635560630_817822.png,1635560630_817822_gfp.png,1635560630_817822_ph.png,1038,379,1125,477,2978,5565,3065,5663,1940,5186,3284,6530,3,1159,521
6,meroclone2,1344,87,98,1635560632_072285.png,1635560632_072285_gfp.png,1635560632_072285_ph.png,1120,561,1207,659,2978,5565,3065,5663,1858,5004,3202,6348,3,1160,522
6,meroclone2,1344,87,98,1635560633_321751.png,1635560633_321751_gfp.png,1635560633_321751_ph.png,724,354,811,452,2978,5565,3065,5663,2254,5211,3598,6555,3,1161,523
6,meroclone2,1344,87,98,1635560634_5814111.png,1635560634_5814111_gfp.png,1635560634_5814111_ph.png,351,689,438,787,2978,5565,3065,5663,2627,4876,3971,6220,3,1162,524
6,meroclone3,1344,113,217,1635560634_5814111.png,1635560634_5814111_gfp.png,1635560634_5814111_ph.png,928,895,1041,1112,3555,5771,3668,5988,2627,4876,3971,6220,3,1163,524
6,paraclone3,1344,59,57,1635560635_8358881.png,1635560635_8358881_gfp.png,1635560635_8358881_ph.png,338,101,397,158,2270,4649,2329,4706,1932,4548,3276,5892,3,1164,525
6,meroclone2,1344,87,98,1635560635_8358881.png,1635560635_8358881_gfp.png,1635560635_8358881_ph.png,1046,1017,1133,1115,2978,5565,3065,5663,1932,4548,3276,5892,3,1165,525
6,meroclone2,1344,87,98,1635560637_089183.png,1635560637_089183_gfp.png,1635560637_089183_ph.png,868,662,955,760,2978,5565,3065,5663,2110,4903,3454,6247,3,1166,526
6,meroclone2,1344,87,98,1635560638_335027.png,1635560638_335027_gfp.png,1635560638_335027_ph.png,283,701,370,799,2978,5565,3065,5663,2695,4864,4039,6208,3,1167,527
6,meroclone3,1344,113,217,1635560638_335027.png,1635560638_335027_gfp.png,1635560638_335027_ph.png,860,907,973,1124,3555,5771,3668,5988,2695,4864,4039,6208,3,1168,527
6,meroclone2,1344,87,98,1635560639_591487.png,1635560639_591487_gfp.png,1635560639_591487_ph.png,663,278,750,376,2978,5565,3065,5663,2315,5287,3659,6631,3,1169,528
6,meroclone2,1344,87,98,1635560640_846273.png,1635560640_846273_gfp.png,1635560640_846273_ph.png,281,861,368,959,2978,5565,3065,5663,2697,4704,4041,6048,3,1170,529
6,meroclone3,1344,113,217,1635560640_846273.png,1635560640_846273_gfp.png,1635560640_846273_ph.png,858,1067,971,1284,3555,5771,3668,5988,2697,4704,4041,6048,3,1171,529
6,meroclone1,1344,77,68,1635560642_09853.png,1635560642_09853_gfp.png,1635560642_09853_ph.png,475,958,552,1026,3863,6712,3940,6780,3388,5754,4732,7098,3,1172,530
6,meroclone3,1344,113,217,1635560642_09853.png,1635560642_09853_gfp.png,1635560642_09853_ph.png,167,17,280,234,3555,5771,3668,5988,3388,5754,4732,7098,3,1173,530
6,meroclone3,1344,113,217,1635560643_354898.png,1635560643_354898_gfp.png,1635560643_354898_ph.png,83,892,196,1109,3555,5771,3668,5988,3472,4879,4816,6223,3,1174,531
6,meroclone3,1344,113,217,1635560644_613534.png,1635560644_613534_gfp.png,1635560644_613534_ph.png,278,723,391,940,3555,5771,3668,5988,3277,5048,4621,6392,3,1175,532
6,meroclone2,1344,87,98,1635560645_8640242.png,1635560645_8640242_gfp.png,1635560645_8640242_ph.png,231,866,318,964,2978,5565,3065,5663,2747,4699,4091,6043,3,1176,533
6,meroclone3,1344,113,217,1635560645_8640242.png,1635560645_8640242_gfp.png,1635560645_8640242_ph.png,808,1072,921,1289,3555,5771,3668,5988,2747,4699,4091,6043,3,1177,533
6,meroclone3,1344,113,217,1635560647_11276.png,1635560647_11276_gfp.png,1635560647_11276_ph.png,68,345,181,562,3555,5771,3668,5988,3487,5426,4831,6770,3,1178,534
6,meroclone2,1344,87,98,1635560648_38743.png,1635560648_38743_gfp.png,1635560648_38743_ph.png,452,572,539,670,2978,5565,3065,5663,2526,4993,3870,6337,3,1179,535
6,meroclone3,1344,113,217,1635560648_38743.png,1635560648_38743_gfp.png,1635560648_38743_ph.png,1029,778,1142,995,3555,5771,3668,5988,2526,4993,3870,6337,3,1180,535
6,meroclone1,1344,77,68,1635560649_687287.png,1635560649_687287_gfp.png,1635560649_687287_ph.png,575,1082,652,1150,3863,6712,3940,6780,3288,5630,4632,6974,3,1181,536
6,meroclone3,1344,113,217,1635560649_687287.png,1635560649_687287_gfp.png,1635560649_687287_ph.png,267,141,380,358,3555,5771,3668,5988,3288,5630,4632,6974,3,1182,536
6,meroclone1,1344,77,68,1635560650_939432.png,1635560650_939432_gfp.png,1635560650_939432_ph.png,531,1094,608,1162,3863,6712,3940,6780,3332,5618,4676,6962,3,1183,537
6,meroclone3,1344,113,217,1635560650_939432.png,1635560650_939432_gfp.png,1635560650_939432_ph.png,223,153,336,370,3555,5771,3668,5988,3332,5618,4676,6962,3,1184,537
6,meroclone1,1344,77,68,1635560652_191353.png,1635560652_191353_gfp.png,1635560652_191353_ph.png,805,1212,882,1280,3863,6712,3940,6780,3058,5500,4402,6844,3,1185,538
6,meroclone3,1344,113,217,1635560652_191353.png,1635560652_191353_gfp.png,1635560652_191353_ph.png,497,271,610,488,3555,5771,3668,5988,3058,5500,4402,6844,3,1186,538
6,meroclone3,1344,113,217,1635560653_438978.png,1635560653_438978_gfp.png,1635560653_438978_ph.png,1161,126,1274,343,3555,5771,3668,5988,2394,5645,3738,6989,3,1187,539
6,holoclone1,1344,184,198,1635560654_6942809.png,1635560654_6942809_gfp.png,1635560654_6942809_ph.png,1036,623,1220,821,2578,1284,2762,1482,1542,661,2886,2005,3,1188,540
6,holoclone1,1344,184,198,1635560655_947422.png,1635560655_947422_gfp.png,1635560655_947422_ph.png,850,893,1034,1091,2578,1284,2762,1482,1728,391,3072,1735,3,1189,541
6,holoclone1,1344,184,198,1635560657_216924.png,1635560657_216924_gfp.png,1635560657_216924_ph.png,611,1083,795,1281,2578,1284,2762,1482,1967,201,3311,1545,3,1190,542
6,holoclone1,1344,184,198,1635560658_47492.png,1635560658_47492_gfp.png,1635560658_47492_ph.png,1036,755,1220,953,2578,1284,2762,1482,1542,529,2886,1873,3,1191,543
6,paraclone9,1344,48,57,1635560659_7456808.png,1635560659_7456808_gfp.png,1635560659_7456808_ph.png,41,712,89,769,1516,1647,1564,1704,1475,935,2819,2279,3,1192,544
6,holoclone1,1344,184,198,1635560659_7456808.png,1635560659_7456808_gfp.png,1635560659_7456808_ph.png,1103,349,1287,547,2578,1284,2762,1482,1475,935,2819,2279,3,1193,544
6,holoclone1,1344,184,198,1635560661_008325.png,1635560661_008325_gfp.png,1635560661_008325_ph.png,354,121,538,319,2578,1284,2762,1482,2224,1163,3568,2507,3,1194,545
6,paraclone23,1344,124,95,1635560661_008325.png,1635560661_008325_gfp.png,1635560661_008325_ph.png,928,1145,1052,1240,3152,2308,3276,2403,2224,1163,3568,2507,3,1195,545
6,holoclone1,1344,184,198,1635560662_272185.png,1635560662_272185_gfp.png,1635560662_272185_ph.png,510,31,694,229,2578,1284,2762,1482,2068,1253,3412,2597,3,1196,546
6,paraclone22,1344,84,102,1635560662_272185.png,1635560662_272185_gfp.png,1635560662_272185_ph.png,944,1188,1028,1290,3012,2441,3096,2543,2068,1253,3412,2597,3,1197,546
6,paraclone23,1344,124,95,1635560662_272185.png,1635560662_272185_gfp.png,1635560662_272185_ph.png,1084,1055,1208,1150,3152,2308,3276,2403,2068,1253,3412,2597,3,1198,546
6,holoclone1,1344,184,198,1635560663_5530381.png,1635560663_5530381_gfp.png,1635560663_5530381_ph.png,516,584,700,782,2578,1284,2762,1482,2062,700,3406,2044,3,1199,547
6,paraclone9,1344,48,57,1635560664_8141341.png,1635560664_8141341_gfp.png,1635560664_8141341_ph.png,18,704,66,761,1516,1647,1564,1704,1498,943,2842,2287,3,1200,548
6,holoclone1,1344,184,198,1635560664_8141341.png,1635560664_8141341_gfp.png,1635560664_8141341_ph.png,1080,341,1264,539,2578,1284,2762,1482,1498,943,2842,2287,3,1201,548
6,holoclone1,1344,184,198,1635560666_072704.png,1635560666_072704_gfp.png,1635560666_072704_ph.png,324,102,508,300,2578,1284,2762,1482,2254,1182,3598,2526,3,1202,549
6,paraclone23,1344,124,95,1635560666_072704.png,1635560666_072704_gfp.png,1635560666_072704_ph.png,898,1126,1022,1221,3152,2308,3276,2403,2254,1182,3598,2526,3,1203,549
6,paraclone5,1344,86,75,1635560667_348.png,1635560667_348_gfp.png,1635560667_348_ph.png,1184,906,1270,981,5078,1833,5164,1908,3894,927,5238,2271,3,1204,550
6,meroclone5,1344,55,63,1635560667_348.png,1635560667_348_gfp.png,1635560667_348_ph.png,390,951,445,1014,4284,1878,4339,1941,3894,927,5238,2271,3,1205,550
6,paraclone14,1344,88,56,1635560667_348.png,1635560667_348_gfp.png,1635560667_348_ph.png,255,15,343,71,4149,942,4237,998,3894,927,5238,2271,3,1206,550
6,paraclone15,1344,97,76,1635560667_348.png,1635560667_348_gfp.png,1635560667_348_ph.png,779,825,876,901,4673,1752,4770,1828,3894,927,5238,2271,3,1207,550
6,paraclone21,1344,123,95,1635560667_348.png,1635560667_348_gfp.png,1635560667_348_ph.png,197,1066,320,1161,4091,1993,4214,2088,3894,927,5238,2271,3,1208,550
6,paraclone5,1344,86,75,1635560668_63638.png,1635560668_63638_gfp.png,1635560668_63638_ph.png,1052,609,1138,684,5078,1833,5164,1908,4026,1224,5370,2568,3,1209,551
6,meroclone5,1344,55,63,1635560668_63638.png,1635560668_63638_gfp.png,1635560668_63638_ph.png,258,654,313,717,4284,1878,4339,1941,4026,1224,5370,2568,3,1210,551
6,paraclone15,1344,97,76,1635560668_63638.png,1635560668_63638_gfp.png,1635560668_63638_ph.png,647,528,744,604,4673,1752,4770,1828,4026,1224,5370,2568,3,1211,551
6,paraclone21,1344,123,95,1635560668_63638.png,1635560668_63638_gfp.png,1635560668_63638_ph.png,65,769,188,864,4091,1993,4214,2088,4026,1224,5370,2568,3,1212,551
6,meroclone5,1344,55,63,1635560669_902438.png,1635560669_902438_gfp.png,1635560669_902438_ph.png,1252,134,1307,197,4284,1878,4339,1941,3032,1744,4376,3088,3,1213,552
6,holoclone4,1344,178,205,1635560669_902438.png,1635560669_902438_gfp.png,1635560669_902438_ph.png,173,653,351,858,3205,2397,3383,2602,3032,1744,4376,3088,3,1214,552
6,holoclone5,1344,158,135,1635560669_902438.png,1635560669_902438_gfp.png,1635560669_902438_ph.png,302,1052,460,1187,3334,2796,3492,2931,3032,1744,4376,3088,3,1215,552
6,holoclone6,1344,137,153,1635560669_902438.png,1635560669_902438_gfp.png,1635560669_902438_ph.png,358,721,495,874,3390,2465,3527,2618,3032,1744,4376,3088,3,1216,552
6,paraclone18,1344,104,97,1635560669_902438.png,1635560669_902438_gfp.png,1635560669_902438_ph.png,553,497,657,594,3585,2241,3689,2338,3032,1744,4376,3088,3,1217,552
6,paraclone21,1344,123,95,1635560669_902438.png,1635560669_902438_gfp.png,1635560669_902438_ph.png,1059,249,1182,344,4091,1993,4214,2088,3032,1744,4376,3088,3,1218,552
6,paraclone23,1344,124,95,1635560669_902438.png,1635560669_902438_gfp.png,1635560669_902438_ph.png,120,564,244,659,3152,2308,3276,2403,3032,1744,4376,3088,3,1219,552
6,paraclone24,1344,62,72,1635560669_902438.png,1635560669_902438_gfp.png,1635560669_902438_ph.png,339,1253,401,1325,3371,2997,3433,3069,3032,1744,4376,3088,3,1220,552
6,paraclone25,1344,59,69,1635560669_902438.png,1635560669_902438_gfp.png,1635560669_902438_ph.png,680,1140,739,1209,3712,2884,3771,2953,3032,1744,4376,3088,3,1221,552
6,paraclone26,1344,79,41,1635560669_902438.png,1635560669_902438_gfp.png,1635560669_902438_ph.png,500,881,579,922,3532,2625,3611,2666,3032,1744,4376,3088,3,1222,552
6,meroclone5,1344,55,63,1635560671_165468.png,1635560671_165468_gfp.png,1635560671_165468_ph.png,500,989,555,1052,4284,1878,4339,1941,3784,889,5128,2233,3,1223,553
6,paraclone14,1344,88,56,1635560671_165468.png,1635560671_165468_gfp.png,1635560671_165468_ph.png,365,53,453,109,4149,942,4237,998,3784,889,5128,2233,3,1224,553
6,paraclone15,1344,97,76,1635560671_165468.png,1635560671_165468_gfp.png,1635560671_165468_ph.png,889,863,986,939,4673,1752,4770,1828,3784,889,5128,2233,3,1225,553
6,paraclone21,1344,123,95,1635560671_165468.png,1635560671_165468_gfp.png,1635560671_165468_ph.png,307,1104,430,1199,4091,1993,4214,2088,3784,889,5128,2233,3,1226,553
6,meroclone5,1344,55,63,1635560672_4295769.png,1635560672_4295769_gfp.png,1635560672_4295769_ph.png,726,129,781,192,4284,1878,4339,1941,3558,1749,4902,3093,3,1227,554
6,paraclone15,1344,97,76,1635560672_4295769.png,1635560672_4295769_gfp.png,1635560672_4295769_ph.png,1115,3,1212,79,4673,1752,4770,1828,3558,1749,4902,3093,3,1228,554
6,paraclone18,1344,104,97,1635560672_4295769.png,1635560672_4295769_gfp.png,1635560672_4295769_ph.png,27,492,131,589,3585,2241,3689,2338,3558,1749,4902,3093,3,1229,554
6,paraclone21,1344,123,95,1635560672_4295769.png,1635560672_4295769_gfp.png,1635560672_4295769_ph.png,533,244,656,339,4091,1993,4214,2088,3558,1749,4902,3093,3,1230,554
6,paraclone25,1344,59,69,1635560672_4295769.png,1635560672_4295769_gfp.png,1635560672_4295769_ph.png,154,1135,213,1204,3712,2884,3771,2953,3558,1749,4902,3093,3,1231,554
6,meroclone5,1344,55,63,1635560673_689624.png,1635560673_689624_gfp.png,1635560673_689624_ph.png,737,661,792,724,4284,1878,4339,1941,3547,1217,4891,2561,3,1232,555
6,paraclone15,1344,97,76,1635560673_689624.png,1635560673_689624_gfp.png,1635560673_689624_ph.png,1126,535,1223,611,4673,1752,4770,1828,3547,1217,4891,2561,3,1233,555
6,paraclone18,1344,104,97,1635560673_689624.png,1635560673_689624_gfp.png,1635560673_689624_ph.png,38,1024,142,1121,3585,2241,3689,2338,3547,1217,4891,2561,3,1234,555
6,paraclone21,1344,123,95,1635560673_689624.png,1635560673_689624_gfp.png,1635560673_689624_ph.png,544,776,667,871,4091,1993,4214,2088,3547,1217,4891,2561,3,1235,555
6,meroclone5,1344,55,63,1635560674_951275.png,1635560674_951275_gfp.png,1635560674_951275_ph.png,916,575,971,638,4284,1878,4339,1941,3368,1303,4712,2647,3,1236,556
6,holoclone6,1344,137,153,1635560674_951275.png,1635560674_951275_gfp.png,1635560674_951275_ph.png,22,1162,159,1315,3390,2465,3527,2618,3368,1303,4712,2647,3,1237,556
6,paraclone18,1344,104,97,1635560674_951275.png,1635560674_951275_gfp.png,1635560674_951275_ph.png,217,938,321,1035,3585,2241,3689,2338,3368,1303,4712,2647,3,1238,556
6,paraclone21,1344,123,95,1635560674_951275.png,1635560674_951275_gfp.png,1635560674_951275_ph.png,723,690,846,785,4091,1993,4214,2088,3368,1303,4712,2647,3,1239,556
6,meroclone5,1344,55,63,1635560676_213258.png,1635560676_213258_gfp.png,1635560676_213258_ph.png,913,43,968,106,4284,1878,4339,1941,3371,1835,4715,3179,3,1240,557
6,meroclone6,1344,104,121,1635560676_213258.png,1635560676_213258_gfp.png,1635560676_213258_ph.png,920,1214,1024,1335,4291,3049,4395,3170,3371,1835,4715,3179,3,1241,557
6,holoclone6,1344,137,153,1635560676_213258.png,1635560676_213258_gfp.png,1635560676_213258_ph.png,19,630,156,783,3390,2465,3527,2618,3371,1835,4715,3179,3,1242,557
6,paraclone18,1344,104,97,1635560676_213258.png,1635560676_213258_gfp.png,1635560676_213258_ph.png,214,406,318,503,3585,2241,3689,2338,3371,1835,4715,3179,3,1243,557
6,paraclone21,1344,123,95,1635560676_213258.png,1635560676_213258_gfp.png,1635560676_213258_ph.png,720,158,843,253,4091,1993,4214,2088,3371,1835,4715,3179,3,1244,557
6,paraclone24,1344,62,72,1635560676_213258.png,1635560676_213258_gfp.png,1635560676_213258_ph.png,0,1162,62,1234,3371,2997,3433,3069,3371,1835,4715,3179,3,1245,557
6,paraclone25,1344,59,69,1635560676_213258.png,1635560676_213258_gfp.png,1635560676_213258_ph.png,341,1049,400,1118,3712,2884,3771,2953,3371,1835,4715,3179,3,1246,557
6,paraclone26,1344,79,41,1635560676_213258.png,1635560676_213258_gfp.png,1635560676_213258_ph.png,161,790,240,831,3532,2625,3611,2666,3371,1835,4715,3179,3,1247,557
6,paraclone4,1344,53,64,1635560677_476726.png,1635560677_476726_gfp.png,1635560677_476726_ph.png,1104,770,1157,834,5089,2609,5142,2673,3985,1839,5329,3183,3,1248,558
6,meroclone5,1344,55,63,1635560677_476726.png,1635560677_476726_gfp.png,1635560677_476726_ph.png,299,39,354,102,4284,1878,4339,1941,3985,1839,5329,3183,3,1249,558
6,meroclone6,1344,104,121,1635560677_476726.png,1635560677_476726_gfp.png,1635560677_476726_ph.png,306,1210,410,1331,4291,3049,4395,3170,3985,1839,5329,3183,3,1250,558
6,paraclone21,1344,123,95,1635560677_476726.png,1635560677_476726_gfp.png,1635560677_476726_ph.png,106,154,229,249,4091,1993,4214,2088,3985,1839,5329,3183,3,1251,558
6,meroclone5,1344,55,63,1635560678_7349088.png,1635560678_7349088_gfp.png,1635560678_7349088_ph.png,836,358,891,421,4284,1878,4339,1941,3448,1520,4792,2864,3,1252,559
6,paraclone15,1344,97,76,1635560678_7349088.png,1635560678_7349088_gfp.png,1635560678_7349088_ph.png,1225,232,1322,308,4673,1752,4770,1828,3448,1520,4792,2864,3,1253,559
6,paraclone18,1344,104,97,1635560678_7349088.png,1635560678_7349088_gfp.png,1635560678_7349088_ph.png,137,721,241,818,3585,2241,3689,2338,3448,1520,4792,2864,3,1254,559
6,paraclone21,1344,123,95,1635560678_7349088.png,1635560678_7349088_gfp.png,1635560678_7349088_ph.png,643,473,766,568,4091,1993,4214,2088,3448,1520,4792,2864,3,1255,559
6,paraclone26,1344,79,41,1635560678_7349088.png,1635560678_7349088_gfp.png,1635560678_7349088_ph.png,84,1105,163,1146,3532,2625,3611,2666,3448,1520,4792,2864,3,1256,559
6,paraclone12,1344,36,44,1635560679_996885.png,1635560679_996885_gfp.png,1635560679_996885_ph.png,1024,465,1060,509,5269,870,5305,914,4245,405,5589,1749,3,1257,560
6,paraclone5,1344,86,75,1635560681_257192.png,1635560681_257192_gfp.png,1635560681_257192_ph.png,552,1191,638,1266,5078,1833,5164,1908,4526,642,5870,1986,3,1258,561
6,paraclone12,1344,36,44,1635560681_257192.png,1635560681_257192_gfp.png,1635560681_257192_ph.png,743,228,779,272,5269,870,5305,914,4526,642,5870,1986,3,1259,561
6,paraclone15,1344,97,76,1635560681_257192.png,1635560681_257192_gfp.png,1635560681_257192_ph.png,147,1110,244,1186,4673,1752,4770,1828,4526,642,5870,1986,3,1260,561
6,paraclone12,1344,36,44,1635560682_5340319.png,1635560682_5340319_gfp.png,1635560682_5340319_ph.png,277,389,313,433,5269,870,5305,914,4992,481,6336,1825,3,1261,562
6,paraclone12,1344,36,44,1635560683_797836.png,1635560683_797836_gfp.png,1635560683_797836_ph.png,302,870,338,914,5269,870,5305,914,4967,0,6311,1344,3,1262,563
6,paraclone12,1344,36,44,1635560685_058271.png,1635560685_058271_gfp.png,1635560685_058271_ph.png,85,262,121,306,5269,870,5305,914,5184,608,6528,1952,3,1263,564
6,paraclone12,1344,36,44,1635560686_3236961.png,1635560686_3236961_gfp.png,1635560686_3236961_ph.png,1208,870,1244,914,5269,870,5305,914,4061,0,5405,1344,3,1264,565
6,paraclone14,1344,88,56,1635560686_3236961.png,1635560686_3236961_gfp.png,1635560686_3236961_ph.png,88,942,176,998,4149,942,4237,998,4061,0,5405,1344,3,1265,565
6,paraclone12,1344,36,44,1635560687_5883589.png,1635560687_5883589_gfp.png,1635560687_5883589_ph.png,1260,753,1296,797,5269,870,5305,914,4009,117,5353,1461,3,1266,566
6,paraclone14,1344,88,56,1635560687_5883589.png,1635560687_5883589_gfp.png,1635560687_5883589_ph.png,140,825,228,881,4149,942,4237,998,4009,117,5353,1461,3,1267,566
6,paraclone5,1344,86,75,1635560688_8476548.png,1635560688_8476548_gfp.png,1635560688_8476548_ph.png,757,1096,843,1171,5078,1833,5164,1908,4321,737,5665,2081,3,1268,567
6,paraclone12,1344,36,44,1635560688_8476548.png,1635560688_8476548_gfp.png,1635560688_8476548_ph.png,948,133,984,177,5269,870,5305,914,4321,737,5665,2081,3,1269,567
6,paraclone15,1344,97,76,1635560688_8476548.png,1635560688_8476548_gfp.png,1635560688_8476548_ph.png,352,1015,449,1091,4673,1752,4770,1828,4321,737,5665,2081,3,1270,567
6,paraclone12,1344,36,44,1635560690_110813.png,1635560690_110813_gfp.png,1635560690_110813_ph.png,1221,870,1257,914,5269,870,5305,914,4048,0,5392,1344,3,1271,568
6,paraclone14,1344,88,56,1635560690_110813.png,1635560690_110813_gfp.png,1635560690_110813_ph.png,101,942,189,998,4149,942,4237,998,4048,0,5392,1344,3,1272,568
6,paraclone12,1344,36,44,1635560691_3688269.png,1635560691_3688269_gfp.png,1635560691_3688269_ph.png,495,653,531,697,5269,870,5305,914,4774,217,6118,1561,3,1273,569
6,holoclone4,1344,178,205,1635560692_628165.png,1635560692_628165_gfp.png,1635560692_628165_ph.png,1149,932,1327,1137,3205,2397,3383,2602,2056,1465,3400,2809,3,1274,570
6,paraclone22,1344,84,102,1635560692_628165.png,1635560692_628165_gfp.png,1635560692_628165_ph.png,956,976,1040,1078,3012,2441,3096,2543,2056,1465,3400,2809,3,1275,570
6,paraclone23,1344,124,95,1635560692_628165.png,1635560692_628165_gfp.png,1635560692_628165_ph.png,1096,843,1220,938,3152,2308,3276,2403,2056,1465,3400,2809,3,1276,570
6,holoclone4,1344,178,205,1635560693_885419.png,1635560693_885419_gfp.png,1635560693_885419_ph.png,1123,293,1301,498,3205,2397,3383,2602,2082,2104,3426,3448,3,1277,571
6,paraclone17,1344,62,74,1635560693_885419.png,1635560693_885419_gfp.png,1635560693_885419_ph.png,921,783,983,857,3003,2887,3065,2961,2082,2104,3426,3448,3,1278,571
6,paraclone22,1344,84,102,1635560693_885419.png,1635560693_885419_gfp.png,1635560693_885419_ph.png,930,337,1014,439,3012,2441,3096,2543,2082,2104,3426,3448,3,1279,571
6,paraclone23,1344,124,95,1635560693_885419.png,1635560693_885419_gfp.png,1635560693_885419_ph.png,1070,204,1194,299,3152,2308,3276,2403,2082,2104,3426,3448,3,1280,571
6,holoclone4,1344,178,205,1635560695_143775.png,1635560695_143775_gfp.png,1635560695_143775_ph.png,835,543,1013,748,3205,2397,3383,2602,2370,1854,3714,3198,3,1281,572
6,holoclone5,1344,158,135,1635560695_143775.png,1635560695_143775_gfp.png,1635560695_143775_ph.png,964,942,1122,1077,3334,2796,3492,2931,2370,1854,3714,3198,3,1282,572
6,holoclone6,1344,137,153,1635560695_143775.png,1635560695_143775_gfp.png,1635560695_143775_ph.png,1020,611,1157,764,3390,2465,3527,2618,2370,1854,3714,3198,3,1283,572
6,paraclone17,1344,62,74,1635560695_143775.png,1635560695_143775_gfp.png,1635560695_143775_ph.png,633,1033,695,1107,3003,2887,3065,2961,2370,1854,3714,3198,3,1284,572
6,paraclone18,1344,104,97,1635560695_143775.png,1635560695_143775_gfp.png,1635560695_143775_ph.png,1215,387,1319,484,3585,2241,3689,2338,2370,1854,3714,3198,3,1285,572
6,paraclone22,1344,84,102,1635560695_143775.png,1635560695_143775_gfp.png,1635560695_143775_ph.png,642,587,726,689,3012,2441,3096,2543,2370,1854,3714,3198,3,1286,572
6,paraclone23,1344,124,95,1635560695_143775.png,1635560695_143775_gfp.png,1635560695_143775_ph.png,782,454,906,549,3152,2308,3276,2403,2370,1854,3714,3198,3,1287,572
6,paraclone24,1344,62,72,1635560695_143775.png,1635560695_143775_gfp.png,1635560695_143775_ph.png,1001,1143,1063,1215,3371,2997,3433,3069,2370,1854,3714,3198,3,1288,572
6,paraclone26,1344,79,41,1635560695_143775.png,1635560695_143775_gfp.png,1635560695_143775_ph.png,1162,771,1241,812,3532,2625,3611,2666,2370,1854,3714,3198,3,1289,572
6,holoclone4,1344,178,205,1635560696_407398.png,1635560696_407398_gfp.png,1635560696_407398_ph.png,265,889,443,1094,3205,2397,3383,2602,2940,1508,4284,2852,3,1290,573
6,holoclone6,1344,137,153,1635560696_407398.png,1635560696_407398_gfp.png,1635560696_407398_ph.png,450,957,587,1110,3390,2465,3527,2618,2940,1508,4284,2852,3,1291,573
6,paraclone18,1344,104,97,1635560696_407398.png,1635560696_407398_gfp.png,1635560696_407398_ph.png,645,733,749,830,3585,2241,3689,2338,2940,1508,4284,2852,3,1292,573
6,paraclone21,1344,123,95,1635560696_407398.png,1635560696_407398_gfp.png,1635560696_407398_ph.png,1151,485,1274,580,4091,1993,4214,2088,2940,1508,4284,2852,3,1293,573
6,paraclone22,1344,84,102,1635560696_407398.png,1635560696_407398_gfp.png,1635560696_407398_ph.png,72,933,156,1035,3012,2441,3096,2543,2940,1508,4284,2852,3,1294,573
6,paraclone23,1344,124,95,1635560696_407398.png,1635560696_407398_gfp.png,1635560696_407398_ph.png,212,800,336,895,3152,2308,3276,2403,2940,1508,4284,2852,3,1295,573
6,paraclone26,1344,79,41,1635560696_407398.png,1635560696_407398_gfp.png,1635560696_407398_ph.png,592,1117,671,1158,3532,2625,3611,2666,2940,1508,4284,2852,3,1296,573
6,holoclone4,1344,178,205,1635560697_668024.png,1635560697_668024_gfp.png,1635560697_668024_ph.png,24,168,202,373,3205,2397,3383,2602,3181,2229,4525,3573,3,1297,574
6,meroclone6,1344,104,121,1635560697_668024.png,1635560697_668024_gfp.png,1635560697_668024_ph.png,1110,820,1214,941,4291,3049,4395,3170,3181,2229,4525,3573,3,1298,574
6,holoclone5,1344,158,135,1635560697_668024.png,1635560697_668024_gfp.png,1635560697_668024_ph.png,153,567,311,702,3334,2796,3492,2931,3181,2229,4525,3573,3,1299,574
6,holoclone6,1344,137,153,1635560697_668024.png,1635560697_668024_gfp.png,1635560697_668024_ph.png,209,236,346,389,3390,2465,3527,2618,3181,2229,4525,3573,3,1300,574
6,paraclone18,1344,104,97,1635560697_668024.png,1635560697_668024_gfp.png,1635560697_668024_ph.png,404,12,508,109,3585,2241,3689,2338,3181,2229,4525,3573,3,1301,574
6,paraclone24,1344,62,72,1635560697_668024.png,1635560697_668024_gfp.png,1635560697_668024_ph.png,190,768,252,840,3371,2997,3433,3069,3181,2229,4525,3573,3,1302,574
6,paraclone25,1344,59,69,1635560697_668024.png,1635560697_668024_gfp.png,1635560697_668024_ph.png,531,655,590,724,3712,2884,3771,2953,3181,2229,4525,3573,3,1303,574
6,paraclone26,1344,79,41,1635560697_668024.png,1635560697_668024_gfp.png,1635560697_668024_ph.png,351,396,430,437,3532,2625,3611,2666,3181,2229,4525,3573,3,1304,574
6,holoclone4,1344,178,205,1635560698_9311.png,1635560698_9311_gfp.png,1635560698_9311_ph.png,884,888,1062,1093,3205,2397,3383,2602,2321,1509,3665,2853,3,1305,575
6,holoclone6,1344,137,153,1635560698_9311.png,1635560698_9311_gfp.png,1635560698_9311_ph.png,1069,956,1206,1109,3390,2465,3527,2618,2321,1509,3665,2853,3,1306,575
6,paraclone22,1344,84,102,1635560698_9311.png,1635560698_9311_gfp.png,1635560698_9311_ph.png,691,932,775,1034,3012,2441,3096,2543,2321,1509,3665,2853,3,1307,575
6,paraclone23,1344,124,95,1635560698_9311.png,1635560698_9311_gfp.png,1635560698_9311_ph.png,831,799,955,894,3152,2308,3276,2403,2321,1509,3665,2853,3,1308,575
6,paraclone26,1344,79,41,1635560698_9311.png,1635560698_9311_gfp.png,1635560698_9311_ph.png,1211,1116,1290,1157,3532,2625,3611,2666,2321,1509,3665,2853,3,1309,575
6,holoclone4,1344,178,205,1635560700_196935.png,1635560700_196935_gfp.png,1635560700_196935_ph.png,375,350,553,555,3205,2397,3383,2602,2830,2047,4174,3391,3,1310,576
6,holoclone5,1344,158,135,1635560700_196935.png,1635560700_196935_gfp.png,1635560700_196935_ph.png,504,749,662,884,3334,2796,3492,2931,2830,2047,4174,3391,3,1311,576
6,holoclone6,1344,137,153,1635560700_196935.png,1635560700_196935_gfp.png,1635560700_196935_ph.png,560,418,697,571,3390,2465,3527,2618,2830,2047,4174,3391,3,1312,576
6,paraclone17,1344,62,74,1635560700_196935.png,1635560700_196935_gfp.png,1635560700_196935_ph.png,173,840,235,914,3003,2887,3065,2961,2830,2047,4174,3391,3,1313,576
6,paraclone18,1344,104,97,1635560700_196935.png,1635560700_196935_gfp.png,1635560700_196935_ph.png,755,194,859,291,3585,2241,3689,2338,2830,2047,4174,3391,3,1314,576
6,paraclone22,1344,84,102,1635560700_196935.png,1635560700_196935_gfp.png,1635560700_196935_ph.png,182,394,266,496,3012,2441,3096,2543,2830,2047,4174,3391,3,1315,576
6,paraclone23,1344,124,95,1635560700_196935.png,1635560700_196935_gfp.png,1635560700_196935_ph.png,322,261,446,356,3152,2308,3276,2403,2830,2047,4174,3391,3,1316,576
6,paraclone24,1344,62,72,1635560700_196935.png,1635560700_196935_gfp.png,1635560700_196935_ph.png,541,950,603,1022,3371,2997,3433,3069,2830,2047,4174,3391,3,1317,576
6,paraclone25,1344,59,69,1635560700_196935.png,1635560700_196935_gfp.png,1635560700_196935_ph.png,882,837,941,906,3712,2884,3771,2953,2830,2047,4174,3391,3,1318,576
6,paraclone26,1344,79,41,1635560700_196935.png,1635560700_196935_gfp.png,1635560700_196935_ph.png,702,578,781,619,3532,2625,3611,2666,2830,2047,4174,3391,3,1319,576
6,holoclone4,1344,178,205,1635560701_457849.png,1635560701_457849_gfp.png,1635560701_457849_ph.png,919,955,1097,1160,3205,2397,3383,2602,2286,1442,3630,2786,3,1320,577
6,holoclone6,1344,137,153,1635560701_457849.png,1635560701_457849_gfp.png,1635560701_457849_ph.png,1104,1023,1241,1176,3390,2465,3527,2618,2286,1442,3630,2786,3,1321,577
6,paraclone22,1344,84,102,1635560701_457849.png,1635560701_457849_gfp.png,1635560701_457849_ph.png,726,999,810,1101,3012,2441,3096,2543,2286,1442,3630,2786,3,1322,577
6,paraclone23,1344,124,95,1635560701_457849.png,1635560701_457849_gfp.png,1635560701_457849_ph.png,866,866,990,961,3152,2308,3276,2403,2286,1442,3630,2786,3,1323,577
6,paraclone26,1344,79,41,1635560701_457849.png,1635560701_457849_gfp.png,1635560701_457849_ph.png,1246,1183,1325,1224,3532,2625,3611,2666,2286,1442,3630,2786,3,1324,577
6,holoclone4,1344,178,205,1635560702_7215.png,1635560702_7215_gfp.png,1635560702_7215_ph.png,758,501,936,706,3205,2397,3383,2602,2447,1896,3791,3240,3,1325,578
6,holoclone5,1344,158,135,1635560702_7215.png,1635560702_7215_gfp.png,1635560702_7215_ph.png,887,900,1045,1035,3334,2796,3492,2931,2447,1896,3791,3240,3,1326,578
6,holoclone6,1344,137,153,1635560702_7215.png,1635560702_7215_gfp.png,1635560702_7215_ph.png,943,569,1080,722,3390,2465,3527,2618,2447,1896,3791,3240,3,1327,578
6,paraclone17,1344,62,74,1635560702_7215.png,1635560702_7215_gfp.png,1635560702_7215_ph.png,556,991,618,1065,3003,2887,3065,2961,2447,1896,3791,3240,3,1328,578
6,paraclone18,1344,104,97,1635560702_7215.png,1635560702_7215_gfp.png,1635560702_7215_ph.png,1138,345,1242,442,3585,2241,3689,2338,2447,1896,3791,3240,3,1329,578
6,paraclone22,1344,84,102,1635560702_7215.png,1635560702_7215_gfp.png,1635560702_7215_ph.png,565,545,649,647,3012,2441,3096,2543,2447,1896,3791,3240,3,1330,578
6,paraclone23,1344,124,95,1635560702_7215.png,1635560702_7215_gfp.png,1635560702_7215_ph.png,705,412,829,507,3152,2308,3276,2403,2447,1896,3791,3240,3,1331,578
6,paraclone24,1344,62,72,1635560702_7215.png,1635560702_7215_gfp.png,1635560702_7215_ph.png,924,1101,986,1173,3371,2997,3433,3069,2447,1896,3791,3240,3,1332,578
6,paraclone25,1344,59,69,1635560702_7215.png,1635560702_7215_gfp.png,1635560702_7215_ph.png,1265,988,1324,1057,3712,2884,3771,2953,2447,1896,3791,3240,3,1333,578
6,paraclone26,1344,79,41,1635560702_7215.png,1635560702_7215_gfp.png,1635560702_7215_ph.png,1085,729,1164,770,3532,2625,3611,2666,2447,1896,3791,3240,3,1334,578
6,holoclone4,1344,178,205,1635560703_991222.png,1635560703_991222_gfp.png,1635560703_991222_ph.png,770,874,948,1079,3205,2397,3383,2602,2435,1523,3779,2867,3,1335,579
6,holoclone6,1344,137,153,1635560703_991222.png,1635560703_991222_gfp.png,1635560703_991222_ph.png,955,942,1092,1095,3390,2465,3527,2618,2435,1523,3779,2867,3,1336,579
6,paraclone18,1344,104,97,1635560703_991222.png,1635560703_991222_gfp.png,1635560703_991222_ph.png,1150,718,1254,815,3585,2241,3689,2338,2435,1523,3779,2867,3,1337,579
6,paraclone22,1344,84,102,1635560703_991222.png,1635560703_991222_gfp.png,1635560703_991222_ph.png,577,918,661,1020,3012,2441,3096,2543,2435,1523,3779,2867,3,1338,579
6,paraclone23,1344,124,95,1635560703_991222.png,1635560703_991222_gfp.png,1635560703_991222_ph.png,717,785,841,880,3152,2308,3276,2403,2435,1523,3779,2867,3,1339,579
6,paraclone26,1344,79,41,1635560703_991222.png,1635560703_991222_gfp.png,1635560703_991222_ph.png,1097,1102,1176,1143,3532,2625,3611,2666,2435,1523,3779,2867,3,1340,579
6,meroclone6,1344,104,121,1635560705_2853289.png,1635560705_2853289_gfp.png,1635560705_2853289_ph.png,714,883,818,1004,4291,3049,4395,3170,3577,2166,4921,3510,3,1341,580
6,paraclone18,1344,104,97,1635560705_2853289.png,1635560705_2853289_gfp.png,1635560705_2853289_ph.png,8,75,112,172,3585,2241,3689,2338,3577,2166,4921,3510,3,1342,580
6,paraclone25,1344,59,69,1635560705_2853289.png,1635560705_2853289_gfp.png,1635560705_2853289_ph.png,135,718,194,787,3712,2884,3771,2953,3577,2166,4921,3510,3,1343,580
6,meroclone6,1344,104,121,1635560706_553996.png,1635560706_553996_gfp.png,1635560706_553996_ph.png,628,405,732,526,4291,3049,4395,3170,3663,2644,5007,3988,3,1344,581
6,paraclone25,1344,59,69,1635560706_553996.png,1635560706_553996_gfp.png,1635560706_553996_ph.png,49,240,108,309,3712,2884,3771,2953,3663,2644,5007,3988,3,1345,581
6,meroclone6,1344,104,121,1635560707_834634.png,1635560707_834634_gfp.png,1635560707_834634_ph.png,629,31,733,152,4291,3049,4395,3170,3662,3018,5006,4362,3,1346,582
6,paraclone4,1344,53,64,1635560709_102731.png,1635560709_102731_gfp.png,1635560709_102731_ph.png,957,726,1010,790,5089,2609,5142,2673,4132,1883,5476,3227,3,1347,583
6,meroclone6,1344,104,121,1635560709_102731.png,1635560709_102731_gfp.png,1635560709_102731_ph.png,159,1166,263,1287,4291,3049,4395,3170,4132,1883,5476,3227,3,1348,583
6,meroclone5,1344,55,63,1635560710_361334.png,1635560710_361334_gfp.png,1635560710_361334_ph.png,1015,0,1070,63,4284,1878,4339,1941,3269,1878,4613,3222,3,1349,584
6,meroclone6,1344,104,121,1635560710_361334.png,1635560710_361334_gfp.png,1635560710_361334_ph.png,1022,1171,1126,1292,4291,3049,4395,3170,3269,1878,4613,3222,3,1350,584
6,holoclone5,1344,158,135,1635560710_361334.png,1635560710_361334_gfp.png,1635560710_361334_ph.png,65,918,223,1053,3334,2796,3492,2931,3269,1878,4613,3222,3,1351,584
6,holoclone6,1344,137,153,1635560710_361334.png,1635560710_361334_gfp.png,1635560710_361334_ph.png,121,587,258,740,3390,2465,3527,2618,3269,1878,4613,3222,3,1352,584
6,paraclone18,1344,104,97,1635560710_361334.png,1635560710_361334_gfp.png,1635560710_361334_ph.png,316,363,420,460,3585,2241,3689,2338,3269,1878,4613,3222,3,1353,584
6,paraclone21,1344,123,95,1635560710_361334.png,1635560710_361334_gfp.png,1635560710_361334_ph.png,822,115,945,210,4091,1993,4214,2088,3269,1878,4613,3222,3,1354,584
6,paraclone24,1344,62,72,1635560710_361334.png,1635560710_361334_gfp.png,1635560710_361334_ph.png,102,1119,164,1191,3371,2997,3433,3069,3269,1878,4613,3222,3,1355,584
6,paraclone25,1344,59,69,1635560710_361334.png,1635560710_361334_gfp.png,1635560710_361334_ph.png,443,1006,502,1075,3712,2884,3771,2953,3269,1878,4613,3222,3,1356,584
6,paraclone26,1344,79,41,1635560710_361334.png,1635560710_361334_gfp.png,1635560710_361334_ph.png,263,747,342,788,3532,2625,3611,2666,3269,1878,4613,3222,3,1357,584
6,meroclone6,1344,104,121,1635560711_633775.png,1635560711_633775_gfp.png,1635560711_633775_ph.png,1015,509,1119,630,4291,3049,4395,3170,3276,2540,4620,3884,3,1358,585
6,holoclone5,1344,158,135,1635560711_633775.png,1635560711_633775_gfp.png,1635560711_633775_ph.png,58,256,216,391,3334,2796,3492,2931,3276,2540,4620,3884,3,1359,585
6,paraclone24,1344,62,72,1635560711_633775.png,1635560711_633775_gfp.png,1635560711_633775_ph.png,95,457,157,529,3371,2997,3433,3069,3276,2540,4620,3884,3,1360,585
6,paraclone25,1344,59,69,1635560711_633775.png,1635560711_633775_gfp.png,1635560711_633775_ph.png,436,344,495,413,3712,2884,3771,2953,3276,2540,4620,3884,3,1361,585
6,paraclone26,1344,79,41,1635560711_633775.png,1635560711_633775_gfp.png,1635560711_633775_ph.png,256,85,335,126,3532,2625,3611,2666,3276,2540,4620,3884,3,1362,585
6,paraclone4,1344,53,64,1635560712_8967512.png,1635560712_8967512_gfp.png,1635560712_8967512_ph.png,954,289,1007,353,5089,2609,5142,2673,4135,2320,5479,3664,3,1363,586
6,meroclone6,1344,104,121,1635560712_8967512.png,1635560712_8967512_gfp.png,1635560712_8967512_ph.png,156,729,260,850,4291,3049,4395,3170,4135,2320,5479,3664,3,1364,586
6,meroclone6,1344,104,121,1635560714_153606.png,1635560714_153606_gfp.png,1635560714_153606_ph.png,1096,361,1200,482,4291,3049,4395,3170,3195,2688,4539,4032,3,1365,587
6,holoclone5,1344,158,135,1635560714_153606.png,1635560714_153606_gfp.png,1635560714_153606_ph.png,139,108,297,243,3334,2796,3492,2931,3195,2688,4539,4032,3,1366,587
6,paraclone24,1344,62,72,1635560714_153606.png,1635560714_153606_gfp.png,1635560714_153606_ph.png,176,309,238,381,3371,2997,3433,3069,3195,2688,4539,4032,3,1367,587
6,paraclone25,1344,59,69,1635560714_153606.png,1635560714_153606_gfp.png,1635560714_153606_ph.png,517,196,576,265,3712,2884,3771,2953,3195,2688,4539,4032,3,1368,587
6,meroclone6,1344,104,121,1635560715_418206.png,1635560715_418206_gfp.png,1635560715_418206_ph.png,1101,411,1205,532,4291,3049,4395,3170,3190,2638,4534,3982,3,1369,588
6,holoclone5,1344,158,135,1635560715_418206.png,1635560715_418206_gfp.png,1635560715_418206_ph.png,144,158,302,293,3334,2796,3492,2931,3190,2638,4534,3982,3,1370,588
6,paraclone24,1344,62,72,1635560715_418206.png,1635560715_418206_gfp.png,1635560715_418206_ph.png,181,359,243,431,3371,2997,3433,3069,3190,2638,4534,3982,3,1371,588
6,paraclone25,1344,59,69,1635560715_418206.png,1635560715_418206_gfp.png,1635560715_418206_ph.png,522,246,581,315,3712,2884,3771,2953,3190,2638,4534,3982,3,1372,588
6,meroclone6,1344,104,121,1635560716_679956.png,1635560716_679956_gfp.png,1635560716_679956_ph.png,965,427,1069,548,4291,3049,4395,3170,3326,2622,4670,3966,3,1373,589
6,holoclone5,1344,158,135,1635560716_679956.png,1635560716_679956_gfp.png,1635560716_679956_ph.png,8,174,166,309,3334,2796,3492,2931,3326,2622,4670,3966,3,1374,589
6,paraclone24,1344,62,72,1635560716_679956.png,1635560716_679956_gfp.png,1635560716_679956_ph.png,45,375,107,447,3371,2997,3433,3069,3326,2622,4670,3966,3,1375,589
6,paraclone25,1344,59,69,1635560716_679956.png,1635560716_679956_gfp.png,1635560716_679956_ph.png,386,262,445,331,3712,2884,3771,2953,3326,2622,4670,3966,3,1376,589
6,paraclone26,1344,79,41,1635560716_679956.png,1635560716_679956_gfp.png,1635560716_679956_ph.png,206,3,285,44,3532,2625,3611,2666,3326,2622,4670,3966,3,1377,589
6,meroclone9,1344,58,62,1635560717_955744.png,1635560717_955744_gfp.png,1635560717_955744_ph.png,1070,261,1128,323,7736,530,7794,592,6666,269,8010,1613,3,1378,590
6,paraclone19,1344,102,78,1635560717_955744.png,1635560717_955744_gfp.png,1635560717_955744_ph.png,1101,626,1203,704,7767,895,7869,973,6666,269,8010,1613,3,1379,590
6,meroclone9,1344,58,62,1635560719_2106612.png,1635560719_2106612_gfp.png,1635560719_2106612_ph.png,1209,530,1267,592,7736,530,7794,592,6527,0,7871,1344,3,1380,591
6,meroclone10,1344,42,44,1635560719_2106612.png,1635560719_2106612_gfp.png,1635560719_2106612_ph.png,24,165,66,209,6551,165,6593,209,6527,0,7871,1344,3,1381,591
6,paraclone19,1344,102,78,1635560719_2106612.png,1635560719_2106612_gfp.png,1635560719_2106612_ph.png,1240,895,1342,973,7767,895,7869,973,6527,0,7871,1344,3,1382,591
6,meroclone9,1344,58,62,1635560720_518625.png,1635560720_518625_gfp.png,1635560720_518625_ph.png,1238,290,1296,352,7736,530,7794,592,6498,240,7842,1584,3,1383,592
6,meroclone9,1344,58,62,1635560721_7783418.png,1635560721_7783418_gfp.png,1635560721_7783418_ph.png,1213,530,1271,592,7736,530,7794,592,6523,0,7867,1344,3,1384,593
6,meroclone10,1344,42,44,1635560721_7783418.png,1635560721_7783418_gfp.png,1635560721_7783418_ph.png,28,165,70,209,6551,165,6593,209,6523,0,7867,1344,3,1385,593
6,meroclone9,1344,58,62,1635560723_0278149.png,1635560723_0278149_gfp.png,1635560723_0278149_ph.png,1185,530,1243,592,7736,530,7794,592,6551,0,7895,1344,3,1386,594
6,meroclone10,1344,42,44,1635560723_0278149.png,1635560723_0278149_gfp.png,1635560723_0278149_ph.png,0,165,42,209,6551,165,6593,209,6551,0,7895,1344,3,1387,594
6,paraclone19,1344,102,78,1635560723_0278149.png,1635560723_0278149_gfp.png,1635560723_0278149_ph.png,1216,895,1318,973,7767,895,7869,973,6551,0,7895,1344,3,1388,594
6,meroclone9,1344,58,62,1635560724_2785332.png,1635560724_2785332_gfp.png,1635560724_2785332_ph.png,1016,59,1074,121,7736,530,7794,592,6720,471,8064,1815,3,1389,595
6,paraclone19,1344,102,78,1635560724_2785332.png,1635560724_2785332_gfp.png,1635560724_2785332_ph.png,1047,424,1149,502,7767,895,7869,973,6720,471,8064,1815,3,1390,595
6,meroclone9,1344,58,62,1635560725_549954.png,1635560725_549954_gfp.png,1635560725_549954_ph.png,1163,530,1221,592,7736,530,7794,592,6573,0,7917,1344,3,1391,596
6,paraclone19,1344,102,78,1635560725_549954.png,1635560725_549954_gfp.png,1635560725_549954_ph.png,1194,895,1296,973,7767,895,7869,973,6573,0,7917,1344,3,1392,596
6,meroclone9,1344,58,62,1635560726_816294.png,1635560726_816294_gfp.png,1635560726_816294_ph.png,1086,510,1144,572,7736,530,7794,592,6650,20,7994,1364,3,1393,597
6,paraclone19,1344,102,78,1635560726_816294.png,1635560726_816294_gfp.png,1635560726_816294_ph.png,1117,875,1219,953,7767,895,7869,973,6650,20,7994,1364,3,1394,597
6,meroclone9,1344,58,62,1635560728_113174.png,1635560728_113174_gfp.png,1635560728_113174_ph.png,1157,530,1215,592,7736,530,7794,592,6579,0,7923,1344,3,1395,598
6,paraclone19,1344,102,78,1635560728_113174.png,1635560728_113174_gfp.png,1635560728_113174_ph.png,1188,895,1290,973,7767,895,7869,973,6579,0,7923,1344,3,1396,598
6,meroclone9,1344,58,62,1635560729_376344.png,1635560729_376344_gfp.png,1635560729_376344_ph.png,1243,530,1301,592,7736,530,7794,592,6493,0,7837,1344,3,1397,599
6,meroclone10,1344,42,44,1635560729_376344.png,1635560729_376344_gfp.png,1635560729_376344_ph.png,58,165,100,209,6551,165,6593,209,6493,0,7837,1344,3,1398,599
6,meroclone9,1344,58,62,1635560730_635372.png,1635560730_635372_gfp.png,1635560730_635372_ph.png,1240,530,1298,592,7736,530,7794,592,6496,0,7840,1344,3,1399,600
6,meroclone10,1344,42,44,1635560730_635372.png,1635560730_635372_gfp.png,1635560730_635372_ph.png,55,165,97,209,6551,165,6593,209,6496,0,7840,1344,3,1400,600
6,meroclone10,1344,42,44,1635560731_902623.png,1635560731_902623_gfp.png,1635560731_902623_ph.png,990,165,1032,209,6551,165,6593,209,5561,0,6905,1344,3,1401,601
6,meroclone10,1344,42,44,1635560733_159708.png,1635560733_159708_gfp.png,1635560733_159708_ph.png,1129,165,1171,209,6551,165,6593,209,5422,0,6766,1344,3,1402,602
6,meroclone9,1344,58,62,1635560734_420416.png,1635560734_420416_gfp.png,1635560734_420416_ph.png,1258,530,1316,592,7736,530,7794,592,6478,0,7822,1344,3,1403,603
6,meroclone10,1344,42,44,1635560734_420416.png,1635560734_420416_gfp.png,1635560734_420416_ph.png,73,165,115,209,6551,165,6593,209,6478,0,7822,1344,3,1404,603
6,meroclone10,1344,42,44,1635560735_6742668.png,1635560735_6742668_gfp.png,1635560735_6742668_ph.png,858,165,900,209,6551,165,6593,209,5693,0,7037,1344,3,1405,604
6,meroclone10,1344,42,44,1635560736_923615.png,1635560736_923615_gfp.png,1635560736_923615_ph.png,312,165,354,209,6551,165,6593,209,6239,0,7583,1344,3,1406,605
6,meroclone10,1344,42,44,1635560738_175485.png,1635560738_175485_gfp.png,1635560738_175485_ph.png,1217,165,1259,209,6551,165,6593,209,5334,0,6678,1344,3,1407,606
6,meroclone10,1344,42,44,1635560739_432766.png,1635560739_432766_gfp.png,1635560739_432766_ph.png,864,165,906,209,6551,165,6593,209,5687,0,7031,1344,3,1408,607
6,meroclone10,1344,42,44,1635560740_703709.png,1635560740_703709_gfp.png,1635560740_703709_ph.png,1015,3,1057,47,6551,165,6593,209,5536,162,6880,1506,3,1409,608
6,meroclone10,1344,42,44,1635560741_967255.png,1635560741_967255_gfp.png,1635560741_967255_ph.png,1099,165,1141,209,6551,165,6593,209,5452,0,6796,1344,3,1410,609
6,paraclone13,1344,61,61,1635560743_223291.png,1635560743_223291_gfp.png,1635560743_223291_ph.png,158,1130,219,1191,1187,6788,1248,6849,1029,5658,2373,7002,3,1411,610
6,paraclone13,1344,61,61,1635560744_4762292.png,1635560744_4762292_gfp.png,1635560744_4762292_ph.png,1187,1035,1248,1096,1187,6788,1248,6849,0,5753,1344,7097,3,1412,611
6,paraclone13,1344,61,61,1635560745_714991.png,1635560745_714991_gfp.png,1635560745_714991_ph.png,967,1219,1028,1280,1187,6788,1248,6849,220,5569,1564,6913,3,1413,612
6,paraclone13,1344,61,61,1635560746_953321.png,1635560746_953321_gfp.png,1635560746_953321_ph.png,364,1036,425,1097,1187,6788,1248,6849,823,5752,2167,7096,3,1414,613
6,paraclone13,1344,61,61,1635560748_1984751.png,1635560748_1984751_gfp.png,1635560748_1984751_ph.png,854,1221,915,1282,1187,6788,1248,6849,333,5567,1677,6911,3,1415,614
6,paraclone13,1344,61,61,1635560749_4454882.png,1635560749_4454882_gfp.png,1635560749_4454882_ph.png,384,1108,445,1169,1187,6788,1248,6849,803,5680,2147,7024,3,1416,615
6,paraclone13,1344,61,61,1635560750_7022772.png,1635560750_7022772_gfp.png,1635560750_7022772_ph.png,1131,1276,1192,1337,1187,6788,1248,6849,56,5512,1400,6856,3,1417,616
6,paraclone13,1344,61,61,1635560751_940355.png,1635560751_940355_gfp.png,1635560751_940355_ph.png,274,1270,335,1331,1187,6788,1248,6849,913,5518,2257,6862,3,1418,617
6,paraclone13,1344,61,61,1635560753_195681.png,1635560753_195681_gfp.png,1635560753_195681_ph.png,334,1101,395,1162,1187,6788,1248,6849,853,5687,2197,7031,3,1419,618
6,paraclone13,1344,61,61,1635560754_455704.png,1635560754_455704_gfp.png,1635560754_455704_ph.png,690,1083,751,1144,1187,6788,1248,6849,497,5705,1841,7049,3,1420,619
6,holoclone5,1344,158,135,1635560755_698806.png,1635560755_698806_gfp.png,1635560755_698806_ph.png,774,299,932,434,3334,2796,3492,2931,2560,2497,3904,3841,3,1421,620
6,paraclone17,1344,62,74,1635560755_698806.png,1635560755_698806_gfp.png,1635560755_698806_ph.png,443,390,505,464,3003,2887,3065,2961,2560,2497,3904,3841,3,1422,620
6,paraclone24,1344,62,72,1635560755_698806.png,1635560755_698806_gfp.png,1635560755_698806_ph.png,811,500,873,572,3371,2997,3433,3069,2560,2497,3904,3841,3,1423,620
6,paraclone25,1344,59,69,1635560755_698806.png,1635560755_698806_gfp.png,1635560755_698806_ph.png,1152,387,1211,456,3712,2884,3771,2953,2560,2497,3904,3841,3,1424,620
6,paraclone26,1344,79,41,1635560755_698806.png,1635560755_698806_gfp.png,1635560755_698806_ph.png,972,128,1051,169,3532,2625,3611,2666,2560,2497,3904,3841,3,1425,620
6,holoclone4,1344,178,205,1635560756_961329.png,1635560756_961329_gfp.png,1635560756_961329_ph.png,438,589,616,794,3205,2397,3383,2602,2767,1808,4111,3152,3,1426,621
6,holoclone5,1344,158,135,1635560756_961329.png,1635560756_961329_gfp.png,1635560756_961329_ph.png,567,988,725,1123,3334,2796,3492,2931,2767,1808,4111,3152,3,1427,621
6,holoclone6,1344,137,153,1635560756_961329.png,1635560756_961329_gfp.png,1635560756_961329_ph.png,623,657,760,810,3390,2465,3527,2618,2767,1808,4111,3152,3,1428,621
6,paraclone17,1344,62,74,1635560756_961329.png,1635560756_961329_gfp.png,1635560756_961329_ph.png,236,1079,298,1153,3003,2887,3065,2961,2767,1808,4111,3152,3,1429,621
6,paraclone18,1344,104,97,1635560756_961329.png,1635560756_961329_gfp.png,1635560756_961329_ph.png,818,433,922,530,3585,2241,3689,2338,2767,1808,4111,3152,3,1430,621
6,paraclone22,1344,84,102,1635560756_961329.png,1635560756_961329_gfp.png,1635560756_961329_ph.png,245,633,329,735,3012,2441,3096,2543,2767,1808,4111,3152,3,1431,621
6,paraclone23,1344,124,95,1635560756_961329.png,1635560756_961329_gfp.png,1635560756_961329_ph.png,385,500,509,595,3152,2308,3276,2403,2767,1808,4111,3152,3,1432,621
6,paraclone24,1344,62,72,1635560756_961329.png,1635560756_961329_gfp.png,1635560756_961329_ph.png,604,1189,666,1261,3371,2997,3433,3069,2767,1808,4111,3152,3,1433,621
6,paraclone25,1344,59,69,1635560756_961329.png,1635560756_961329_gfp.png,1635560756_961329_ph.png,945,1076,1004,1145,3712,2884,3771,2953,2767,1808,4111,3152,3,1434,621
6,paraclone26,1344,79,41,1635560756_961329.png,1635560756_961329_gfp.png,1635560756_961329_ph.png,765,817,844,858,3532,2625,3611,2666,2767,1808,4111,3152,3,1435,621
6,holoclone5,1344,158,135,1635560758_218911.png,1635560758_218911_gfp.png,1635560758_218911_ph.png,423,51,581,186,3334,2796,3492,2931,2911,2745,4255,4089,3,1436,622
6,paraclone17,1344,62,74,1635560758_218911.png,1635560758_218911_gfp.png,1635560758_218911_ph.png,92,142,154,216,3003,2887,3065,2961,2911,2745,4255,4089,3,1437,622
6,paraclone24,1344,62,72,1635560758_218911.png,1635560758_218911_gfp.png,1635560758_218911_ph.png,460,252,522,324,3371,2997,3433,3069,2911,2745,4255,4089,3,1438,622
6,paraclone25,1344,59,69,1635560758_218911.png,1635560758_218911_gfp.png,1635560758_218911_ph.png,801,139,860,208,3712,2884,3771,2953,2911,2745,4255,4089,3,1439,622
6,holoclone4,1344,178,205,1635560759_48122.png,1635560759_48122_gfp.png,1635560759_48122_ph.png,992,95,1170,300,3205,2397,3383,2602,2213,2302,3557,3646,3,1440,623
6,holoclone5,1344,158,135,1635560759_48122.png,1635560759_48122_gfp.png,1635560759_48122_ph.png,1121,494,1279,629,3334,2796,3492,2931,2213,2302,3557,3646,3,1441,623
6,holoclone6,1344,137,153,1635560759_48122.png,1635560759_48122_gfp.png,1635560759_48122_ph.png,1177,163,1314,316,3390,2465,3527,2618,2213,2302,3557,3646,3,1442,623
6,paraclone17,1344,62,74,1635560759_48122.png,1635560759_48122_gfp.png,1635560759_48122_ph.png,790,585,852,659,3003,2887,3065,2961,2213,2302,3557,3646,3,1443,623
6,paraclone22,1344,84,102,1635560759_48122.png,1635560759_48122_gfp.png,1635560759_48122_ph.png,799,139,883,241,3012,2441,3096,2543,2213,2302,3557,3646,3,1444,623
6,paraclone23,1344,124,95,1635560759_48122.png,1635560759_48122_gfp.png,1635560759_48122_ph.png,939,6,1063,101,3152,2308,3276,2403,2213,2302,3557,3646,3,1445,623
6,paraclone24,1344,62,72,1635560759_48122.png,1635560759_48122_gfp.png,1635560759_48122_ph.png,1158,695,1220,767,3371,2997,3433,3069,2213,2302,3557,3646,3,1446,623
6,holoclone4,1344,178,205,1635560760_750464.png,1635560760_750464_gfp.png,1635560760_750464_ph.png,1029,33,1207,238,3205,2397,3383,2602,2176,2364,3520,3708,3,1447,624
6,holoclone5,1344,158,135,1635560760_750464.png,1635560760_750464_gfp.png,1635560760_750464_ph.png,1158,432,1316,567,3334,2796,3492,2931,2176,2364,3520,3708,3,1448,624
6,paraclone17,1344,62,74,1635560760_750464.png,1635560760_750464_gfp.png,1635560760_750464_ph.png,827,523,889,597,3003,2887,3065,2961,2176,2364,3520,3708,3,1449,624
6,paraclone22,1344,84,102,1635560760_750464.png,1635560760_750464_gfp.png,1635560760_750464_ph.png,836,77,920,179,3012,2441,3096,2543,2176,2364,3520,3708,3,1450,624
6,paraclone24,1344,62,72,1635560760_750464.png,1635560760_750464_gfp.png,1635560760_750464_ph.png,1195,633,1257,705,3371,2997,3433,3069,2176,2364,3520,3708,3,1451,624
6,holoclone5,1344,158,135,1635560762_018792.png,1635560762_018792_gfp.png,1635560762_018792_ph.png,952,358,1110,493,3334,2796,3492,2931,2382,2438,3726,3782,3,1452,625
6,holoclone6,1344,137,153,1635560762_018792.png,1635560762_018792_gfp.png,1635560762_018792_ph.png,1008,27,1145,180,3390,2465,3527,2618,2382,2438,3726,3782,3,1453,625
6,paraclone17,1344,62,74,1635560762_018792.png,1635560762_018792_gfp.png,1635560762_018792_ph.png,621,449,683,523,3003,2887,3065,2961,2382,2438,3726,3782,3,1454,625
6,paraclone22,1344,84,102,1635560762_018792.png,1635560762_018792_gfp.png,1635560762_018792_ph.png,630,3,714,105,3012,2441,3096,2543,2382,2438,3726,3782,3,1455,625
6,paraclone24,1344,62,72,1635560762_018792.png,1635560762_018792_gfp.png,1635560762_018792_ph.png,989,559,1051,631,3371,2997,3433,3069,2382,2438,3726,3782,3,1456,625
6,paraclone26,1344,79,41,1635560762_018792.png,1635560762_018792_gfp.png,1635560762_018792_ph.png,1150,187,1229,228,3532,2625,3611,2666,2382,2438,3726,3782,3,1457,625
6,holoclone5,1344,158,135,1635560763_284579.png,1635560763_284579_gfp.png,1635560763_284579_ph.png,535,103,693,238,3334,2796,3492,2931,2799,2693,4143,4037,3,1458,626
6,paraclone17,1344,62,74,1635560763_284579.png,1635560763_284579_gfp.png,1635560763_284579_ph.png,204,194,266,268,3003,2887,3065,2961,2799,2693,4143,4037,3,1459,626
6,paraclone24,1344,62,72,1635560763_284579.png,1635560763_284579_gfp.png,1635560763_284579_ph.png,572,304,634,376,3371,2997,3433,3069,2799,2693,4143,4037,3,1460,626
6,paraclone25,1344,59,69,1635560763_284579.png,1635560763_284579_gfp.png,1635560763_284579_ph.png,913,191,972,260,3712,2884,3771,2953,2799,2693,4143,4037,3,1461,626
6,holoclone4,1344,178,205,1635560764_5566459.png,1635560764_5566459_gfp.png,1635560764_5566459_ph.png,553,249,731,454,3205,2397,3383,2602,2652,2148,3996,3492,3,1462,627
6,holoclone5,1344,158,135,1635560764_5566459.png,1635560764_5566459_gfp.png,1635560764_5566459_ph.png,682,648,840,783,3334,2796,3492,2931,2652,2148,3996,3492,3,1463,627
6,holoclone6,1344,137,153,1635560764_5566459.png,1635560764_5566459_gfp.png,1635560764_5566459_ph.png,738,317,875,470,3390,2465,3527,2618,2652,2148,3996,3492,3,1464,627
6,paraclone17,1344,62,74,1635560764_5566459.png,1635560764_5566459_gfp.png,1635560764_5566459_ph.png,351,739,413,813,3003,2887,3065,2961,2652,2148,3996,3492,3,1465,627
6,paraclone18,1344,104,97,1635560764_5566459.png,1635560764_5566459_gfp.png,1635560764_5566459_ph.png,933,93,1037,190,3585,2241,3689,2338,2652,2148,3996,3492,3,1466,627
6,paraclone22,1344,84,102,1635560764_5566459.png,1635560764_5566459_gfp.png,1635560764_5566459_ph.png,360,293,444,395,3012,2441,3096,2543,2652,2148,3996,3492,3,1467,627
6,paraclone23,1344,124,95,1635560764_5566459.png,1635560764_5566459_gfp.png,1635560764_5566459_ph.png,500,160,624,255,3152,2308,3276,2403,2652,2148,3996,3492,3,1468,627
6,paraclone24,1344,62,72,1635560764_5566459.png,1635560764_5566459_gfp.png,1635560764_5566459_ph.png,719,849,781,921,3371,2997,3433,3069,2652,2148,3996,3492,3,1469,627
6,paraclone25,1344,59,69,1635560764_5566459.png,1635560764_5566459_gfp.png,1635560764_5566459_ph.png,1060,736,1119,805,3712,2884,3771,2953,2652,2148,3996,3492,3,1470,627
6,paraclone26,1344,79,41,1635560764_5566459.png,1635560764_5566459_gfp.png,1635560764_5566459_ph.png,880,477,959,518,3532,2625,3611,2666,2652,2148,3996,3492,3,1471,627
6,holoclone4,1344,178,205,1635560765_84261.png,1635560765_84261_gfp.png,1635560765_84261_ph.png,351,49,529,254,3205,2397,3383,2602,2854,2348,4198,3692,3,1472,628
6,holoclone5,1344,158,135,1635560765_84261.png,1635560765_84261_gfp.png,1635560765_84261_ph.png,480,448,638,583,3334,2796,3492,2931,2854,2348,4198,3692,3,1473,628
6,holoclone6,1344,137,153,1635560765_84261.png,1635560765_84261_gfp.png,1635560765_84261_ph.png,536,117,673,270,3390,2465,3527,2618,2854,2348,4198,3692,3,1474,628
6,paraclone17,1344,62,74,1635560765_84261.png,1635560765_84261_gfp.png,1635560765_84261_ph.png,149,539,211,613,3003,2887,3065,2961,2854,2348,4198,3692,3,1475,628
6,paraclone22,1344,84,102,1635560765_84261.png,1635560765_84261_gfp.png,1635560765_84261_ph.png,158,93,242,195,3012,2441,3096,2543,2854,2348,4198,3692,3,1476,628
6,paraclone24,1344,62,72,1635560765_84261.png,1635560765_84261_gfp.png,1635560765_84261_ph.png,517,649,579,721,3371,2997,3433,3069,2854,2348,4198,3692,3,1477,628
6,paraclone25,1344,59,69,1635560765_84261.png,1635560765_84261_gfp.png,1635560765_84261_ph.png,858,536,917,605,3712,2884,3771,2953,2854,2348,4198,3692,3,1478,628
6,paraclone26,1344,79,41,1635560765_84261.png,1635560765_84261_gfp.png,1635560765_84261_ph.png,678,277,757,318,3532,2625,3611,2666,2854,2348,4198,3692,3,1479,628
6,holoclone5,1344,158,135,1635560767_1064808.png,1635560767_1064808_gfp.png,1635560767_1064808_ph.png,879,304,1037,439,3334,2796,3492,2931,2455,2492,3799,3836,3,1480,629
6,paraclone17,1344,62,74,1635560767_1064808.png,1635560767_1064808_gfp.png,1635560767_1064808_ph.png,548,395,610,469,3003,2887,3065,2961,2455,2492,3799,3836,3,1481,629
6,paraclone24,1344,62,72,1635560767_1064808.png,1635560767_1064808_gfp.png,1635560767_1064808_ph.png,916,505,978,577,3371,2997,3433,3069,2455,2492,3799,3836,3,1482,629
6,paraclone25,1344,59,69,1635560767_1064808.png,1635560767_1064808_gfp.png,1635560767_1064808_ph.png,1257,392,1316,461,3712,2884,3771,2953,2455,2492,3799,3836,3,1483,629
6,paraclone26,1344,79,41,1635560767_1064808.png,1635560767_1064808_gfp.png,1635560767_1064808_ph.png,1077,133,1156,174,3532,2625,3611,2666,2455,2492,3799,3836,3,1484,629
6,paraclone14,1344,88,56,1635560768_375563.png,1635560768_375563_gfp.png,1635560768_375563_ph.png,1090,716,1178,772,4149,942,4237,998,3059,226,4403,1570,3,1485,630
6,paraclone12,1344,36,44,1635560769_648352.png,1635560769_648352_gfp.png,1635560769_648352_ph.png,1298,586,1334,630,5269,870,5305,914,3971,284,5315,1628,3,1486,631
6,paraclone14,1344,88,56,1635560769_648352.png,1635560769_648352_gfp.png,1635560769_648352_ph.png,178,658,266,714,4149,942,4237,998,3971,284,5315,1628,3,1487,631
6,meroclone5,1344,55,63,1635560770_914985.png,1635560770_914985_gfp.png,1635560770_914985_ph.png,1132,1156,1187,1219,4284,1878,4339,1941,3152,722,4496,2066,3,1488,632
6,paraclone14,1344,88,56,1635560770_914985.png,1635560770_914985_gfp.png,1635560770_914985_ph.png,997,220,1085,276,4149,942,4237,998,3152,722,4496,2066,3,1489,632
6,paraclone14,1344,88,56,1635560772_174583.png,1635560772_174583_gfp.png,1635560772_174583_ph.png,715,599,803,655,4149,942,4237,998,3434,343,4778,1687,3,1490,633
6,paraclone14,1344,88,56,1635560773_432702.png,1635560773_432702_gfp.png,1635560773_432702_ph.png,604,637,692,693,4149,942,4237,998,3545,305,4889,1649,3,1491,634
6,paraclone14,1344,88,56,1635560774_7033658.png,1635560774_7033658_gfp.png,1635560774_7033658_ph.png,380,942,468,998,4149,942,4237,998,3769,0,5113,1344,3,1492,635
6,paraclone14,1344,88,56,1635560775_9678311.png,1635560775_9678311_gfp.png,1635560775_9678311_ph.png,1181,639,1269,695,4149,942,4237,998,2968,303,4312,1647,3,1493,636
6,paraclone14,1344,88,56,1635560777_243744.png,1635560777_243744_gfp.png,1635560777_243744_ph.png,586,942,674,998,4149,942,4237,998,3563,0,4907,1344,3,1494,637
6,meroclone5,1344,55,63,1635560778_524859.png,1635560778_524859_gfp.png,1635560778_524859_ph.png,667,1278,722,1341,4284,1878,4339,1941,3617,600,4961,1944,3,1495,638
6,paraclone14,1344,88,56,1635560778_524859.png,1635560778_524859_gfp.png,1635560778_524859_ph.png,532,342,620,398,4149,942,4237,998,3617,600,4961,1944,3,1496,638
6,paraclone15,1344,97,76,1635560778_524859.png,1635560778_524859_gfp.png,1635560778_524859_ph.png,1056,1152,1153,1228,4673,1752,4770,1828,3617,600,4961,1944,3,1497,638
6,paraclone14,1344,88,56,1635560779_786678.png,1635560779_786678_gfp.png,1635560779_786678_ph.png,639,654,727,710,4149,942,4237,998,3510,288,4854,1632,3,1498,639
6,paraclone5,1344,86,75,1635560781_049027.png,1635560781_049027_gfp.png,1635560781_049027_ph.png,428,527,514,602,5078,1833,5164,1908,4650,1306,5994,2650,3,1499,640
6,paraclone15,1344,97,76,1635560781_049027.png,1635560781_049027_gfp.png,1635560781_049027_ph.png,23,446,120,522,4673,1752,4770,1828,4650,1306,5994,2650,3,1500,640
6,meroclone5,1344,55,63,1635560782_301697.png,1635560782_301697_gfp.png,1635560782_301697_ph.png,533,203,588,266,4284,1878,4339,1941,3751,1675,5095,3019,3,1501,641
6,paraclone15,1344,97,76,1635560782_301697.png,1635560782_301697_gfp.png,1635560782_301697_ph.png,922,77,1019,153,4673,1752,4770,1828,3751,1675,5095,3019,3,1502,641
6,paraclone21,1344,123,95,1635560782_301697.png,1635560782_301697_gfp.png,1635560782_301697_ph.png,340,318,463,413,4091,1993,4214,2088,3751,1675,5095,3019,3,1503,641
6,paraclone5,1344,86,75,1635560783_571006.png,1635560783_571006_gfp.png,1635560783_571006_ph.png,445,702,531,777,5078,1833,5164,1908,4633,1131,5977,2475,3,1504,642
6,paraclone15,1344,97,76,1635560783_571006.png,1635560783_571006_gfp.png,1635560783_571006_ph.png,40,621,137,697,4673,1752,4770,1828,4633,1131,5977,2475,3,1505,642
6,paraclone5,1344,86,75,1635560784_8246589.png,1635560784_8246589_gfp.png,1635560784_8246589_ph.png,906,847,992,922,5078,1833,5164,1908,4172,986,5516,2330,3,1506,643
6,meroclone5,1344,55,63,1635560784_8246589.png,1635560784_8246589_gfp.png,1635560784_8246589_ph.png,112,892,167,955,4284,1878,4339,1941,4172,986,5516,2330,3,1507,643
6,paraclone15,1344,97,76,1635560784_8246589.png,1635560784_8246589_gfp.png,1635560784_8246589_ph.png,501,766,598,842,4673,1752,4770,1828,4172,986,5516,2330,3,1508,643
6,paraclone5,1344,86,75,1635560786_076691.png,1635560786_076691_gfp.png,1635560786_076691_ph.png,607,703,693,778,5078,1833,5164,1908,4471,1130,5815,2474,3,1509,644
6,paraclone15,1344,97,76,1635560786_076691.png,1635560786_076691_gfp.png,1635560786_076691_ph.png,202,622,299,698,4673,1752,4770,1828,4471,1130,5815,2474,3,1510,644
6,meroclone5,1344,55,63,1635560787_348994.png,1635560787_348994_gfp.png,1635560787_348994_ph.png,817,385,872,448,4284,1878,4339,1941,3467,1493,4811,2837,3,1511,645
6,paraclone15,1344,97,76,1635560787_348994.png,1635560787_348994_gfp.png,1635560787_348994_ph.png,1206,259,1303,335,4673,1752,4770,1828,3467,1493,4811,2837,3,1512,645
6,paraclone18,1344,104,97,1635560787_348994.png,1635560787_348994_gfp.png,1635560787_348994_ph.png,118,748,222,845,3585,2241,3689,2338,3467,1493,4811,2837,3,1513,645
6,paraclone21,1344,123,95,1635560787_348994.png,1635560787_348994_gfp.png,1635560787_348994_ph.png,624,500,747,595,4091,1993,4214,2088,3467,1493,4811,2837,3,1514,645
6,paraclone26,1344,79,41,1635560787_348994.png,1635560787_348994_gfp.png,1635560787_348994_ph.png,65,1132,144,1173,3532,2625,3611,2666,3467,1493,4811,2837,3,1515,645
6,paraclone4,1344,53,64,1635560788_627255.png,1635560788_627255_gfp.png,1635560788_627255_ph.png,519,1039,572,1103,5089,2609,5142,2673,4570,1570,5914,2914,3,1516,646
6,paraclone5,1344,86,75,1635560788_627255.png,1635560788_627255_gfp.png,1635560788_627255_ph.png,508,263,594,338,5078,1833,5164,1908,4570,1570,5914,2914,3,1517,646
6,paraclone15,1344,97,76,1635560788_627255.png,1635560788_627255_gfp.png,1635560788_627255_ph.png,103,182,200,258,4673,1752,4770,1828,4570,1570,5914,2914,3,1518,646
6,paraclone4,1344,53,64,1635560789_887018.png,1635560789_887018_gfp.png,1635560789_887018_ph.png,522,1260,575,1324,5089,2609,5142,2673,4567,1349,5911,2693,3,1519,647
6,paraclone5,1344,86,75,1635560789_887018.png,1635560789_887018_gfp.png,1635560789_887018_ph.png,511,484,597,559,5078,1833,5164,1908,4567,1349,5911,2693,3,1520,647
6,paraclone15,1344,97,76,1635560789_887018.png,1635560789_887018_gfp.png,1635560789_887018_ph.png,106,403,203,479,4673,1752,4770,1828,4567,1349,5911,2693,3,1521,647
6,paraclone4,1344,53,64,1635560791_144404.png,1635560791_144404_gfp.png,1635560791_144404_ph.png,478,1144,531,1208,5089,2609,5142,2673,4611,1465,5955,2809,3,1522,648
6,paraclone5,1344,86,75,1635560791_144404.png,1635560791_144404_gfp.png,1635560791_144404_ph.png,467,368,553,443,5078,1833,5164,1908,4611,1465,5955,2809,3,1523,648
6,paraclone15,1344,97,76,1635560791_144404.png,1635560791_144404_gfp.png,1635560791_144404_ph.png,62,287,159,363,4673,1752,4770,1828,4611,1465,5955,2809,3,1524,648
6,paraclone4,1344,53,64,1635560792_398709.png,1635560792_398709_gfp.png,1635560792_398709_ph.png,503,1075,556,1139,5089,2609,5142,2673,4586,1534,5930,2878,3,1525,649
6,paraclone5,1344,86,75,1635560792_398709.png,1635560792_398709_gfp.png,1635560792_398709_ph.png,492,299,578,374,5078,1833,5164,1908,4586,1534,5930,2878,3,1526,649
6,paraclone15,1344,97,76,1635560792_398709.png,1635560792_398709_gfp.png,1635560792_398709_ph.png,87,218,184,294,4673,1752,4770,1828,4586,1534,5930,2878,3,1527,649
6,paraclone16,1344,185,182,1635560793_656511.png,1635560793_656511_gfp.png,1635560793_656511_ph.png,1104,651,1289,833,7753,6197,7938,6379,6649,5546,7993,6890,3,1528,650
6,paraclone16,1344,185,182,1635560794_884258.png,1635560794_884258_gfp.png,1635560794_884258_ph.png,1035,1014,1220,1196,7753,6197,7938,6379,6718,5183,8062,6527,3,1529,651
6,paraclone16,1344,185,182,1635560796_124299.png,1635560796_124299_gfp.png,1635560796_124299_ph.png,1039,976,1224,1158,7753,6197,7938,6379,6714,5221,8058,6565,3,1530,652
6,paraclone16,1344,185,182,1635560797_36814.png,1635560797_36814_gfp.png,1635560797_36814_ph.png,1040,694,1225,876,7753,6197,7938,6379,6713,5503,8057,6847,3,1531,653
6,paraclone16,1344,185,182,1635560798_6069.png,1635560798_6069_gfp.png,1635560798_6069_ph.png,1104,820,1289,1002,7753,6197,7938,6379,6649,5377,7993,6721,3,1532,654
6,paraclone16,1344,185,182,1635560799_8358111.png,1635560799_8358111_gfp.png,1635560799_8358111_ph.png,1132,1070,1317,1252,7753,6197,7938,6379,6621,5127,7965,6471,3,1533,655
6,paraclone16,1344,185,182,1635560801_0761359.png,1635560801_0761359_gfp.png,1635560801_0761359_ph.png,1132,1047,1317,1229,7753,6197,7938,6379,6621,5150,7965,6494,3,1534,656
6,paraclone16,1344,185,182,1635560802_309933.png,1635560802_309933_gfp.png,1635560802_309933_ph.png,1049,939,1234,1121,7753,6197,7938,6379,6704,5258,8048,6602,3,1535,657
6,paraclone16,1344,185,182,1635560803_542044.png,1635560803_542044_gfp.png,1635560803_542044_ph.png,1139,629,1324,811,7753,6197,7938,6379,6614,5568,7958,6912,3,1536,658
6,paraclone16,1344,185,182,1635560804_784257.png,1635560804_784257_gfp.png,1635560804_784257_ph.png,1019,594,1204,776,7753,6197,7938,6379,6734,5603,8078,6947,3,1537,659
6,holoclone4,1344,178,205,1635560806_0104551.png,1635560806_0104551_gfp.png,1635560806_0104551_ph.png,760,958,938,1163,3205,2397,3383,2602,2445,1439,3789,2783,3,1538,660
6,holoclone6,1344,137,153,1635560806_0104551.png,1635560806_0104551_gfp.png,1635560806_0104551_ph.png,945,1026,1082,1179,3390,2465,3527,2618,2445,1439,3789,2783,3,1539,660
6,paraclone18,1344,104,97,1635560806_0104551.png,1635560806_0104551_gfp.png,1635560806_0104551_ph.png,1140,802,1244,899,3585,2241,3689,2338,2445,1439,3789,2783,3,1540,660
6,paraclone22,1344,84,102,1635560806_0104551.png,1635560806_0104551_gfp.png,1635560806_0104551_ph.png,567,1002,651,1104,3012,2441,3096,2543,2445,1439,3789,2783,3,1541,660
6,paraclone23,1344,124,95,1635560806_0104551.png,1635560806_0104551_gfp.png,1635560806_0104551_ph.png,707,869,831,964,3152,2308,3276,2403,2445,1439,3789,2783,3,1542,660
6,paraclone26,1344,79,41,1635560806_0104551.png,1635560806_0104551_gfp.png,1635560806_0104551_ph.png,1087,1186,1166,1227,3532,2625,3611,2666,2445,1439,3789,2783,3,1543,660
6,meroclone5,1344,55,63,1635560807_271657.png,1635560807_271657_gfp.png,1635560807_271657_ph.png,1238,389,1293,452,4284,1878,4339,1941,3046,1489,4390,2833,3,1544,661
6,holoclone4,1344,178,205,1635560807_271657.png,1635560807_271657_gfp.png,1635560807_271657_ph.png,159,908,337,1113,3205,2397,3383,2602,3046,1489,4390,2833,3,1545,661
6,holoclone6,1344,137,153,1635560807_271657.png,1635560807_271657_gfp.png,1635560807_271657_ph.png,344,976,481,1129,3390,2465,3527,2618,3046,1489,4390,2833,3,1546,661
6,paraclone18,1344,104,97,1635560807_271657.png,1635560807_271657_gfp.png,1635560807_271657_ph.png,539,752,643,849,3585,2241,3689,2338,3046,1489,4390,2833,3,1547,661
6,paraclone21,1344,123,95,1635560807_271657.png,1635560807_271657_gfp.png,1635560807_271657_ph.png,1045,504,1168,599,4091,1993,4214,2088,3046,1489,4390,2833,3,1548,661
6,paraclone23,1344,124,95,1635560807_271657.png,1635560807_271657_gfp.png,1635560807_271657_ph.png,106,819,230,914,3152,2308,3276,2403,3046,1489,4390,2833,3,1549,661
6,paraclone26,1344,79,41,1635560807_271657.png,1635560807_271657_gfp.png,1635560807_271657_ph.png,486,1136,565,1177,3532,2625,3611,2666,3046,1489,4390,2833,3,1550,661
6,holoclone4,1344,178,205,1635560808_549165.png,1635560808_549165_gfp.png,1635560808_549165_ph.png,661,81,839,286,3205,2397,3383,2602,2544,2316,3888,3660,3,1551,662
6,holoclone5,1344,158,135,1635560808_549165.png,1635560808_549165_gfp.png,1635560808_549165_ph.png,790,480,948,615,3334,2796,3492,2931,2544,2316,3888,3660,3,1552,662
6,holoclone6,1344,137,153,1635560808_549165.png,1635560808_549165_gfp.png,1635560808_549165_ph.png,846,149,983,302,3390,2465,3527,2618,2544,2316,3888,3660,3,1553,662
6,paraclone17,1344,62,74,1635560808_549165.png,1635560808_549165_gfp.png,1635560808_549165_ph.png,459,571,521,645,3003,2887,3065,2961,2544,2316,3888,3660,3,1554,662
6,paraclone22,1344,84,102,1635560808_549165.png,1635560808_549165_gfp.png,1635560808_549165_ph.png,468,125,552,227,3012,2441,3096,2543,2544,2316,3888,3660,3,1555,662
6,paraclone24,1344,62,72,1635560808_549165.png,1635560808_549165_gfp.png,1635560808_549165_ph.png,827,681,889,753,3371,2997,3433,3069,2544,2316,3888,3660,3,1556,662
6,paraclone25,1344,59,69,1635560808_549165.png,1635560808_549165_gfp.png,1635560808_549165_ph.png,1168,568,1227,637,3712,2884,3771,2953,2544,2316,3888,3660,3,1557,662
6,paraclone26,1344,79,41,1635560808_549165.png,1635560808_549165_gfp.png,1635560808_549165_ph.png,988,309,1067,350,3532,2625,3611,2666,2544,2316,3888,3660,3,1558,662
6,holoclone4,1344,178,205,1635560809_8106382.png,1635560809_8106382_gfp.png,1635560809_8106382_ph.png,30,230,208,435,3205,2397,3383,2602,3175,2167,4519,3511,3,1559,663
6,meroclone6,1344,104,121,1635560809_8106382.png,1635560809_8106382_gfp.png,1635560809_8106382_ph.png,1116,882,1220,1003,4291,3049,4395,3170,3175,2167,4519,3511,3,1560,663
6,holoclone5,1344,158,135,1635560809_8106382.png,1635560809_8106382_gfp.png,1635560809_8106382_ph.png,159,629,317,764,3334,2796,3492,2931,3175,2167,4519,3511,3,1561,663
6,holoclone6,1344,137,153,1635560809_8106382.png,1635560809_8106382_gfp.png,1635560809_8106382_ph.png,215,298,352,451,3390,2465,3527,2618,3175,2167,4519,3511,3,1562,663
6,paraclone18,1344,104,97,1635560809_8106382.png,1635560809_8106382_gfp.png,1635560809_8106382_ph.png,410,74,514,171,3585,2241,3689,2338,3175,2167,4519,3511,3,1563,663
6,paraclone24,1344,62,72,1635560809_8106382.png,1635560809_8106382_gfp.png,1635560809_8106382_ph.png,196,830,258,902,3371,2997,3433,3069,3175,2167,4519,3511,3,1564,663
6,paraclone25,1344,59,69,1635560809_8106382.png,1635560809_8106382_gfp.png,1635560809_8106382_ph.png,537,717,596,786,3712,2884,3771,2953,3175,2167,4519,3511,3,1565,663
6,paraclone26,1344,79,41,1635560809_8106382.png,1635560809_8106382_gfp.png,1635560809_8106382_ph.png,357,458,436,499,3532,2625,3611,2666,3175,2167,4519,3511,3,1566,663
6,holoclone4,1344,178,205,1635560811_077914.png,1635560811_077914_gfp.png,1635560811_077914_ph.png,306,872,484,1077,3205,2397,3383,2602,2899,1525,4243,2869,3,1567,664
6,holoclone6,1344,137,153,1635560811_077914.png,1635560811_077914_gfp.png,1635560811_077914_ph.png,491,940,628,1093,3390,2465,3527,2618,2899,1525,4243,2869,3,1568,664
6,paraclone18,1344,104,97,1635560811_077914.png,1635560811_077914_gfp.png,1635560811_077914_ph.png,686,716,790,813,3585,2241,3689,2338,2899,1525,4243,2869,3,1569,664
6,paraclone21,1344,123,95,1635560811_077914.png,1635560811_077914_gfp.png,1635560811_077914_ph.png,1192,468,1315,563,4091,1993,4214,2088,2899,1525,4243,2869,3,1570,664
6,paraclone22,1344,84,102,1635560811_077914.png,1635560811_077914_gfp.png,1635560811_077914_ph.png,113,916,197,1018,3012,2441,3096,2543,2899,1525,4243,2869,3,1571,664
6,paraclone23,1344,124,95,1635560811_077914.png,1635560811_077914_gfp.png,1635560811_077914_ph.png,253,783,377,878,3152,2308,3276,2403,2899,1525,4243,2869,3,1572,664
6,paraclone26,1344,79,41,1635560811_077914.png,1635560811_077914_gfp.png,1635560811_077914_ph.png,633,1100,712,1141,3532,2625,3611,2666,2899,1525,4243,2869,3,1573,664
6,holoclone4,1344,178,205,1635560812_338084.png,1635560812_338084_gfp.png,1635560812_338084_ph.png,559,1042,737,1247,3205,2397,3383,2602,2646,1355,3990,2699,3,1574,665
6,holoclone6,1344,137,153,1635560812_338084.png,1635560812_338084_gfp.png,1635560812_338084_ph.png,744,1110,881,1263,3390,2465,3527,2618,2646,1355,3990,2699,3,1575,665
6,paraclone18,1344,104,97,1635560812_338084.png,1635560812_338084_gfp.png,1635560812_338084_ph.png,939,886,1043,983,3585,2241,3689,2338,2646,1355,3990,2699,3,1576,665
6,paraclone22,1344,84,102,1635560812_338084.png,1635560812_338084_gfp.png,1635560812_338084_ph.png,366,1086,450,1188,3012,2441,3096,2543,2646,1355,3990,2699,3,1577,665
6,paraclone23,1344,124,95,1635560812_338084.png,1635560812_338084_gfp.png,1635560812_338084_ph.png,506,953,630,1048,3152,2308,3276,2403,2646,1355,3990,2699,3,1578,665
6,paraclone26,1344,79,41,1635560812_338084.png,1635560812_338084_gfp.png,1635560812_338084_ph.png,886,1270,965,1311,3532,2625,3611,2666,2646,1355,3990,2699,3,1579,665
6,holoclone4,1344,178,205,1635560813_606187.png,1635560813_606187_gfp.png,1635560813_606187_ph.png,835,930,1013,1135,3205,2397,3383,2602,2370,1467,3714,2811,3,1580,666
6,holoclone6,1344,137,153,1635560813_606187.png,1635560813_606187_gfp.png,1635560813_606187_ph.png,1020,998,1157,1151,3390,2465,3527,2618,2370,1467,3714,2811,3,1581,666
6,paraclone18,1344,104,97,1635560813_606187.png,1635560813_606187_gfp.png,1635560813_606187_ph.png,1215,774,1319,871,3585,2241,3689,2338,2370,1467,3714,2811,3,1582,666
6,paraclone22,1344,84,102,1635560813_606187.png,1635560813_606187_gfp.png,1635560813_606187_ph.png,642,974,726,1076,3012,2441,3096,2543,2370,1467,3714,2811,3,1583,666
6,paraclone23,1344,124,95,1635560813_606187.png,1635560813_606187_gfp.png,1635560813_606187_ph.png,782,841,906,936,3152,2308,3276,2403,2370,1467,3714,2811,3,1584,666
6,paraclone26,1344,79,41,1635560813_606187.png,1635560813_606187_gfp.png,1635560813_606187_ph.png,1162,1158,1241,1199,3532,2625,3611,2666,2370,1467,3714,2811,3,1585,666
6,meroclone5,1344,55,63,1635560814_8607092.png,1635560814_8607092_gfp.png,1635560814_8607092_ph.png,1208,603,1263,666,4284,1878,4339,1941,3076,1275,4420,2619,3,1586,667
6,holoclone4,1344,178,205,1635560814_8607092.png,1635560814_8607092_gfp.png,1635560814_8607092_ph.png,129,1122,307,1327,3205,2397,3383,2602,3076,1275,4420,2619,3,1587,667
6,holoclone6,1344,137,153,1635560814_8607092.png,1635560814_8607092_gfp.png,1635560814_8607092_ph.png,314,1190,451,1343,3390,2465,3527,2618,3076,1275,4420,2619,3,1588,667
6,paraclone18,1344,104,97,1635560814_8607092.png,1635560814_8607092_gfp.png,1635560814_8607092_ph.png,509,966,613,1063,3585,2241,3689,2338,3076,1275,4420,2619,3,1589,667
6,paraclone21,1344,123,95,1635560814_8607092.png,1635560814_8607092_gfp.png,1635560814_8607092_ph.png,1015,718,1138,813,4091,1993,4214,2088,3076,1275,4420,2619,3,1590,667
6,paraclone23,1344,124,95,1635560814_8607092.png,1635560814_8607092_gfp.png,1635560814_8607092_ph.png,76,1033,200,1128,3152,2308,3276,2403,3076,1275,4420,2619,3,1591,667
6,holoclone4,1344,178,205,1635560816_122853.png,1635560816_122853_gfp.png,1635560816_122853_ph.png,501,1101,679,1306,3205,2397,3383,2602,2704,1296,4048,2640,3,1592,668
6,holoclone6,1344,137,153,1635560816_122853.png,1635560816_122853_gfp.png,1635560816_122853_ph.png,686,1169,823,1322,3390,2465,3527,2618,2704,1296,4048,2640,3,1593,668
6,paraclone18,1344,104,97,1635560816_122853.png,1635560816_122853_gfp.png,1635560816_122853_ph.png,881,945,985,1042,3585,2241,3689,2338,2704,1296,4048,2640,3,1594,668
6,paraclone22,1344,84,102,1635560816_122853.png,1635560816_122853_gfp.png,1635560816_122853_ph.png,308,1145,392,1247,3012,2441,3096,2543,2704,1296,4048,2640,3,1595,668
6,paraclone23,1344,124,95,1635560816_122853.png,1635560816_122853_gfp.png,1635560816_122853_ph.png,448,1012,572,1107,3152,2308,3276,2403,2704,1296,4048,2640,3,1596,668
6,holoclone4,1344,178,205,1635560817_378408.png,1635560817_378408_gfp.png,1635560817_378408_ph.png,274,531,452,736,3205,2397,3383,2602,2931,1866,4275,3210,3,1597,669
6,holoclone5,1344,158,135,1635560817_378408.png,1635560817_378408_gfp.png,1635560817_378408_ph.png,403,930,561,1065,3334,2796,3492,2931,2931,1866,4275,3210,3,1598,669
6,holoclone6,1344,137,153,1635560817_378408.png,1635560817_378408_gfp.png,1635560817_378408_ph.png,459,599,596,752,3390,2465,3527,2618,2931,1866,4275,3210,3,1599,669
6,paraclone17,1344,62,74,1635560817_378408.png,1635560817_378408_gfp.png,1635560817_378408_ph.png,72,1021,134,1095,3003,2887,3065,2961,2931,1866,4275,3210,3,1600,669
6,paraclone18,1344,104,97,1635560817_378408.png,1635560817_378408_gfp.png,1635560817_378408_ph.png,654,375,758,472,3585,2241,3689,2338,2931,1866,4275,3210,3,1601,669
6,paraclone21,1344,123,95,1635560817_378408.png,1635560817_378408_gfp.png,1635560817_378408_ph.png,1160,127,1283,222,4091,1993,4214,2088,2931,1866,4275,3210,3,1602,669
6,paraclone22,1344,84,102,1635560817_378408.png,1635560817_378408_gfp.png,1635560817_378408_ph.png,81,575,165,677,3012,2441,3096,2543,2931,1866,4275,3210,3,1603,669
6,paraclone23,1344,124,95,1635560817_378408.png,1635560817_378408_gfp.png,1635560817_378408_ph.png,221,442,345,537,3152,2308,3276,2403,2931,1866,4275,3210,3,1604,669
6,paraclone24,1344,62,72,1635560817_378408.png,1635560817_378408_gfp.png,1635560817_378408_ph.png,440,1131,502,1203,3371,2997,3433,3069,2931,1866,4275,3210,3,1605,669
6,paraclone25,1344,59,69,1635560817_378408.png,1635560817_378408_gfp.png,1635560817_378408_ph.png,781,1018,840,1087,3712,2884,3771,2953,2931,1866,4275,3210,3,1606,669
6,paraclone26,1344,79,41,1635560817_378408.png,1635560817_378408_gfp.png,1635560817_378408_ph.png,601,759,680,800,3532,2625,3611,2666,2931,1866,4275,3210,3,1607,669
6,holoclone4,1344,178,205,1635560818_64705.png,1635560818_64705_gfp.png,1635560818_64705_ph.png,401,160,579,365,3205,2397,3383,2602,2804,2237,4148,3581,3,1608,670
6,holoclone5,1344,158,135,1635560818_64705.png,1635560818_64705_gfp.png,1635560818_64705_ph.png,530,559,688,694,3334,2796,3492,2931,2804,2237,4148,3581,3,1609,670
6,holoclone6,1344,137,153,1635560818_64705.png,1635560818_64705_gfp.png,1635560818_64705_ph.png,586,228,723,381,3390,2465,3527,2618,2804,2237,4148,3581,3,1610,670
6,paraclone17,1344,62,74,1635560818_64705.png,1635560818_64705_gfp.png,1635560818_64705_ph.png,199,650,261,724,3003,2887,3065,2961,2804,2237,4148,3581,3,1611,670
6,paraclone18,1344,104,97,1635560818_64705.png,1635560818_64705_gfp.png,1635560818_64705_ph.png,781,4,885,101,3585,2241,3689,2338,2804,2237,4148,3581,3,1612,670
6,paraclone22,1344,84,102,1635560818_64705.png,1635560818_64705_gfp.png,1635560818_64705_ph.png,208,204,292,306,3012,2441,3096,2543,2804,2237,4148,3581,3,1613,670
6,paraclone23,1344,124,95,1635560818_64705.png,1635560818_64705_gfp.png,1635560818_64705_ph.png,348,71,472,166,3152,2308,3276,2403,2804,2237,4148,3581,3,1614,670
6,paraclone24,1344,62,72,1635560818_64705.png,1635560818_64705_gfp.png,1635560818_64705_ph.png,567,760,629,832,3371,2997,3433,3069,2804,2237,4148,3581,3,1615,670
6,paraclone25,1344,59,69,1635560818_64705.png,1635560818_64705_gfp.png,1635560818_64705_ph.png,908,647,967,716,3712,2884,3771,2953,2804,2237,4148,3581,3,1616,670
6,paraclone26,1344,79,41,1635560818_64705.png,1635560818_64705_gfp.png,1635560818_64705_ph.png,728,388,807,429,3532,2625,3611,2666,2804,2237,4148,3581,3,1617,670
6,holoclone5,1344,158,135,1635560819_910775.png,1635560819_910775_gfp.png,1635560819_910775_ph.png,377,333,535,468,3334,2796,3492,2931,2957,2463,4301,3807,3,1618,671
6,holoclone6,1344,137,153,1635560819_910775.png,1635560819_910775_gfp.png,1635560819_910775_ph.png,433,2,570,155,3390,2465,3527,2618,2957,2463,4301,3807,3,1619,671
6,paraclone17,1344,62,74,1635560819_910775.png,1635560819_910775_gfp.png,1635560819_910775_ph.png,46,424,108,498,3003,2887,3065,2961,2957,2463,4301,3807,3,1620,671
6,paraclone24,1344,62,72,1635560819_910775.png,1635560819_910775_gfp.png,1635560819_910775_ph.png,414,534,476,606,3371,2997,3433,3069,2957,2463,4301,3807,3,1621,671
6,paraclone25,1344,59,69,1635560819_910775.png,1635560819_910775_gfp.png,1635560819_910775_ph.png,755,421,814,490,3712,2884,3771,2953,2957,2463,4301,3807,3,1622,671
6,paraclone26,1344,79,41,1635560819_910775.png,1635560819_910775_gfp.png,1635560819_910775_ph.png,575,162,654,203,3532,2625,3611,2666,2957,2463,4301,3807,3,1623,671
6,holoclone4,1344,178,205,1635560821_177025.png,1635560821_177025_gfp.png,1635560821_177025_ph.png,521,552,699,757,3205,2397,3383,2602,2684,1845,4028,3189,3,1624,672
6,holoclone5,1344,158,135,1635560821_177025.png,1635560821_177025_gfp.png,1635560821_177025_ph.png,650,951,808,1086,3334,2796,3492,2931,2684,1845,4028,3189,3,1625,672
6,holoclone6,1344,137,153,1635560821_177025.png,1635560821_177025_gfp.png,1635560821_177025_ph.png,706,620,843,773,3390,2465,3527,2618,2684,1845,4028,3189,3,1626,672
6,paraclone17,1344,62,74,1635560821_177025.png,1635560821_177025_gfp.png,1635560821_177025_ph.png,319,1042,381,1116,3003,2887,3065,2961,2684,1845,4028,3189,3,1627,672
6,paraclone18,1344,104,97,1635560821_177025.png,1635560821_177025_gfp.png,1635560821_177025_ph.png,901,396,1005,493,3585,2241,3689,2338,2684,1845,4028,3189,3,1628,672
6,paraclone22,1344,84,102,1635560821_177025.png,1635560821_177025_gfp.png,1635560821_177025_ph.png,328,596,412,698,3012,2441,3096,2543,2684,1845,4028,3189,3,1629,672
6,paraclone23,1344,124,95,1635560821_177025.png,1635560821_177025_gfp.png,1635560821_177025_ph.png,468,463,592,558,3152,2308,3276,2403,2684,1845,4028,3189,3,1630,672
6,paraclone24,1344,62,72,1635560821_177025.png,1635560821_177025_gfp.png,1635560821_177025_ph.png,687,1152,749,1224,3371,2997,3433,3069,2684,1845,4028,3189,3,1631,672
6,paraclone25,1344,59,69,1635560821_177025.png,1635560821_177025_gfp.png,1635560821_177025_ph.png,1028,1039,1087,1108,3712,2884,3771,2953,2684,1845,4028,3189,3,1632,672
6,paraclone26,1344,79,41,1635560821_177025.png,1635560821_177025_gfp.png,1635560821_177025_ph.png,848,780,927,821,3532,2625,3611,2666,2684,1845,4028,3189,3,1633,672
6,paraclone17,1344,62,74,1635560822_439978.png,1635560822_439978_gfp.png,1635560822_439978_ph.png,1037,425,1099,499,3003,2887,3065,2961,1966,2462,3310,3806,3,1634,673
6,holoclone5,1344,158,135,1635560823_702173.png,1635560823_702173_gfp.png,1635560823_702173_ph.png,676,114,834,249,3334,2796,3492,2931,2658,2682,4002,4026,3,1635,674
6,paraclone17,1344,62,74,1635560823_702173.png,1635560823_702173_gfp.png,1635560823_702173_ph.png,345,205,407,279,3003,2887,3065,2961,2658,2682,4002,4026,3,1636,674
6,paraclone24,1344,62,72,1635560823_702173.png,1635560823_702173_gfp.png,1635560823_702173_ph.png,713,315,775,387,3371,2997,3433,3069,2658,2682,4002,4026,3,1637,674
6,paraclone25,1344,59,69,1635560823_702173.png,1635560823_702173_gfp.png,1635560823_702173_ph.png,1054,202,1113,271,3712,2884,3771,2953,2658,2682,4002,4026,3,1638,674
6,paraclone17,1344,62,74,1635560824_962396.png,1635560824_962396_gfp.png,1635560824_962396_ph.png,1188,771,1250,845,3003,2887,3065,2961,1815,2116,3159,3460,3,1639,675
6,paraclone22,1344,84,102,1635560824_962396.png,1635560824_962396_gfp.png,1635560824_962396_ph.png,1197,325,1281,427,3012,2441,3096,2543,1815,2116,3159,3460,3,1640,675
6,holoclone4,1344,178,205,1635560826_230485.png,1635560826_230485_gfp.png,1635560826_230485_ph.png,468,154,646,359,3205,2397,3383,2602,2737,2243,4081,3587,3,1641,676
6,holoclone5,1344,158,135,1635560826_230485.png,1635560826_230485_gfp.png,1635560826_230485_ph.png,597,553,755,688,3334,2796,3492,2931,2737,2243,4081,3587,3,1642,676
6,holoclone6,1344,137,153,1635560826_230485.png,1635560826_230485_gfp.png,1635560826_230485_ph.png,653,222,790,375,3390,2465,3527,2618,2737,2243,4081,3587,3,1643,676
6,paraclone17,1344,62,74,1635560826_230485.png,1635560826_230485_gfp.png,1635560826_230485_ph.png,266,644,328,718,3003,2887,3065,2961,2737,2243,4081,3587,3,1644,676
6,paraclone22,1344,84,102,1635560826_230485.png,1635560826_230485_gfp.png,1635560826_230485_ph.png,275,198,359,300,3012,2441,3096,2543,2737,2243,4081,3587,3,1645,676
6,paraclone23,1344,124,95,1635560826_230485.png,1635560826_230485_gfp.png,1635560826_230485_ph.png,415,65,539,160,3152,2308,3276,2403,2737,2243,4081,3587,3,1646,676
6,paraclone24,1344,62,72,1635560826_230485.png,1635560826_230485_gfp.png,1635560826_230485_ph.png,634,754,696,826,3371,2997,3433,3069,2737,2243,4081,3587,3,1647,676
6,paraclone25,1344,59,69,1635560826_230485.png,1635560826_230485_gfp.png,1635560826_230485_ph.png,975,641,1034,710,3712,2884,3771,2953,2737,2243,4081,3587,3,1648,676
6,paraclone26,1344,79,41,1635560826_230485.png,1635560826_230485_gfp.png,1635560826_230485_ph.png,795,382,874,423,3532,2625,3611,2666,2737,2243,4081,3587,3,1649,676
6,holoclone5,1344,158,135,1635560827_498472.png,1635560827_498472_gfp.png,1635560827_498472_ph.png,1048,87,1206,222,3334,2796,3492,2931,2286,2709,3630,4053,3,1650,677
6,paraclone17,1344,62,74,1635560827_498472.png,1635560827_498472_gfp.png,1635560827_498472_ph.png,717,178,779,252,3003,2887,3065,2961,2286,2709,3630,4053,3,1651,677
6,paraclone24,1344,62,72,1635560827_498472.png,1635560827_498472_gfp.png,1635560827_498472_ph.png,1085,288,1147,360,3371,2997,3433,3069,2286,2709,3630,4053,3,1652,677
6,holoclone4,1344,178,205,1635560828_758809.png,1635560828_758809_gfp.png,1635560828_758809_ph.png,536,775,714,980,3205,2397,3383,2602,2669,1622,4013,2966,3,1653,678
6,holoclone5,1344,158,135,1635560828_758809.png,1635560828_758809_gfp.png,1635560828_758809_ph.png,665,1174,823,1309,3334,2796,3492,2931,2669,1622,4013,2966,3,1654,678
6,holoclone6,1344,137,153,1635560828_758809.png,1635560828_758809_gfp.png,1635560828_758809_ph.png,721,843,858,996,3390,2465,3527,2618,2669,1622,4013,2966,3,1655,678
6,paraclone17,1344,62,74,1635560828_758809.png,1635560828_758809_gfp.png,1635560828_758809_ph.png,334,1265,396,1339,3003,2887,3065,2961,2669,1622,4013,2966,3,1656,678
6,paraclone18,1344,104,97,1635560828_758809.png,1635560828_758809_gfp.png,1635560828_758809_ph.png,916,619,1020,716,3585,2241,3689,2338,2669,1622,4013,2966,3,1657,678
6,paraclone22,1344,84,102,1635560828_758809.png,1635560828_758809_gfp.png,1635560828_758809_ph.png,343,819,427,921,3012,2441,3096,2543,2669,1622,4013,2966,3,1658,678
6,paraclone23,1344,124,95,1635560828_758809.png,1635560828_758809_gfp.png,1635560828_758809_ph.png,483,686,607,781,3152,2308,3276,2403,2669,1622,4013,2966,3,1659,678
6,paraclone25,1344,59,69,1635560828_758809.png,1635560828_758809_gfp.png,1635560828_758809_ph.png,1043,1262,1102,1331,3712,2884,3771,2953,2669,1622,4013,2966,3,1660,678
6,paraclone26,1344,79,41,1635560828_758809.png,1635560828_758809_gfp.png,1635560828_758809_ph.png,863,1003,942,1044,3532,2625,3611,2666,2669,1622,4013,2966,3,1661,678
6,paraclone17,1344,62,74,1635560830_022391.png,1635560830_022391_gfp.png,1635560830_022391_ph.png,1095,400,1157,474,3003,2887,3065,2961,1908,2487,3252,3831,3,1662,679
6,meroclone5,1344,55,63,1635560831_2789938.png,1635560831_2789938_gfp.png,1635560831_2789938_ph.png,1113,485,1168,548,4284,1878,4339,1941,3171,1393,4515,2737,3,1663,680
6,holoclone4,1344,178,205,1635560831_2789938.png,1635560831_2789938_gfp.png,1635560831_2789938_ph.png,34,1004,212,1209,3205,2397,3383,2602,3171,1393,4515,2737,3,1664,680
6,holoclone6,1344,137,153,1635560831_2789938.png,1635560831_2789938_gfp.png,1635560831_2789938_ph.png,219,1072,356,1225,3390,2465,3527,2618,3171,1393,4515,2737,3,1665,680
6,paraclone18,1344,104,97,1635560831_2789938.png,1635560831_2789938_gfp.png,1635560831_2789938_ph.png,414,848,518,945,3585,2241,3689,2338,3171,1393,4515,2737,3,1666,680
6,paraclone21,1344,123,95,1635560831_2789938.png,1635560831_2789938_gfp.png,1635560831_2789938_ph.png,920,600,1043,695,4091,1993,4214,2088,3171,1393,4515,2737,3,1667,680
6,paraclone26,1344,79,41,1635560831_2789938.png,1635560831_2789938_gfp.png,1635560831_2789938_ph.png,361,1232,440,1273,3532,2625,3611,2666,3171,1393,4515,2737,3,1668,680
6,meroclone5,1344,55,63,1635560832_5379179.png,1635560832_5379179_gfp.png,1635560832_5379179_ph.png,1047,669,1102,732,4284,1878,4339,1941,3237,1209,4581,2553,3,1669,681
6,paraclone18,1344,104,97,1635560832_5379179.png,1635560832_5379179_gfp.png,1635560832_5379179_ph.png,348,1032,452,1129,3585,2241,3689,2338,3237,1209,4581,2553,3,1670,681
6,paraclone21,1344,123,95,1635560832_5379179.png,1635560832_5379179_gfp.png,1635560832_5379179_ph.png,854,784,977,879,4091,1993,4214,2088,3237,1209,4581,2553,3,1671,681
6,holoclone4,1344,178,205,1635560833_795813.png,1635560833_795813_gfp.png,1635560833_795813_ph.png,838,417,1016,622,3205,2397,3383,2602,2367,1980,3711,3324,3,1672,682
6,holoclone5,1344,158,135,1635560833_795813.png,1635560833_795813_gfp.png,1635560833_795813_ph.png,967,816,1125,951,3334,2796,3492,2931,2367,1980,3711,3324,3,1673,682
6,holoclone6,1344,137,153,1635560833_795813.png,1635560833_795813_gfp.png,1635560833_795813_ph.png,1023,485,1160,638,3390,2465,3527,2618,2367,1980,3711,3324,3,1674,682
6,paraclone17,1344,62,74,1635560833_795813.png,1635560833_795813_gfp.png,1635560833_795813_ph.png,636,907,698,981,3003,2887,3065,2961,2367,1980,3711,3324,3,1675,682
6,paraclone18,1344,104,97,1635560833_795813.png,1635560833_795813_gfp.png,1635560833_795813_ph.png,1218,261,1322,358,3585,2241,3689,2338,2367,1980,3711,3324,3,1676,682
6,paraclone22,1344,84,102,1635560833_795813.png,1635560833_795813_gfp.png,1635560833_795813_ph.png,645,461,729,563,3012,2441,3096,2543,2367,1980,3711,3324,3,1677,682
6,paraclone23,1344,124,95,1635560833_795813.png,1635560833_795813_gfp.png,1635560833_795813_ph.png,785,328,909,423,3152,2308,3276,2403,2367,1980,3711,3324,3,1678,682
6,paraclone24,1344,62,72,1635560833_795813.png,1635560833_795813_gfp.png,1635560833_795813_ph.png,1004,1017,1066,1089,3371,2997,3433,3069,2367,1980,3711,3324,3,1679,682
6,paraclone26,1344,79,41,1635560833_795813.png,1635560833_795813_gfp.png,1635560833_795813_ph.png,1165,645,1244,686,3532,2625,3611,2666,2367,1980,3711,3324,3,1680,682
6,holoclone4,1344,178,205,1635560835_059167.png,1635560835_059167_gfp.png,1635560835_059167_ph.png,688,822,866,1027,3205,2397,3383,2602,2517,1575,3861,2919,3,1681,683
6,holoclone6,1344,137,153,1635560835_059167.png,1635560835_059167_gfp.png,1635560835_059167_ph.png,873,890,1010,1043,3390,2465,3527,2618,2517,1575,3861,2919,3,1682,683
6,paraclone18,1344,104,97,1635560835_059167.png,1635560835_059167_gfp.png,1635560835_059167_ph.png,1068,666,1172,763,3585,2241,3689,2338,2517,1575,3861,2919,3,1683,683
6,paraclone22,1344,84,102,1635560835_059167.png,1635560835_059167_gfp.png,1635560835_059167_ph.png,495,866,579,968,3012,2441,3096,2543,2517,1575,3861,2919,3,1684,683
6,paraclone23,1344,124,95,1635560835_059167.png,1635560835_059167_gfp.png,1635560835_059167_ph.png,635,733,759,828,3152,2308,3276,2403,2517,1575,3861,2919,3,1685,683
6,paraclone26,1344,79,41,1635560835_059167.png,1635560835_059167_gfp.png,1635560835_059167_ph.png,1015,1050,1094,1091,3532,2625,3611,2666,2517,1575,3861,2919,3,1686,683
6,holoclone4,1344,178,205,1635560836_342054.png,1635560836_342054_gfp.png,1635560836_342054_ph.png,374,719,552,924,3205,2397,3383,2602,2831,1678,4175,3022,3,1687,684
6,holoclone5,1344,158,135,1635560836_342054.png,1635560836_342054_gfp.png,1635560836_342054_ph.png,503,1118,661,1253,3334,2796,3492,2931,2831,1678,4175,3022,3,1688,684
6,holoclone6,1344,137,153,1635560836_342054.png,1635560836_342054_gfp.png,1635560836_342054_ph.png,559,787,696,940,3390,2465,3527,2618,2831,1678,4175,3022,3,1689,684
6,paraclone17,1344,62,74,1635560836_342054.png,1635560836_342054_gfp.png,1635560836_342054_ph.png,172,1209,234,1283,3003,2887,3065,2961,2831,1678,4175,3022,3,1690,684
6,paraclone18,1344,104,97,1635560836_342054.png,1635560836_342054_gfp.png,1635560836_342054_ph.png,754,563,858,660,3585,2241,3689,2338,2831,1678,4175,3022,3,1691,684
6,paraclone22,1344,84,102,1635560836_342054.png,1635560836_342054_gfp.png,1635560836_342054_ph.png,181,763,265,865,3012,2441,3096,2543,2831,1678,4175,3022,3,1692,684
6,paraclone23,1344,124,95,1635560836_342054.png,1635560836_342054_gfp.png,1635560836_342054_ph.png,321,630,445,725,3152,2308,3276,2403,2831,1678,4175,3022,3,1693,684
6,paraclone25,1344,59,69,1635560836_342054.png,1635560836_342054_gfp.png,1635560836_342054_ph.png,881,1206,940,1275,3712,2884,3771,2953,2831,1678,4175,3022,3,1694,684
6,paraclone26,1344,79,41,1635560836_342054.png,1635560836_342054_gfp.png,1635560836_342054_ph.png,701,947,780,988,3532,2625,3611,2666,2831,1678,4175,3022,3,1695,684
6,meroclone5,1344,55,63,1635560837_60445.png,1635560837_60445_gfp.png,1635560837_60445_ph.png,853,215,908,278,4284,1878,4339,1941,3431,1663,4775,3007,3,1696,685
6,paraclone15,1344,97,76,1635560837_60445.png,1635560837_60445_gfp.png,1635560837_60445_ph.png,1242,89,1339,165,4673,1752,4770,1828,3431,1663,4775,3007,3,1697,685
6,paraclone18,1344,104,97,1635560837_60445.png,1635560837_60445_gfp.png,1635560837_60445_ph.png,154,578,258,675,3585,2241,3689,2338,3431,1663,4775,3007,3,1698,685
6,paraclone21,1344,123,95,1635560837_60445.png,1635560837_60445_gfp.png,1635560837_60445_ph.png,660,330,783,425,4091,1993,4214,2088,3431,1663,4775,3007,3,1699,685
6,paraclone25,1344,59,69,1635560837_60445.png,1635560837_60445_gfp.png,1635560837_60445_ph.png,281,1221,340,1290,3712,2884,3771,2953,3431,1663,4775,3007,3,1700,685
6,paraclone26,1344,79,41,1635560837_60445.png,1635560837_60445_gfp.png,1635560837_60445_ph.png,101,962,180,1003,3532,2625,3611,2666,3431,1663,4775,3007,3,1701,685
6,meroclone5,1344,55,63,1635560838_861123.png,1635560838_861123_gfp.png,1635560838_861123_ph.png,955,348,1010,411,4284,1878,4339,1941,3329,1530,4673,2874,3,1702,686
6,holoclone6,1344,137,153,1635560838_861123.png,1635560838_861123_gfp.png,1635560838_861123_ph.png,61,935,198,1088,3390,2465,3527,2618,3329,1530,4673,2874,3,1703,686
6,paraclone18,1344,104,97,1635560838_861123.png,1635560838_861123_gfp.png,1635560838_861123_ph.png,256,711,360,808,3585,2241,3689,2338,3329,1530,4673,2874,3,1704,686
6,paraclone21,1344,123,95,1635560838_861123.png,1635560838_861123_gfp.png,1635560838_861123_ph.png,762,463,885,558,4091,1993,4214,2088,3329,1530,4673,2874,3,1705,686
6,paraclone26,1344,79,41,1635560838_861123.png,1635560838_861123_gfp.png,1635560838_861123_ph.png,203,1095,282,1136,3532,2625,3611,2666,3329,1530,4673,2874,3,1706,686
6,meroclone5,1344,55,63,1635560840_134494.png,1635560840_134494_gfp.png,1635560840_134494_ph.png,826,837,881,900,4284,1878,4339,1941,3458,1041,4802,2385,3,1707,687
6,paraclone15,1344,97,76,1635560840_134494.png,1635560840_134494_gfp.png,1635560840_134494_ph.png,1215,711,1312,787,4673,1752,4770,1828,3458,1041,4802,2385,3,1708,687
6,paraclone18,1344,104,97,1635560840_134494.png,1635560840_134494_gfp.png,1635560840_134494_ph.png,127,1200,231,1297,3585,2241,3689,2338,3458,1041,4802,2385,3,1709,687
6,paraclone21,1344,123,95,1635560840_134494.png,1635560840_134494_gfp.png,1635560840_134494_ph.png,633,952,756,1047,4091,1993,4214,2088,3458,1041,4802,2385,3,1710,687
6,meroclone5,1344,55,63,1635560841_3929129.png,1635560841_3929129_gfp.png,1635560841_3929129_ph.png,825,22,880,85,4284,1878,4339,1941,3459,1856,4803,3200,3,1711,688
6,meroclone6,1344,104,121,1635560841_3929129.png,1635560841_3929129_gfp.png,1635560841_3929129_ph.png,832,1193,936,1314,4291,3049,4395,3170,3459,1856,4803,3200,3,1712,688
6,paraclone18,1344,104,97,1635560841_3929129.png,1635560841_3929129_gfp.png,1635560841_3929129_ph.png,126,385,230,482,3585,2241,3689,2338,3459,1856,4803,3200,3,1713,688
6,paraclone21,1344,123,95,1635560841_3929129.png,1635560841_3929129_gfp.png,1635560841_3929129_ph.png,632,137,755,232,4091,1993,4214,2088,3459,1856,4803,3200,3,1714,688
6,paraclone25,1344,59,69,1635560841_3929129.png,1635560841_3929129_gfp.png,1635560841_3929129_ph.png,253,1028,312,1097,3712,2884,3771,2953,3459,1856,4803,3200,3,1715,688
6,paraclone26,1344,79,41,1635560841_3929129.png,1635560841_3929129_gfp.png,1635560841_3929129_ph.png,73,769,152,810,3532,2625,3611,2666,3459,1856,4803,3200,3,1716,688
6,paraclone18,1344,104,97,1635560842_6524448.png,1635560842_6524448_gfp.png,1635560842_6524448_ph.png,930,1064,1034,1161,3585,2241,3689,2338,2655,1177,3999,2521,3,1717,689
6,paraclone23,1344,124,95,1635560842_6524448.png,1635560842_6524448_gfp.png,1635560842_6524448_ph.png,497,1131,621,1226,3152,2308,3276,2403,2655,1177,3999,2521,3,1718,689
6,meroclone9,1344,58,62,1635560843_9118478.png,1635560843_9118478_gfp.png,1635560843_9118478_ph.png,1178,530,1236,592,7736,530,7794,592,6558,0,7902,1344,3,1719,690
6,paraclone19,1344,102,78,1635560843_9118478.png,1635560843_9118478_gfp.png,1635560843_9118478_ph.png,1209,895,1311,973,7767,895,7869,973,6558,0,7902,1344,3,1720,690
6,meroclone9,1344,58,62,1635560845_165875.png,1635560845_165875_gfp.png,1635560845_165875_ph.png,1180,530,1238,592,7736,530,7794,592,6556,0,7900,1344,3,1721,691
6,paraclone19,1344,102,78,1635560845_165875.png,1635560845_165875_gfp.png,1635560845_165875_ph.png,1211,895,1313,973,7767,895,7869,973,6556,0,7900,1344,3,1722,691
6,meroclone9,1344,58,62,1635560846_438729.png,1635560846_438729_gfp.png,1635560846_438729_ph.png,1038,454,1096,516,7736,530,7794,592,6698,76,8042,1420,3,1723,692
6,paraclone19,1344,102,78,1635560846_438729.png,1635560846_438729_gfp.png,1635560846_438729_ph.png,1069,819,1171,897,7767,895,7869,973,6698,76,8042,1420,3,1724,692
6,paraclone20,1344,43,41,1635560846_438729.png,1635560846_438729_gfp.png,1635560846_438729_ph.png,1276,242,1319,283,7974,318,8017,359,6698,76,8042,1420,3,1725,692
6,meroclone9,1344,58,62,1635560847_704598.png,1635560847_704598_gfp.png,1635560847_704598_ph.png,1006,530,1064,592,7736,530,7794,592,6730,0,8074,1344,3,1726,693
6,paraclone19,1344,102,78,1635560847_704598.png,1635560847_704598_gfp.png,1635560847_704598_ph.png,1037,895,1139,973,7767,895,7869,973,6730,0,8074,1344,3,1727,693
6,paraclone20,1344,43,41,1635560847_704598.png,1635560847_704598_gfp.png,1635560847_704598_ph.png,1244,318,1287,359,7974,318,8017,359,6730,0,8074,1344,3,1728,693
6,meroclone9,1344,58,62,1635560848_955677.png,1635560848_955677_gfp.png,1635560848_955677_ph.png,1084,530,1142,592,7736,530,7794,592,6652,0,7996,1344,3,1729,694
6,paraclone19,1344,102,78,1635560848_955677.png,1635560848_955677_gfp.png,1635560848_955677_ph.png,1115,895,1217,973,7767,895,7869,973,6652,0,7996,1344,3,1730,694
6,paraclone19,1344,102,78,1635560850_2147121.png,1635560850_2147121_gfp.png,1635560850_2147121_ph.png,1078,204,1180,282,7767,895,7869,973,6689,691,8033,2035,3,1731,695
6,paraclone19,1344,102,78,1635560851_4677482.png,1635560851_4677482_gfp.png,1635560851_4677482_ph.png,1208,232,1310,310,7767,895,7869,973,6559,663,7903,2007,3,1732,696
6,paraclone19,1344,102,78,1635560852_724952.png,1635560852_724952_gfp.png,1635560852_724952_ph.png,1101,273,1203,351,7767,895,7869,973,6666,622,8010,1966,3,1733,697
6,meroclone9,1344,58,62,1635560853_9818292.png,1635560853_9818292_gfp.png,1635560853_9818292_ph.png,1034,530,1092,592,7736,530,7794,592,6702,0,8046,1344,3,1734,698
6,paraclone19,1344,102,78,1635560853_9818292.png,1635560853_9818292_gfp.png,1635560853_9818292_ph.png,1065,895,1167,973,7767,895,7869,973,6702,0,8046,1344,3,1735,698
6,paraclone20,1344,43,41,1635560853_9818292.png,1635560853_9818292_gfp.png,1635560853_9818292_ph.png,1272,318,1315,359,7974,318,8017,359,6702,0,8046,1344,3,1736,698
6,meroclone9,1344,58,62,1635560855_240005.png,1635560855_240005_gfp.png,1635560855_240005_ph.png,1069,108,1127,170,7736,530,7794,592,6667,422,8011,1766,3,1737,699
6,paraclone19,1344,102,78,1635560855_240005.png,1635560855_240005_gfp.png,1635560855_240005_ph.png,1100,473,1202,551,7767,895,7869,973,6667,422,8011,1766,3,1738,699
6,meroclone9,1344,58,62,1635560856_5007281.png,1635560856_5007281_gfp.png,1635560856_5007281_ph.png,1051,530,1109,592,7736,530,7794,592,6685,0,8029,1344,3,1739,700
6,paraclone19,1344,102,78,1635560856_5007281.png,1635560856_5007281_gfp.png,1635560856_5007281_ph.png,1082,895,1184,973,7767,895,7869,973,6685,0,8029,1344,3,1740,700
6,paraclone20,1344,43,41,1635560856_5007281.png,1635560856_5007281_gfp.png,1635560856_5007281_ph.png,1289,318,1332,359,7974,318,8017,359,6685,0,8029,1344,3,1741,700
6,meroclone9,1344,58,62,1635560857_764457.png,1635560857_764457_gfp.png,1635560857_764457_ph.png,1038,404,1096,466,7736,530,7794,592,6698,126,8042,1470,3,1742,701
6,paraclone19,1344,102,78,1635560857_764457.png,1635560857_764457_gfp.png,1635560857_764457_ph.png,1069,769,1171,847,7767,895,7869,973,6698,126,8042,1470,3,1743,701
6,paraclone20,1344,43,41,1635560857_764457.png,1635560857_764457_gfp.png,1635560857_764457_ph.png,1276,192,1319,233,7974,318,8017,359,6698,126,8042,1470,3,1744,701
6,meroclone9,1344,58,62,1635560859_0217118.png,1635560859_0217118_gfp.png,1635560859_0217118_ph.png,1059,530,1117,592,7736,530,7794,592,6677,0,8021,1344,3,1745,702
6,paraclone19,1344,102,78,1635560859_0217118.png,1635560859_0217118_gfp.png,1635560859_0217118_ph.png,1090,895,1192,973,7767,895,7869,973,6677,0,8021,1344,3,1746,702
6,paraclone20,1344,43,41,1635560859_0217118.png,1635560859_0217118_gfp.png,1635560859_0217118_ph.png,1297,318,1340,359,7974,318,8017,359,6677,0,8021,1344,3,1747,702
6,meroclone9,1344,58,62,1635560860_284451.png,1635560860_284451_gfp.png,1635560860_284451_ph.png,1022,365,1080,427,7736,530,7794,592,6714,165,8058,1509,3,1748,703
6,paraclone19,1344,102,78,1635560860_284451.png,1635560860_284451_gfp.png,1635560860_284451_ph.png,1053,730,1155,808,7767,895,7869,973,6714,165,8058,1509,3,1749,703
6,paraclone20,1344,43,41,1635560860_284451.png,1635560860_284451_gfp.png,1635560860_284451_ph.png,1260,153,1303,194,7974,318,8017,359,6714,165,8058,1509,3,1750,703
6,meroclone9,1344,58,62,1635560861_542958.png,1635560861_542958_gfp.png,1635560861_542958_ph.png,1019,530,1077,592,7736,530,7794,592,6717,0,8061,1344,3,1751,704
6,paraclone19,1344,102,78,1635560861_542958.png,1635560861_542958_gfp.png,1635560861_542958_ph.png,1050,895,1152,973,7767,895,7869,973,6717,0,8061,1344,3,1752,704
6,paraclone20,1344,43,41,1635560861_542958.png,1635560861_542958_gfp.png,1635560861_542958_ph.png,1257,318,1300,359,7974,318,8017,359,6717,0,8061,1344,3,1753,704
6,meroclone9,1344,58,62,1635560862_820974.png,1635560862_820974_gfp.png,1635560862_820974_ph.png,1015,530,1073,592,7736,530,7794,592,6721,0,8065,1344,3,1754,705
6,paraclone19,1344,102,78,1635560862_820974.png,1635560862_820974_gfp.png,1635560862_820974_ph.png,1046,895,1148,973,7767,895,7869,973,6721,0,8065,1344,3,1755,705
6,paraclone20,1344,43,41,1635560862_820974.png,1635560862_820974_gfp.png,1635560862_820974_ph.png,1253,318,1296,359,7974,318,8017,359,6721,0,8065,1344,3,1756,705
6,meroclone9,1344,58,62,1635560864_081216.png,1635560864_081216_gfp.png,1635560864_081216_ph.png,1013,530,1071,592,7736,530,7794,592,6723,0,8067,1344,3,1757,706
6,paraclone19,1344,102,78,1635560864_081216.png,1635560864_081216_gfp.png,1635560864_081216_ph.png,1044,895,1146,973,7767,895,7869,973,6723,0,8067,1344,3,1758,706
6,paraclone20,1344,43,41,1635560864_081216.png,1635560864_081216_gfp.png,1635560864_081216_ph.png,1251,318,1294,359,7974,318,8017,359,6723,0,8067,1344,3,1759,706
6,meroclone9,1344,58,62,1635560865_336184.png,1635560865_336184_gfp.png,1635560865_336184_ph.png,1048,530,1106,592,7736,530,7794,592,6688,0,8032,1344,3,1760,707
6,paraclone19,1344,102,78,1635560865_336184.png,1635560865_336184_gfp.png,1635560865_336184_ph.png,1079,895,1181,973,7767,895,7869,973,6688,0,8032,1344,3,1761,707
6,paraclone20,1344,43,41,1635560865_336184.png,1635560865_336184_gfp.png,1635560865_336184_ph.png,1286,318,1329,359,7974,318,8017,359,6688,0,8032,1344,3,1762,707
6,meroclone9,1344,58,62,1635560866_6032279.png,1635560866_6032279_gfp.png,1635560866_6032279_ph.png,1000,530,1058,592,7736,530,7794,592,6736,0,8080,1344,3,1763,708
6,paraclone19,1344,102,78,1635560866_6032279.png,1635560866_6032279_gfp.png,1635560866_6032279_ph.png,1031,895,1133,973,7767,895,7869,973,6736,0,8080,1344,3,1764,708
6,paraclone20,1344,43,41,1635560866_6032279.png,1635560866_6032279_gfp.png,1635560866_6032279_ph.png,1238,318,1281,359,7974,318,8017,359,6736,0,8080,1344,3,1765,708
6,meroclone9,1344,58,62,1635560867_864219.png,1635560867_864219_gfp.png,1635560867_864219_ph.png,999,530,1057,592,7736,530,7794,592,6737,0,8081,1344,3,1766,709
6,paraclone19,1344,102,78,1635560867_864219.png,1635560867_864219_gfp.png,1635560867_864219_ph.png,1030,895,1132,973,7767,895,7869,973,6737,0,8081,1344,3,1767,709
6,paraclone20,1344,43,41,1635560867_864219.png,1635560867_864219_gfp.png,1635560867_864219_ph.png,1237,318,1280,359,7974,318,8017,359,6737,0,8081,1344,3,1768,709
6,meroclone5,1344,55,63,1635560869_123134.png,1635560869_123134_gfp.png,1635560869_123134_ph.png,649,735,704,798,4284,1878,4339,1941,3635,1143,4979,2487,3,1769,710
6,paraclone15,1344,97,76,1635560869_123134.png,1635560869_123134_gfp.png,1635560869_123134_ph.png,1038,609,1135,685,4673,1752,4770,1828,3635,1143,4979,2487,3,1770,710
6,paraclone21,1344,123,95,1635560869_123134.png,1635560869_123134_gfp.png,1635560869_123134_ph.png,456,850,579,945,4091,1993,4214,2088,3635,1143,4979,2487,3,1771,710
6,meroclone5,1344,55,63,1635560870_394484.png,1635560870_394484_gfp.png,1635560870_394484_ph.png,484,575,539,638,4284,1878,4339,1941,3800,1303,5144,2647,3,1772,711
6,paraclone15,1344,97,76,1635560870_394484.png,1635560870_394484_gfp.png,1635560870_394484_ph.png,873,449,970,525,4673,1752,4770,1828,3800,1303,5144,2647,3,1773,711
6,paraclone21,1344,123,95,1635560870_394484.png,1635560870_394484_gfp.png,1635560870_394484_ph.png,291,690,414,785,4091,1993,4214,2088,3800,1303,5144,2647,3,1774,711
6,paraclone4,1344,53,64,1635560871_655148.png,1635560871_655148_gfp.png,1635560871_655148_ph.png,1015,1007,1068,1071,5089,2609,5142,2673,4074,1602,5418,2946,3,1775,712
6,paraclone5,1344,86,75,1635560871_655148.png,1635560871_655148_gfp.png,1635560871_655148_ph.png,1004,231,1090,306,5078,1833,5164,1908,4074,1602,5418,2946,3,1776,712
6,meroclone5,1344,55,63,1635560871_655148.png,1635560871_655148_gfp.png,1635560871_655148_ph.png,210,276,265,339,4284,1878,4339,1941,4074,1602,5418,2946,3,1777,712
6,paraclone15,1344,97,76,1635560871_655148.png,1635560871_655148_gfp.png,1635560871_655148_ph.png,599,150,696,226,4673,1752,4770,1828,4074,1602,5418,2946,3,1778,712
6,paraclone21,1344,123,95,1635560871_655148.png,1635560871_655148_gfp.png,1635560871_655148_ph.png,17,391,140,486,4091,1993,4214,2088,4074,1602,5418,2946,3,1779,712
6,meroclone5,1344,55,63,1635560872_922246.png,1635560872_922246_gfp.png,1635560872_922246_ph.png,1023,2,1078,65,4284,1878,4339,1941,3261,1876,4605,3220,3,1780,713
6,meroclone6,1344,104,121,1635560872_922246.png,1635560872_922246_gfp.png,1635560872_922246_ph.png,1030,1173,1134,1294,4291,3049,4395,3170,3261,1876,4605,3220,3,1781,713
6,holoclone5,1344,158,135,1635560872_922246.png,1635560872_922246_gfp.png,1635560872_922246_ph.png,73,920,231,1055,3334,2796,3492,2931,3261,1876,4605,3220,3,1782,713
6,holoclone6,1344,137,153,1635560872_922246.png,1635560872_922246_gfp.png,1635560872_922246_ph.png,129,589,266,742,3390,2465,3527,2618,3261,1876,4605,3220,3,1783,713
6,paraclone18,1344,104,97,1635560872_922246.png,1635560872_922246_gfp.png,1635560872_922246_ph.png,324,365,428,462,3585,2241,3689,2338,3261,1876,4605,3220,3,1784,713
6,paraclone21,1344,123,95,1635560872_922246.png,1635560872_922246_gfp.png,1635560872_922246_ph.png,830,117,953,212,4091,1993,4214,2088,3261,1876,4605,3220,3,1785,713
6,paraclone24,1344,62,72,1635560872_922246.png,1635560872_922246_gfp.png,1635560872_922246_ph.png,110,1121,172,1193,3371,2997,3433,3069,3261,1876,4605,3220,3,1786,713
6,paraclone25,1344,59,69,1635560872_922246.png,1635560872_922246_gfp.png,1635560872_922246_ph.png,451,1008,510,1077,3712,2884,3771,2953,3261,1876,4605,3220,3,1787,713
6,paraclone26,1344,79,41,1635560872_922246.png,1635560872_922246_gfp.png,1635560872_922246_ph.png,271,749,350,790,3532,2625,3611,2666,3261,1876,4605,3220,3,1788,713
6,meroclone5,1344,55,63,1635560874_1889029.png,1635560874_1889029_gfp.png,1635560874_1889029_ph.png,1269,531,1324,594,4284,1878,4339,1941,3015,1347,4359,2691,3,1789,714
6,holoclone4,1344,178,205,1635560874_1889029.png,1635560874_1889029_gfp.png,1635560874_1889029_ph.png,190,1050,368,1255,3205,2397,3383,2602,3015,1347,4359,2691,3,1790,714
6,holoclone6,1344,137,153,1635560874_1889029.png,1635560874_1889029_gfp.png,1635560874_1889029_ph.png,375,1118,512,1271,3390,2465,3527,2618,3015,1347,4359,2691,3,1791,714
6,paraclone18,1344,104,97,1635560874_1889029.png,1635560874_1889029_gfp.png,1635560874_1889029_ph.png,570,894,674,991,3585,2241,3689,2338,3015,1347,4359,2691,3,1792,714
6,paraclone21,1344,123,95,1635560874_1889029.png,1635560874_1889029_gfp.png,1635560874_1889029_ph.png,1076,646,1199,741,4091,1993,4214,2088,3015,1347,4359,2691,3,1793,714
6,paraclone23,1344,124,95,1635560874_1889029.png,1635560874_1889029_gfp.png,1635560874_1889029_ph.png,137,961,261,1056,3152,2308,3276,2403,3015,1347,4359,2691,3,1794,714
6,paraclone26,1344,79,41,1635560874_1889029.png,1635560874_1889029_gfp.png,1635560874_1889029_ph.png,517,1278,596,1319,3532,2625,3611,2666,3015,1347,4359,2691,3,1795,714
6,meroclone5,1344,55,63,1635560875_452225.png,1635560875_452225_gfp.png,1635560875_452225_ph.png,958,388,1013,451,4284,1878,4339,1941,3326,1490,4670,2834,3,1796,715
6,holoclone6,1344,137,153,1635560875_452225.png,1635560875_452225_gfp.png,1635560875_452225_ph.png,64,975,201,1128,3390,2465,3527,2618,3326,1490,4670,2834,3,1797,715
6,paraclone18,1344,104,97,1635560875_452225.png,1635560875_452225_gfp.png,1635560875_452225_ph.png,259,751,363,848,3585,2241,3689,2338,3326,1490,4670,2834,3,1798,715
6,paraclone21,1344,123,95,1635560875_452225.png,1635560875_452225_gfp.png,1635560875_452225_ph.png,765,503,888,598,4091,1993,4214,2088,3326,1490,4670,2834,3,1799,715
6,paraclone26,1344,79,41,1635560875_452225.png,1635560875_452225_gfp.png,1635560875_452225_ph.png,206,1135,285,1176,3532,2625,3611,2666,3326,1490,4670,2834,3,1800,715
6,meroclone5,1344,55,63,1635560876_714714.png,1635560876_714714_gfp.png,1635560876_714714_ph.png,776,851,831,914,4284,1878,4339,1941,3508,1027,4852,2371,3,1801,716
6,paraclone15,1344,97,76,1635560876_714714.png,1635560876_714714_gfp.png,1635560876_714714_ph.png,1165,725,1262,801,4673,1752,4770,1828,3508,1027,4852,2371,3,1802,716
6,paraclone18,1344,104,97,1635560876_714714.png,1635560876_714714_gfp.png,1635560876_714714_ph.png,77,1214,181,1311,3585,2241,3689,2338,3508,1027,4852,2371,3,1803,716
6,paraclone21,1344,123,95,1635560876_714714.png,1635560876_714714_gfp.png,1635560876_714714_ph.png,583,966,706,1061,4091,1993,4214,2088,3508,1027,4852,2371,3,1804,716
6,meroclone5,1344,55,63,1635560877_996277.png,1635560877_996277_gfp.png,1635560877_996277_ph.png,1148,87,1203,150,4284,1878,4339,1941,3136,1791,4480,3135,3,1805,717
6,holoclone4,1344,178,205,1635560877_996277.png,1635560877_996277_gfp.png,1635560877_996277_ph.png,69,606,247,811,3205,2397,3383,2602,3136,1791,4480,3135,3,1806,717
6,holoclone5,1344,158,135,1635560877_996277.png,1635560877_996277_gfp.png,1635560877_996277_ph.png,198,1005,356,1140,3334,2796,3492,2931,3136,1791,4480,3135,3,1807,717
6,holoclone6,1344,137,153,1635560877_996277.png,1635560877_996277_gfp.png,1635560877_996277_ph.png,254,674,391,827,3390,2465,3527,2618,3136,1791,4480,3135,3,1808,717
6,paraclone18,1344,104,97,1635560877_996277.png,1635560877_996277_gfp.png,1635560877_996277_ph.png,449,450,553,547,3585,2241,3689,2338,3136,1791,4480,3135,3,1809,717
6,paraclone21,1344,123,95,1635560877_996277.png,1635560877_996277_gfp.png,1635560877_996277_ph.png,955,202,1078,297,4091,1993,4214,2088,3136,1791,4480,3135,3,1810,717
6,paraclone23,1344,124,95,1635560877_996277.png,1635560877_996277_gfp.png,1635560877_996277_ph.png,16,517,140,612,3152,2308,3276,2403,3136,1791,4480,3135,3,1811,717
6,paraclone24,1344,62,72,1635560877_996277.png,1635560877_996277_gfp.png,1635560877_996277_ph.png,235,1206,297,1278,3371,2997,3433,3069,3136,1791,4480,3135,3,1812,717
6,paraclone25,1344,59,69,1635560877_996277.png,1635560877_996277_gfp.png,1635560877_996277_ph.png,576,1093,635,1162,3712,2884,3771,2953,3136,1791,4480,3135,3,1813,717
6,paraclone26,1344,79,41,1635560877_996277.png,1635560877_996277_gfp.png,1635560877_996277_ph.png,396,834,475,875,3532,2625,3611,2666,3136,1791,4480,3135,3,1814,717
6,holoclone4,1344,178,205,1635560879_263503.png,1635560879_263503_gfp.png,1635560879_263503_ph.png,60,415,238,620,3205,2397,3383,2602,3145,1982,4489,3326,3,1815,718
6,meroclone6,1344,104,121,1635560879_263503.png,1635560879_263503_gfp.png,1635560879_263503_ph.png,1146,1067,1250,1188,4291,3049,4395,3170,3145,1982,4489,3326,3,1816,718
6,holoclone5,1344,158,135,1635560879_263503.png,1635560879_263503_gfp.png,1635560879_263503_ph.png,189,814,347,949,3334,2796,3492,2931,3145,1982,4489,3326,3,1817,718
6,holoclone6,1344,137,153,1635560879_263503.png,1635560879_263503_gfp.png,1635560879_263503_ph.png,245,483,382,636,3390,2465,3527,2618,3145,1982,4489,3326,3,1818,718
6,paraclone18,1344,104,97,1635560879_263503.png,1635560879_263503_gfp.png,1635560879_263503_ph.png,440,259,544,356,3585,2241,3689,2338,3145,1982,4489,3326,3,1819,718
6,paraclone21,1344,123,95,1635560879_263503.png,1635560879_263503_gfp.png,1635560879_263503_ph.png,946,11,1069,106,4091,1993,4214,2088,3145,1982,4489,3326,3,1820,718
6,paraclone23,1344,124,95,1635560879_263503.png,1635560879_263503_gfp.png,1635560879_263503_ph.png,7,326,131,421,3152,2308,3276,2403,3145,1982,4489,3326,3,1821,718
6,paraclone24,1344,62,72,1635560879_263503.png,1635560879_263503_gfp.png,1635560879_263503_ph.png,226,1015,288,1087,3371,2997,3433,3069,3145,1982,4489,3326,3,1822,718
6,paraclone25,1344,59,69,1635560879_263503.png,1635560879_263503_gfp.png,1635560879_263503_ph.png,567,902,626,971,3712,2884,3771,2953,3145,1982,4489,3326,3,1823,718
6,paraclone26,1344,79,41,1635560879_263503.png,1635560879_263503_gfp.png,1635560879_263503_ph.png,387,643,466,684,3532,2625,3611,2666,3145,1982,4489,3326,3,1824,718
6,meroclone5,1344,55,63,1635560880_5610392.png,1635560880_5610392_gfp.png,1635560880_5610392_ph.png,1198,80,1253,143,4284,1878,4339,1941,3086,1798,4430,3142,3,1825,719
6,holoclone4,1344,178,205,1635560880_5610392.png,1635560880_5610392_gfp.png,1635560880_5610392_ph.png,119,599,297,804,3205,2397,3383,2602,3086,1798,4430,3142,3,1826,719
6,holoclone5,1344,158,135,1635560880_5610392.png,1635560880_5610392_gfp.png,1635560880_5610392_ph.png,248,998,406,1133,3334,2796,3492,2931,3086,1798,4430,3142,3,1827,719
6,holoclone6,1344,137,153,1635560880_5610392.png,1635560880_5610392_gfp.png,1635560880_5610392_ph.png,304,667,441,820,3390,2465,3527,2618,3086,1798,4430,3142,3,1828,719
6,paraclone18,1344,104,97,1635560880_5610392.png,1635560880_5610392_gfp.png,1635560880_5610392_ph.png,499,443,603,540,3585,2241,3689,2338,3086,1798,4430,3142,3,1829,719
6,paraclone21,1344,123,95,1635560880_5610392.png,1635560880_5610392_gfp.png,1635560880_5610392_ph.png,1005,195,1128,290,4091,1993,4214,2088,3086,1798,4430,3142,3,1830,719
6,paraclone23,1344,124,95,1635560880_5610392.png,1635560880_5610392_gfp.png,1635560880_5610392_ph.png,66,510,190,605,3152,2308,3276,2403,3086,1798,4430,3142,3,1831,719
6,paraclone24,1344,62,72,1635560880_5610392.png,1635560880_5610392_gfp.png,1635560880_5610392_ph.png,285,1199,347,1271,3371,2997,3433,3069,3086,1798,4430,3142,3,1832,719
6,paraclone25,1344,59,69,1635560880_5610392.png,1635560880_5610392_gfp.png,1635560880_5610392_ph.png,626,1086,685,1155,3712,2884,3771,2953,3086,1798,4430,3142,3,1833,719
6,paraclone26,1344,79,41,1635560880_5610392.png,1635560880_5610392_gfp.png,1635560880_5610392_ph.png,446,827,525,868,3532,2625,3611,2666,3086,1798,4430,3142,3,1834,719
6,holoclone4,1344,178,205,1635560881_824606.png,1635560881_824606_gfp.png,1635560881_824606_ph.png,606,212,784,417,3205,2397,3383,2602,2599,2185,3943,3529,3,1835,720
6,holoclone5,1344,158,135,1635560881_824606.png,1635560881_824606_gfp.png,1635560881_824606_ph.png,735,611,893,746,3334,2796,3492,2931,2599,2185,3943,3529,3,1836,720
6,holoclone6,1344,137,153,1635560881_824606.png,1635560881_824606_gfp.png,1635560881_824606_ph.png,791,280,928,433,3390,2465,3527,2618,2599,2185,3943,3529,3,1837,720
6,paraclone17,1344,62,74,1635560881_824606.png,1635560881_824606_gfp.png,1635560881_824606_ph.png,404,702,466,776,3003,2887,3065,2961,2599,2185,3943,3529,3,1838,720
6,paraclone18,1344,104,97,1635560881_824606.png,1635560881_824606_gfp.png,1635560881_824606_ph.png,986,56,1090,153,3585,2241,3689,2338,2599,2185,3943,3529,3,1839,720
6,paraclone22,1344,84,102,1635560881_824606.png,1635560881_824606_gfp.png,1635560881_824606_ph.png,413,256,497,358,3012,2441,3096,2543,2599,2185,3943,3529,3,1840,720
6,paraclone23,1344,124,95,1635560881_824606.png,1635560881_824606_gfp.png,1635560881_824606_ph.png,553,123,677,218,3152,2308,3276,2403,2599,2185,3943,3529,3,1841,720
6,paraclone24,1344,62,72,1635560881_824606.png,1635560881_824606_gfp.png,1635560881_824606_ph.png,772,812,834,884,3371,2997,3433,3069,2599,2185,3943,3529,3,1842,720
6,paraclone25,1344,59,69,1635560881_824606.png,1635560881_824606_gfp.png,1635560881_824606_ph.png,1113,699,1172,768,3712,2884,3771,2953,2599,2185,3943,3529,3,1843,720
6,paraclone26,1344,79,41,1635560881_824606.png,1635560881_824606_gfp.png,1635560881_824606_ph.png,933,440,1012,481,3532,2625,3611,2666,2599,2185,3943,3529,3,1844,720
6,paraclone17,1344,62,74,1635560883_107502.png,1635560883_107502_gfp.png,1635560883_107502_ph.png,1009,830,1071,904,3003,2887,3065,2961,1994,2057,3338,3401,3,1845,721
6,paraclone22,1344,84,102,1635560883_107502.png,1635560883_107502_gfp.png,1635560883_107502_ph.png,1018,384,1102,486,3012,2441,3096,2543,1994,2057,3338,3401,3,1846,721
6,paraclone23,1344,124,95,1635560883_107502.png,1635560883_107502_gfp.png,1635560883_107502_ph.png,1158,251,1282,346,3152,2308,3276,2403,1994,2057,3338,3401,3,1847,721
6,holoclone4,1344,178,205,1635560884_376565.png,1635560884_376565_gfp.png,1635560884_376565_ph.png,1047,179,1225,384,3205,2397,3383,2602,2158,2218,3502,3562,3,1848,722
6,holoclone5,1344,158,135,1635560884_376565.png,1635560884_376565_gfp.png,1635560884_376565_ph.png,1176,578,1334,713,3334,2796,3492,2931,2158,2218,3502,3562,3,1849,722
6,paraclone17,1344,62,74,1635560884_376565.png,1635560884_376565_gfp.png,1635560884_376565_ph.png,845,669,907,743,3003,2887,3065,2961,2158,2218,3502,3562,3,1850,722
6,paraclone22,1344,84,102,1635560884_376565.png,1635560884_376565_gfp.png,1635560884_376565_ph.png,854,223,938,325,3012,2441,3096,2543,2158,2218,3502,3562,3,1851,722
6,paraclone23,1344,124,95,1635560884_376565.png,1635560884_376565_gfp.png,1635560884_376565_ph.png,994,90,1118,185,3152,2308,3276,2403,2158,2218,3502,3562,3,1852,722
6,paraclone24,1344,62,72,1635560884_376565.png,1635560884_376565_gfp.png,1635560884_376565_ph.png,1213,779,1275,851,3371,2997,3433,3069,2158,2218,3502,3562,3,1853,722
6,holoclone4,1344,178,205,1635560885_653622.png,1635560885_653622_gfp.png,1635560885_653622_ph.png,251,416,429,621,3205,2397,3383,2602,2954,1981,4298,3325,3,1854,723
6,holoclone5,1344,158,135,1635560885_653622.png,1635560885_653622_gfp.png,1635560885_653622_ph.png,380,815,538,950,3334,2796,3492,2931,2954,1981,4298,3325,3,1855,723
6,holoclone6,1344,137,153,1635560885_653622.png,1635560885_653622_gfp.png,1635560885_653622_ph.png,436,484,573,637,3390,2465,3527,2618,2954,1981,4298,3325,3,1856,723
6,paraclone17,1344,62,74,1635560885_653622.png,1635560885_653622_gfp.png,1635560885_653622_ph.png,49,906,111,980,3003,2887,3065,2961,2954,1981,4298,3325,3,1857,723
6,paraclone18,1344,104,97,1635560885_653622.png,1635560885_653622_gfp.png,1635560885_653622_ph.png,631,260,735,357,3585,2241,3689,2338,2954,1981,4298,3325,3,1858,723
6,paraclone21,1344,123,95,1635560885_653622.png,1635560885_653622_gfp.png,1635560885_653622_ph.png,1137,12,1260,107,4091,1993,4214,2088,2954,1981,4298,3325,3,1859,723
6,paraclone22,1344,84,102,1635560885_653622.png,1635560885_653622_gfp.png,1635560885_653622_ph.png,58,460,142,562,3012,2441,3096,2543,2954,1981,4298,3325,3,1860,723
6,paraclone23,1344,124,95,1635560885_653622.png,1635560885_653622_gfp.png,1635560885_653622_ph.png,198,327,322,422,3152,2308,3276,2403,2954,1981,4298,3325,3,1861,723
6,paraclone24,1344,62,72,1635560885_653622.png,1635560885_653622_gfp.png,1635560885_653622_ph.png,417,1016,479,1088,3371,2997,3433,3069,2954,1981,4298,3325,3,1862,723
6,paraclone25,1344,59,69,1635560885_653622.png,1635560885_653622_gfp.png,1635560885_653622_ph.png,758,903,817,972,3712,2884,3771,2953,2954,1981,4298,3325,3,1863,723
6,paraclone26,1344,79,41,1635560885_653622.png,1635560885_653622_gfp.png,1635560885_653622_ph.png,578,644,657,685,3532,2625,3611,2666,2954,1981,4298,3325,3,1864,723
6,paraclone17,1344,62,74,1635560886_915821.png,1635560886_915821_gfp.png,1635560886_915821_ph.png,974,1191,1036,1265,3003,2887,3065,2961,2029,1696,3373,3040,3,1865,724
6,paraclone22,1344,84,102,1635560886_915821.png,1635560886_915821_gfp.png,1635560886_915821_ph.png,983,745,1067,847,3012,2441,3096,2543,2029,1696,3373,3040,3,1866,724
6,paraclone23,1344,124,95,1635560886_915821.png,1635560886_915821_gfp.png,1635560886_915821_ph.png,1123,612,1247,707,3152,2308,3276,2403,2029,1696,3373,3040,3,1867,724
6,paraclone17,1344,62,74,1635560888_197362.png,1635560888_197362_gfp.png,1635560888_197362_ph.png,1157,767,1219,841,3003,2887,3065,2961,1846,2120,3190,3464,3,1868,725
6,paraclone22,1344,84,102,1635560888_197362.png,1635560888_197362_gfp.png,1635560888_197362_ph.png,1166,321,1250,423,3012,2441,3096,2543,1846,2120,3190,3464,3,1869,725
6,holoclone4,1344,178,205,1635560889_536263.png,1635560889_536263_gfp.png,1635560889_536263_ph.png,952,900,1130,1105,3205,2397,3383,2602,2253,1497,3597,2841,3,1870,726
6,holoclone6,1344,137,153,1635560889_536263.png,1635560889_536263_gfp.png,1635560889_536263_ph.png,1137,968,1274,1121,3390,2465,3527,2618,2253,1497,3597,2841,3,1871,726
6,paraclone22,1344,84,102,1635560889_536263.png,1635560889_536263_gfp.png,1635560889_536263_ph.png,759,944,843,1046,3012,2441,3096,2543,2253,1497,3597,2841,3,1872,726
6,paraclone23,1344,124,95,1635560889_536263.png,1635560889_536263_gfp.png,1635560889_536263_ph.png,899,811,1023,906,3152,2308,3276,2403,2253,1497,3597,2841,3,1873,726
6,paraclone18,1344,104,97,1635560890_890712.png,1635560890_890712_gfp.png,1635560890_890712_ph.png,711,992,815,1089,3585,2241,3689,2338,2874,1249,4218,2593,3,1874,727
6,paraclone21,1344,123,95,1635560890_890712.png,1635560890_890712_gfp.png,1635560890_890712_ph.png,1217,744,1340,839,4091,1993,4214,2088,2874,1249,4218,2593,3,1875,727
6,paraclone22,1344,84,102,1635560890_890712.png,1635560890_890712_gfp.png,1635560890_890712_ph.png,138,1192,222,1294,3012,2441,3096,2543,2874,1249,4218,2593,3,1876,727
6,paraclone23,1344,124,95,1635560890_890712.png,1635560890_890712_gfp.png,1635560890_890712_ph.png,278,1059,402,1154,3152,2308,3276,2403,2874,1249,4218,2593,3,1877,727
6,holoclone4,1344,178,205,1635560892_304915.png,1635560892_304915_gfp.png,1635560892_304915_ph.png,665,704,843,909,3205,2397,3383,2602,2540,1693,3884,3037,3,1878,728
6,holoclone5,1344,158,135,1635560892_304915.png,1635560892_304915_gfp.png,1635560892_304915_ph.png,794,1103,952,1238,3334,2796,3492,2931,2540,1693,3884,3037,3,1879,728
6,holoclone6,1344,137,153,1635560892_304915.png,1635560892_304915_gfp.png,1635560892_304915_ph.png,850,772,987,925,3390,2465,3527,2618,2540,1693,3884,3037,3,1880,728
6,paraclone17,1344,62,74,1635560892_304915.png,1635560892_304915_gfp.png,1635560892_304915_ph.png,463,1194,525,1268,3003,2887,3065,2961,2540,1693,3884,3037,3,1881,728
6,paraclone18,1344,104,97,1635560892_304915.png,1635560892_304915_gfp.png,1635560892_304915_ph.png,1045,548,1149,645,3585,2241,3689,2338,2540,1693,3884,3037,3,1882,728
6,paraclone22,1344,84,102,1635560892_304915.png,1635560892_304915_gfp.png,1635560892_304915_ph.png,472,748,556,850,3012,2441,3096,2543,2540,1693,3884,3037,3,1883,728
6,paraclone23,1344,124,95,1635560892_304915.png,1635560892_304915_gfp.png,1635560892_304915_ph.png,612,615,736,710,3152,2308,3276,2403,2540,1693,3884,3037,3,1884,728
6,paraclone25,1344,59,69,1635560892_304915.png,1635560892_304915_gfp.png,1635560892_304915_ph.png,1172,1191,1231,1260,3712,2884,3771,2953,2540,1693,3884,3037,3,1885,728
6,paraclone26,1344,79,41,1635560892_304915.png,1635560892_304915_gfp.png,1635560892_304915_ph.png,992,932,1071,973,3532,2625,3611,2666,2540,1693,3884,3037,3,1886,728
6,holoclone4,1344,178,205,1635560893_7612648.png,1635560893_7612648_gfp.png,1635560893_7612648_ph.png,360,1025,538,1230,3205,2397,3383,2602,2845,1372,4189,2716,3,1887,729
6,holoclone6,1344,137,153,1635560893_7612648.png,1635560893_7612648_gfp.png,1635560893_7612648_ph.png,545,1093,682,1246,3390,2465,3527,2618,2845,1372,4189,2716,3,1888,729
6,paraclone18,1344,104,97,1635560893_7612648.png,1635560893_7612648_gfp.png,1635560893_7612648_ph.png,740,869,844,966,3585,2241,3689,2338,2845,1372,4189,2716,3,1889,729
6,paraclone22,1344,84,102,1635560893_7612648.png,1635560893_7612648_gfp.png,1635560893_7612648_ph.png,167,1069,251,1171,3012,2441,3096,2543,2845,1372,4189,2716,3,1890,729
6,paraclone23,1344,124,95,1635560893_7612648.png,1635560893_7612648_gfp.png,1635560893_7612648_ph.png,307,936,431,1031,3152,2308,3276,2403,2845,1372,4189,2716,3,1891,729
6,paraclone26,1344,79,41,1635560893_7612648.png,1635560893_7612648_gfp.png,1635560893_7612648_ph.png,687,1253,766,1294,3532,2625,3611,2666,2845,1372,4189,2716,3,1892,729
6,holoclone1,1344,184,198,1635560895_094224.png,1635560895_094224_gfp.png,1635560895_094224_ph.png,169,89,353,287,2578,1284,2762,1482,2409,1195,3753,2539,3,1893,730
6,paraclone18,1344,104,97,1635560895_094224.png,1635560895_094224_gfp.png,1635560895_094224_ph.png,1176,1046,1280,1143,3585,2241,3689,2338,2409,1195,3753,2539,3,1894,730
6,paraclone23,1344,124,95,1635560895_094224.png,1635560895_094224_gfp.png,1635560895_094224_ph.png,743,1113,867,1208,3152,2308,3276,2403,2409,1195,3753,2539,3,1895,730
6,holoclone4,1344,178,205,1635560896_417608.png,1635560896_417608_gfp.png,1635560896_417608_ph.png,560,335,738,540,3205,2397,3383,2602,2645,2062,3989,3406,3,1896,731
6,holoclone5,1344,158,135,1635560896_417608.png,1635560896_417608_gfp.png,1635560896_417608_ph.png,689,734,847,869,3334,2796,3492,2931,2645,2062,3989,3406,3,1897,731
6,holoclone6,1344,137,153,1635560896_417608.png,1635560896_417608_gfp.png,1635560896_417608_ph.png,745,403,882,556,3390,2465,3527,2618,2645,2062,3989,3406,3,1898,731
6,paraclone17,1344,62,74,1635560896_417608.png,1635560896_417608_gfp.png,1635560896_417608_ph.png,358,825,420,899,3003,2887,3065,2961,2645,2062,3989,3406,3,1899,731
6,paraclone18,1344,104,97,1635560896_417608.png,1635560896_417608_gfp.png,1635560896_417608_ph.png,940,179,1044,276,3585,2241,3689,2338,2645,2062,3989,3406,3,1900,731
6,paraclone22,1344,84,102,1635560896_417608.png,1635560896_417608_gfp.png,1635560896_417608_ph.png,367,379,451,481,3012,2441,3096,2543,2645,2062,3989,3406,3,1901,731
6,paraclone23,1344,124,95,1635560896_417608.png,1635560896_417608_gfp.png,1635560896_417608_ph.png,507,246,631,341,3152,2308,3276,2403,2645,2062,3989,3406,3,1902,731
6,paraclone24,1344,62,72,1635560896_417608.png,1635560896_417608_gfp.png,1635560896_417608_ph.png,726,935,788,1007,3371,2997,3433,3069,2645,2062,3989,3406,3,1903,731
6,paraclone25,1344,59,69,1635560896_417608.png,1635560896_417608_gfp.png,1635560896_417608_ph.png,1067,822,1126,891,3712,2884,3771,2953,2645,2062,3989,3406,3,1904,731
6,paraclone26,1344,79,41,1635560896_417608.png,1635560896_417608_gfp.png,1635560896_417608_ph.png,887,563,966,604,3532,2625,3611,2666,2645,2062,3989,3406,3,1905,731
6,holoclone4,1344,178,205,1635560897_709889.png,1635560897_709889_gfp.png,1635560897_709889_ph.png,1037,316,1215,521,3205,2397,3383,2602,2168,2081,3512,3425,3,1906,732
6,holoclone5,1344,158,135,1635560897_709889.png,1635560897_709889_gfp.png,1635560897_709889_ph.png,1166,715,1324,850,3334,2796,3492,2931,2168,2081,3512,3425,3,1907,732
6,paraclone17,1344,62,74,1635560897_709889.png,1635560897_709889_gfp.png,1635560897_709889_ph.png,835,806,897,880,3003,2887,3065,2961,2168,2081,3512,3425,3,1908,732
6,paraclone22,1344,84,102,1635560897_709889.png,1635560897_709889_gfp.png,1635560897_709889_ph.png,844,360,928,462,3012,2441,3096,2543,2168,2081,3512,3425,3,1909,732
6,paraclone23,1344,124,95,1635560897_709889.png,1635560897_709889_gfp.png,1635560897_709889_ph.png,984,227,1108,322,3152,2308,3276,2403,2168,2081,3512,3425,3,1910,732
6,paraclone24,1344,62,72,1635560897_709889.png,1635560897_709889_gfp.png,1635560897_709889_ph.png,1203,916,1265,988,3371,2997,3433,3069,2168,2081,3512,3425,3,1911,732
6,holoclone4,1344,178,205,1635560898_982511.png,1635560898_982511_gfp.png,1635560898_982511_ph.png,1036,433,1214,638,3205,2397,3383,2602,2169,1964,3513,3308,3,1912,733
6,holoclone5,1344,158,135,1635560898_982511.png,1635560898_982511_gfp.png,1635560898_982511_ph.png,1165,832,1323,967,3334,2796,3492,2931,2169,1964,3513,3308,3,1913,733
6,paraclone17,1344,62,74,1635560898_982511.png,1635560898_982511_gfp.png,1635560898_982511_ph.png,834,923,896,997,3003,2887,3065,2961,2169,1964,3513,3308,3,1914,733
6,paraclone22,1344,84,102,1635560898_982511.png,1635560898_982511_gfp.png,1635560898_982511_ph.png,843,477,927,579,3012,2441,3096,2543,2169,1964,3513,3308,3,1915,733
6,paraclone23,1344,124,95,1635560898_982511.png,1635560898_982511_gfp.png,1635560898_982511_ph.png,983,344,1107,439,3152,2308,3276,2403,2169,1964,3513,3308,3,1916,733
6,paraclone24,1344,62,72,1635560898_982511.png,1635560898_982511_gfp.png,1635560898_982511_ph.png,1202,1033,1264,1105,3371,2997,3433,3069,2169,1964,3513,3308,3,1917,733
6,meroclone5,1344,55,63,1635560900_257468.png,1635560900_257468_gfp.png,1635560900_257468_ph.png,1268,276,1323,339,4284,1878,4339,1941,3016,1602,4360,2946,3,1918,734
6,holoclone4,1344,178,205,1635560900_257468.png,1635560900_257468_gfp.png,1635560900_257468_ph.png,189,795,367,1000,3205,2397,3383,2602,3016,1602,4360,2946,3,1919,734
6,holoclone5,1344,158,135,1635560900_257468.png,1635560900_257468_gfp.png,1635560900_257468_ph.png,318,1194,476,1329,3334,2796,3492,2931,3016,1602,4360,2946,3,1920,734
6,holoclone6,1344,137,153,1635560900_257468.png,1635560900_257468_gfp.png,1635560900_257468_ph.png,374,863,511,1016,3390,2465,3527,2618,3016,1602,4360,2946,3,1921,734
6,paraclone18,1344,104,97,1635560900_257468.png,1635560900_257468_gfp.png,1635560900_257468_ph.png,569,639,673,736,3585,2241,3689,2338,3016,1602,4360,2946,3,1922,734
6,paraclone21,1344,123,95,1635560900_257468.png,1635560900_257468_gfp.png,1635560900_257468_ph.png,1075,391,1198,486,4091,1993,4214,2088,3016,1602,4360,2946,3,1923,734
6,paraclone23,1344,124,95,1635560900_257468.png,1635560900_257468_gfp.png,1635560900_257468_ph.png,136,706,260,801,3152,2308,3276,2403,3016,1602,4360,2946,3,1924,734
6,paraclone26,1344,79,41,1635560900_257468.png,1635560900_257468_gfp.png,1635560900_257468_ph.png,516,1023,595,1064,3532,2625,3611,2666,3016,1602,4360,2946,3,1925,734
6,paraclone17,1344,62,74,1635560901_5252008.png,1635560901_5252008_gfp.png,1635560901_5252008_ph.png,1050,1022,1112,1096,3003,2887,3065,2961,1953,1865,3297,3209,3,1926,735
6,paraclone22,1344,84,102,1635560901_5252008.png,1635560901_5252008_gfp.png,1635560901_5252008_ph.png,1059,576,1143,678,3012,2441,3096,2543,1953,1865,3297,3209,3,1927,735
6,paraclone23,1344,124,95,1635560901_5252008.png,1635560901_5252008_gfp.png,1635560901_5252008_ph.png,1199,443,1323,538,3152,2308,3276,2403,1953,1865,3297,3209,3,1928,735
6,holoclone4,1344,178,205,1635560902_7914891.png,1635560902_7914891_gfp.png,1635560902_7914891_ph.png,247,164,425,369,3205,2397,3383,2602,2958,2233,4302,3577,3,1929,736
6,holoclone5,1344,158,135,1635560902_7914891.png,1635560902_7914891_gfp.png,1635560902_7914891_ph.png,376,563,534,698,3334,2796,3492,2931,2958,2233,4302,3577,3,1930,736
6,holoclone6,1344,137,153,1635560902_7914891.png,1635560902_7914891_gfp.png,1635560902_7914891_ph.png,432,232,569,385,3390,2465,3527,2618,2958,2233,4302,3577,3,1931,736
6,paraclone17,1344,62,74,1635560902_7914891.png,1635560902_7914891_gfp.png,1635560902_7914891_ph.png,45,654,107,728,3003,2887,3065,2961,2958,2233,4302,3577,3,1932,736
6,paraclone18,1344,104,97,1635560902_7914891.png,1635560902_7914891_gfp.png,1635560902_7914891_ph.png,627,8,731,105,3585,2241,3689,2338,2958,2233,4302,3577,3,1933,736
6,paraclone22,1344,84,102,1635560902_7914891.png,1635560902_7914891_gfp.png,1635560902_7914891_ph.png,54,208,138,310,3012,2441,3096,2543,2958,2233,4302,3577,3,1934,736
6,paraclone23,1344,124,95,1635560902_7914891.png,1635560902_7914891_gfp.png,1635560902_7914891_ph.png,194,75,318,170,3152,2308,3276,2403,2958,2233,4302,3577,3,1935,736
6,paraclone24,1344,62,72,1635560902_7914891.png,1635560902_7914891_gfp.png,1635560902_7914891_ph.png,413,764,475,836,3371,2997,3433,3069,2958,2233,4302,3577,3,1936,736
6,paraclone25,1344,59,69,1635560902_7914891.png,1635560902_7914891_gfp.png,1635560902_7914891_ph.png,754,651,813,720,3712,2884,3771,2953,2958,2233,4302,3577,3,1937,736
6,paraclone26,1344,79,41,1635560902_7914891.png,1635560902_7914891_gfp.png,1635560902_7914891_ph.png,574,392,653,433,3532,2625,3611,2666,2958,2233,4302,3577,3,1938,736
6,holoclone4,1344,178,205,1635560904_0648599.png,1635560904_0648599_gfp.png,1635560904_0648599_ph.png,500,182,678,387,3205,2397,3383,2602,2705,2215,4049,3559,3,1939,737
6,holoclone5,1344,158,135,1635560904_0648599.png,1635560904_0648599_gfp.png,1635560904_0648599_ph.png,629,581,787,716,3334,2796,3492,2931,2705,2215,4049,3559,3,1940,737
6,holoclone6,1344,137,153,1635560904_0648599.png,1635560904_0648599_gfp.png,1635560904_0648599_ph.png,685,250,822,403,3390,2465,3527,2618,2705,2215,4049,3559,3,1941,737
6,paraclone17,1344,62,74,1635560904_0648599.png,1635560904_0648599_gfp.png,1635560904_0648599_ph.png,298,672,360,746,3003,2887,3065,2961,2705,2215,4049,3559,3,1942,737
6,paraclone18,1344,104,97,1635560904_0648599.png,1635560904_0648599_gfp.png,1635560904_0648599_ph.png,880,26,984,123,3585,2241,3689,2338,2705,2215,4049,3559,3,1943,737
6,paraclone22,1344,84,102,1635560904_0648599.png,1635560904_0648599_gfp.png,1635560904_0648599_ph.png,307,226,391,328,3012,2441,3096,2543,2705,2215,4049,3559,3,1944,737
6,paraclone23,1344,124,95,1635560904_0648599.png,1635560904_0648599_gfp.png,1635560904_0648599_ph.png,447,93,571,188,3152,2308,3276,2403,2705,2215,4049,3559,3,1945,737
6,paraclone24,1344,62,72,1635560904_0648599.png,1635560904_0648599_gfp.png,1635560904_0648599_ph.png,666,782,728,854,3371,2997,3433,3069,2705,2215,4049,3559,3,1946,737
6,paraclone25,1344,59,69,1635560904_0648599.png,1635560904_0648599_gfp.png,1635560904_0648599_ph.png,1007,669,1066,738,3712,2884,3771,2953,2705,2215,4049,3559,3,1947,737
6,paraclone26,1344,79,41,1635560904_0648599.png,1635560904_0648599_gfp.png,1635560904_0648599_ph.png,827,410,906,451,3532,2625,3611,2666,2705,2215,4049,3559,3,1948,737
6,holoclone4,1344,178,205,1635560905_342355.png,1635560905_342355_gfp.png,1635560905_342355_ph.png,1007,380,1185,585,3205,2397,3383,2602,2198,2017,3542,3361,3,1949,738
6,holoclone5,1344,158,135,1635560905_342355.png,1635560905_342355_gfp.png,1635560905_342355_ph.png,1136,779,1294,914,3334,2796,3492,2931,2198,2017,3542,3361,3,1950,738
6,holoclone6,1344,137,153,1635560905_342355.png,1635560905_342355_gfp.png,1635560905_342355_ph.png,1192,448,1329,601,3390,2465,3527,2618,2198,2017,3542,3361,3,1951,738
6,paraclone17,1344,62,74,1635560905_342355.png,1635560905_342355_gfp.png,1635560905_342355_ph.png,805,870,867,944,3003,2887,3065,2961,2198,2017,3542,3361,3,1952,738
6,paraclone22,1344,84,102,1635560905_342355.png,1635560905_342355_gfp.png,1635560905_342355_ph.png,814,424,898,526,3012,2441,3096,2543,2198,2017,3542,3361,3,1953,738
6,paraclone23,1344,124,95,1635560905_342355.png,1635560905_342355_gfp.png,1635560905_342355_ph.png,954,291,1078,386,3152,2308,3276,2403,2198,2017,3542,3361,3,1954,738
6,paraclone24,1344,62,72,1635560905_342355.png,1635560905_342355_gfp.png,1635560905_342355_ph.png,1173,980,1235,1052,3371,2997,3433,3069,2198,2017,3542,3361,3,1955,738
6,holoclone4,1344,178,205,1635560906_612499.png,1635560906_612499_gfp.png,1635560906_612499_ph.png,874,271,1052,476,3205,2397,3383,2602,2331,2126,3675,3470,3,1956,739
6,holoclone5,1344,158,135,1635560906_612499.png,1635560906_612499_gfp.png,1635560906_612499_ph.png,1003,670,1161,805,3334,2796,3492,2931,2331,2126,3675,3470,3,1957,739
6,holoclone6,1344,137,153,1635560906_612499.png,1635560906_612499_gfp.png,1635560906_612499_ph.png,1059,339,1196,492,3390,2465,3527,2618,2331,2126,3675,3470,3,1958,739
6,paraclone17,1344,62,74,1635560906_612499.png,1635560906_612499_gfp.png,1635560906_612499_ph.png,672,761,734,835,3003,2887,3065,2961,2331,2126,3675,3470,3,1959,739
6,paraclone22,1344,84,102,1635560906_612499.png,1635560906_612499_gfp.png,1635560906_612499_ph.png,681,315,765,417,3012,2441,3096,2543,2331,2126,3675,3470,3,1960,739
6,paraclone23,1344,124,95,1635560906_612499.png,1635560906_612499_gfp.png,1635560906_612499_ph.png,821,182,945,277,3152,2308,3276,2403,2331,2126,3675,3470,3,1961,739
6,paraclone24,1344,62,72,1635560906_612499.png,1635560906_612499_gfp.png,1635560906_612499_ph.png,1040,871,1102,943,3371,2997,3433,3069,2331,2126,3675,3470,3,1962,739
6,paraclone26,1344,79,41,1635560906_612499.png,1635560906_612499_gfp.png,1635560906_612499_ph.png,1201,499,1280,540,3532,2625,3611,2666,2331,2126,3675,3470,3,1963,739
6,holoclone5,1344,158,135,1635560907_95936.png,1635560907_95936_gfp.png,1635560907_95936_ph.png,1039,367,1197,502,3334,2796,3492,2931,2295,2429,3639,3773,3,1964,740
6,holoclone6,1344,137,153,1635560907_95936.png,1635560907_95936_gfp.png,1635560907_95936_ph.png,1095,36,1232,189,3390,2465,3527,2618,2295,2429,3639,3773,3,1965,740
6,paraclone17,1344,62,74,1635560907_95936.png,1635560907_95936_gfp.png,1635560907_95936_ph.png,708,458,770,532,3003,2887,3065,2961,2295,2429,3639,3773,3,1966,740
6,paraclone22,1344,84,102,1635560907_95936.png,1635560907_95936_gfp.png,1635560907_95936_ph.png,717,12,801,114,3012,2441,3096,2543,2295,2429,3639,3773,3,1967,740
6,paraclone24,1344,62,72,1635560907_95936.png,1635560907_95936_gfp.png,1635560907_95936_ph.png,1076,568,1138,640,3371,2997,3433,3069,2295,2429,3639,3773,3,1968,740
6,paraclone26,1344,79,41,1635560907_95936.png,1635560907_95936_gfp.png,1635560907_95936_ph.png,1237,196,1316,237,3532,2625,3611,2666,2295,2429,3639,3773,3,1969,740
6,holoclone4,1344,178,205,1635560909_228056.png,1635560909_228056_gfp.png,1635560909_228056_ph.png,468,347,646,552,3205,2397,3383,2602,2737,2050,4081,3394,3,1970,741
6,holoclone5,1344,158,135,1635560909_228056.png,1635560909_228056_gfp.png,1635560909_228056_ph.png,597,746,755,881,3334,2796,3492,2931,2737,2050,4081,3394,3,1971,741
6,holoclone6,1344,137,153,1635560909_228056.png,1635560909_228056_gfp.png,1635560909_228056_ph.png,653,415,790,568,3390,2465,3527,2618,2737,2050,4081,3394,3,1972,741
6,paraclone17,1344,62,74,1635560909_228056.png,1635560909_228056_gfp.png,1635560909_228056_ph.png,266,837,328,911,3003,2887,3065,2961,2737,2050,4081,3394,3,1973,741
6,paraclone18,1344,104,97,1635560909_228056.png,1635560909_228056_gfp.png,1635560909_228056_ph.png,848,191,952,288,3585,2241,3689,2338,2737,2050,4081,3394,3,1974,741
6,paraclone22,1344,84,102,1635560909_228056.png,1635560909_228056_gfp.png,1635560909_228056_ph.png,275,391,359,493,3012,2441,3096,2543,2737,2050,4081,3394,3,1975,741
6,paraclone23,1344,124,95,1635560909_228056.png,1635560909_228056_gfp.png,1635560909_228056_ph.png,415,258,539,353,3152,2308,3276,2403,2737,2050,4081,3394,3,1976,741
6,paraclone24,1344,62,72,1635560909_228056.png,1635560909_228056_gfp.png,1635560909_228056_ph.png,634,947,696,1019,3371,2997,3433,3069,2737,2050,4081,3394,3,1977,741
6,paraclone25,1344,59,69,1635560909_228056.png,1635560909_228056_gfp.png,1635560909_228056_ph.png,975,834,1034,903,3712,2884,3771,2953,2737,2050,4081,3394,3,1978,741
6,paraclone26,1344,79,41,1635560909_228056.png,1635560909_228056_gfp.png,1635560909_228056_ph.png,795,575,874,616,3532,2625,3611,2666,2737,2050,4081,3394,3,1979,741
6,meroclone6,1344,104,121,1635560910_513779.png,1635560910_513779_gfp.png,1635560910_513779_ph.png,1213,331,1317,452,4291,3049,4395,3170,3078,2718,4422,4062,3,1980,742
6,holoclone5,1344,158,135,1635560910_513779.png,1635560910_513779_gfp.png,1635560910_513779_ph.png,256,78,414,213,3334,2796,3492,2931,3078,2718,4422,4062,3,1981,742
6,paraclone24,1344,62,72,1635560910_513779.png,1635560910_513779_gfp.png,1635560910_513779_ph.png,293,279,355,351,3371,2997,3433,3069,3078,2718,4422,4062,3,1982,742
6,paraclone25,1344,59,69,1635560910_513779.png,1635560910_513779_gfp.png,1635560910_513779_ph.png,634,166,693,235,3712,2884,3771,2953,3078,2718,4422,4062,3,1983,742
6,meroclone6,1344,104,121,1635560911_777267.png,1635560911_777267_gfp.png,1635560911_777267_ph.png,941,664,1045,785,4291,3049,4395,3170,3350,2385,4694,3729,3,1984,743
6,holoclone6,1344,137,153,1635560911_777267.png,1635560911_777267_gfp.png,1635560911_777267_ph.png,40,80,177,233,3390,2465,3527,2618,3350,2385,4694,3729,3,1985,743
6,paraclone24,1344,62,72,1635560911_777267.png,1635560911_777267_gfp.png,1635560911_777267_ph.png,21,612,83,684,3371,2997,3433,3069,3350,2385,4694,3729,3,1986,743
6,paraclone25,1344,59,69,1635560911_777267.png,1635560911_777267_gfp.png,1635560911_777267_ph.png,362,499,421,568,3712,2884,3771,2953,3350,2385,4694,3729,3,1987,743
6,paraclone26,1344,79,41,1635560911_777267.png,1635560911_777267_gfp.png,1635560911_777267_ph.png,182,240,261,281,3532,2625,3611,2666,3350,2385,4694,3729,3,1988,743
6,holoclone4,1344,178,205,1635560913_038632.png,1635560913_038632_gfp.png,1635560913_038632_ph.png,505,135,683,340,3205,2397,3383,2602,2700,2262,4044,3606,3,1989,744
6,holoclone5,1344,158,135,1635560913_038632.png,1635560913_038632_gfp.png,1635560913_038632_ph.png,634,534,792,669,3334,2796,3492,2931,2700,2262,4044,3606,3,1990,744
6,holoclone6,1344,137,153,1635560913_038632.png,1635560913_038632_gfp.png,1635560913_038632_ph.png,690,203,827,356,3390,2465,3527,2618,2700,2262,4044,3606,3,1991,744
6,paraclone17,1344,62,74,1635560913_038632.png,1635560913_038632_gfp.png,1635560913_038632_ph.png,303,625,365,699,3003,2887,3065,2961,2700,2262,4044,3606,3,1992,744
6,paraclone22,1344,84,102,1635560913_038632.png,1635560913_038632_gfp.png,1635560913_038632_ph.png,312,179,396,281,3012,2441,3096,2543,2700,2262,4044,3606,3,1993,744
6,paraclone23,1344,124,95,1635560913_038632.png,1635560913_038632_gfp.png,1635560913_038632_ph.png,452,46,576,141,3152,2308,3276,2403,2700,2262,4044,3606,3,1994,744
6,paraclone24,1344,62,72,1635560913_038632.png,1635560913_038632_gfp.png,1635560913_038632_ph.png,671,735,733,807,3371,2997,3433,3069,2700,2262,4044,3606,3,1995,744
6,paraclone25,1344,59,69,1635560913_038632.png,1635560913_038632_gfp.png,1635560913_038632_ph.png,1012,622,1071,691,3712,2884,3771,2953,2700,2262,4044,3606,3,1996,744
6,paraclone26,1344,79,41,1635560913_038632.png,1635560913_038632_gfp.png,1635560913_038632_ph.png,832,363,911,404,3532,2625,3611,2666,2700,2262,4044,3606,3,1997,744
6,holoclone4,1344,178,205,1635560914_301873.png,1635560914_301873_gfp.png,1635560914_301873_ph.png,779,50,957,255,3205,2397,3383,2602,2426,2347,3770,3691,3,1998,745
6,holoclone5,1344,158,135,1635560914_301873.png,1635560914_301873_gfp.png,1635560914_301873_ph.png,908,449,1066,584,3334,2796,3492,2931,2426,2347,3770,3691,3,1999,745
6,holoclone6,1344,137,153,1635560914_301873.png,1635560914_301873_gfp.png,1635560914_301873_ph.png,964,118,1101,271,3390,2465,3527,2618,2426,2347,3770,3691,3,2000,745
6,paraclone17,1344,62,74,1635560914_301873.png,1635560914_301873_gfp.png,1635560914_301873_ph.png,577,540,639,614,3003,2887,3065,2961,2426,2347,3770,3691,3,2001,745
6,paraclone22,1344,84,102,1635560914_301873.png,1635560914_301873_gfp.png,1635560914_301873_ph.png,586,94,670,196,3012,2441,3096,2543,2426,2347,3770,3691,3,2002,745
6,paraclone24,1344,62,72,1635560914_301873.png,1635560914_301873_gfp.png,1635560914_301873_ph.png,945,650,1007,722,3371,2997,3433,3069,2426,2347,3770,3691,3,2003,745
6,paraclone26,1344,79,41,1635560914_301873.png,1635560914_301873_gfp.png,1635560914_301873_ph.png,1106,278,1185,319,3532,2625,3611,2666,2426,2347,3770,3691,3,2004,745
6,holoclone4,1344,178,205,1635560915_582825.png,1635560915_582825_gfp.png,1635560915_582825_ph.png,912,603,1090,808,3205,2397,3383,2602,2293,1794,3637,3138,3,2005,746
6,holoclone5,1344,158,135,1635560915_582825.png,1635560915_582825_gfp.png,1635560915_582825_ph.png,1041,1002,1199,1137,3334,2796,3492,2931,2293,1794,3637,3138,3,2006,746
6,holoclone6,1344,137,153,1635560915_582825.png,1635560915_582825_gfp.png,1635560915_582825_ph.png,1097,671,1234,824,3390,2465,3527,2618,2293,1794,3637,3138,3,2007,746
6,paraclone17,1344,62,74,1635560915_582825.png,1635560915_582825_gfp.png,1635560915_582825_ph.png,710,1093,772,1167,3003,2887,3065,2961,2293,1794,3637,3138,3,2008,746
6,paraclone22,1344,84,102,1635560915_582825.png,1635560915_582825_gfp.png,1635560915_582825_ph.png,719,647,803,749,3012,2441,3096,2543,2293,1794,3637,3138,3,2009,746
6,paraclone23,1344,124,95,1635560915_582825.png,1635560915_582825_gfp.png,1635560915_582825_ph.png,859,514,983,609,3152,2308,3276,2403,2293,1794,3637,3138,3,2010,746
6,paraclone24,1344,62,72,1635560915_582825.png,1635560915_582825_gfp.png,1635560915_582825_ph.png,1078,1203,1140,1275,3371,2997,3433,3069,2293,1794,3637,3138,3,2011,746
6,paraclone26,1344,79,41,1635560915_582825.png,1635560915_582825_gfp.png,1635560915_582825_ph.png,1239,831,1318,872,3532,2625,3611,2666,2293,1794,3637,3138,3,2012,746
6,paraclone24,1344,62,72,1635560916_83902.png,1635560916_83902_gfp.png,1635560916_83902_ph.png,772,101,834,173,3371,2997,3433,3069,2599,2896,3943,4240,3,2013,747
6,paraclone17,1344,62,74,1635560918_133538.png,1635560918_133538_gfp.png,1635560918_133538_ph.png,858,322,920,396,3003,2887,3065,2961,2145,2565,3489,3909,3,2014,748
6,paraclone24,1344,62,72,1635560918_133538.png,1635560918_133538_gfp.png,1635560918_133538_ph.png,1226,432,1288,504,3371,2997,3433,3069,2145,2565,3489,3909,3,2015,748
6,holoclone5,1344,158,135,1635560919_394027.png,1635560919_394027_gfp.png,1635560919_394027_ph.png,998,149,1156,284,3334,2796,3492,2931,2336,2647,3680,3991,3,2016,749
6,paraclone17,1344,62,74,1635560919_394027.png,1635560919_394027_gfp.png,1635560919_394027_ph.png,667,240,729,314,3003,2887,3065,2961,2336,2647,3680,3991,3,2017,749
6,paraclone24,1344,62,72,1635560919_394027.png,1635560919_394027_gfp.png,1635560919_394027_ph.png,1035,350,1097,422,3371,2997,3433,3069,2336,2647,3680,3991,3,2018,749
6,meroclone6,1344,104,121,1635560920_655371.png,1635560920_655371_gfp.png,1635560920_655371_ph.png,655,491,759,612,4291,3049,4395,3170,3636,2558,4980,3902,3,2019,750
6,paraclone25,1344,59,69,1635560920_655371.png,1635560920_655371_gfp.png,1635560920_655371_ph.png,76,326,135,395,3712,2884,3771,2953,3636,2558,4980,3902,3,2020,750
6,meroclone5,1344,55,63,1635560921_912579.png,1635560921_912579_gfp.png,1635560921_912579_ph.png,1004,77,1059,140,4284,1878,4339,1941,3280,1801,4624,3145,3,2021,751
6,holoclone5,1344,158,135,1635560921_912579.png,1635560921_912579_gfp.png,1635560921_912579_ph.png,54,995,212,1130,3334,2796,3492,2931,3280,1801,4624,3145,3,2022,751
6,holoclone6,1344,137,153,1635560921_912579.png,1635560921_912579_gfp.png,1635560921_912579_ph.png,110,664,247,817,3390,2465,3527,2618,3280,1801,4624,3145,3,2023,751
6,paraclone18,1344,104,97,1635560921_912579.png,1635560921_912579_gfp.png,1635560921_912579_ph.png,305,440,409,537,3585,2241,3689,2338,3280,1801,4624,3145,3,2024,751
6,paraclone21,1344,123,95,1635560921_912579.png,1635560921_912579_gfp.png,1635560921_912579_ph.png,811,192,934,287,4091,1993,4214,2088,3280,1801,4624,3145,3,2025,751
6,paraclone24,1344,62,72,1635560921_912579.png,1635560921_912579_gfp.png,1635560921_912579_ph.png,91,1196,153,1268,3371,2997,3433,3069,3280,1801,4624,3145,3,2026,751
6,paraclone25,1344,59,69,1635560921_912579.png,1635560921_912579_gfp.png,1635560921_912579_ph.png,432,1083,491,1152,3712,2884,3771,2953,3280,1801,4624,3145,3,2027,751
6,paraclone26,1344,79,41,1635560921_912579.png,1635560921_912579_gfp.png,1635560921_912579_ph.png,252,824,331,865,3532,2625,3611,2666,3280,1801,4624,3145,3,2028,751
6,meroclone6,1344,104,121,1635560923_178827.png,1635560923_178827_gfp.png,1635560923_178827_ph.png,875,303,979,424,4291,3049,4395,3170,3416,2746,4760,4090,3,2029,752
6,paraclone25,1344,59,69,1635560923_178827.png,1635560923_178827_gfp.png,1635560923_178827_ph.png,296,138,355,207,3712,2884,3771,2953,3416,2746,4760,4090,3,2030,752
6,meroclone6,1344,104,121,1635560924_4425821.png,1635560924_4425821_gfp.png,1635560924_4425821_ph.png,697,876,801,997,4291,3049,4395,3170,3594,2173,4938,3517,3,2031,753
6,paraclone25,1344,59,69,1635560924_4425821.png,1635560924_4425821_gfp.png,1635560924_4425821_ph.png,118,711,177,780,3712,2884,3771,2953,3594,2173,4938,3517,3,2032,753
6,meroclone6,1344,104,121,1635560925_7063.png,1635560925_7063_gfp.png,1635560925_7063_ph.png,846,198,950,319,4291,3049,4395,3170,3445,2851,4789,4195,3,2033,754
6,paraclone25,1344,59,69,1635560925_7063.png,1635560925_7063_gfp.png,1635560925_7063_ph.png,267,33,326,102,3712,2884,3771,2953,3445,2851,4789,4195,3,2034,754
6,meroclone6,1344,104,121,1635560926_959532.png,1635560926_959532_gfp.png,1635560926_959532_ph.png,584,817,688,938,4291,3049,4395,3170,3707,2232,5051,3576,3,2035,755
6,paraclone25,1344,59,69,1635560926_959532.png,1635560926_959532_gfp.png,1635560926_959532_ph.png,5,652,64,721,3712,2884,3771,2953,3707,2232,5051,3576,3,2036,755
6,meroclone6,1344,104,121,1635560928_2137332.png,1635560928_2137332_gfp.png,1635560928_2137332_ph.png,635,396,739,517,4291,3049,4395,3170,3656,2653,5000,3997,3,2037,756
6,paraclone25,1344,59,69,1635560928_2137332.png,1635560928_2137332_gfp.png,1635560928_2137332_ph.png,56,231,115,300,3712,2884,3771,2953,3656,2653,5000,3997,3,2038,756
6,holoclone4,1344,178,205,1635560929_474664.png,1635560929_474664_gfp.png,1635560929_474664_ph.png,457,534,635,739,3205,2397,3383,2602,2748,1863,4092,3207,3,2039,757
6,holoclone5,1344,158,135,1635560929_474664.png,1635560929_474664_gfp.png,1635560929_474664_ph.png,586,933,744,1068,3334,2796,3492,2931,2748,1863,4092,3207,3,2040,757
6,holoclone6,1344,137,153,1635560929_474664.png,1635560929_474664_gfp.png,1635560929_474664_ph.png,642,602,779,755,3390,2465,3527,2618,2748,1863,4092,3207,3,2041,757
6,paraclone17,1344,62,74,1635560929_474664.png,1635560929_474664_gfp.png,1635560929_474664_ph.png,255,1024,317,1098,3003,2887,3065,2961,2748,1863,4092,3207,3,2042,757
6,paraclone18,1344,104,97,1635560929_474664.png,1635560929_474664_gfp.png,1635560929_474664_ph.png,837,378,941,475,3585,2241,3689,2338,2748,1863,4092,3207,3,2043,757
6,paraclone22,1344,84,102,1635560929_474664.png,1635560929_474664_gfp.png,1635560929_474664_ph.png,264,578,348,680,3012,2441,3096,2543,2748,1863,4092,3207,3,2044,757
6,paraclone23,1344,124,95,1635560929_474664.png,1635560929_474664_gfp.png,1635560929_474664_ph.png,404,445,528,540,3152,2308,3276,2403,2748,1863,4092,3207,3,2045,757
6,paraclone24,1344,62,72,1635560929_474664.png,1635560929_474664_gfp.png,1635560929_474664_ph.png,623,1134,685,1206,3371,2997,3433,3069,2748,1863,4092,3207,3,2046,757
6,paraclone25,1344,59,69,1635560929_474664.png,1635560929_474664_gfp.png,1635560929_474664_ph.png,964,1021,1023,1090,3712,2884,3771,2953,2748,1863,4092,3207,3,2047,757
6,paraclone26,1344,79,41,1635560929_474664.png,1635560929_474664_gfp.png,1635560929_474664_ph.png,784,762,863,803,3532,2625,3611,2666,2748,1863,4092,3207,3,2048,757
6,meroclone6,1344,104,121,1635560930_733197.png,1635560930_733197_gfp.png,1635560930_733197_ph.png,1176,499,1280,620,4291,3049,4395,3170,3115,2550,4459,3894,3,2049,758
6,holoclone5,1344,158,135,1635560930_733197.png,1635560930_733197_gfp.png,1635560930_733197_ph.png,219,246,377,381,3334,2796,3492,2931,3115,2550,4459,3894,3,2050,758
6,paraclone24,1344,62,72,1635560930_733197.png,1635560930_733197_gfp.png,1635560930_733197_ph.png,256,447,318,519,3371,2997,3433,3069,3115,2550,4459,3894,3,2051,758
6,paraclone25,1344,59,69,1635560930_733197.png,1635560930_733197_gfp.png,1635560930_733197_ph.png,597,334,656,403,3712,2884,3771,2953,3115,2550,4459,3894,3,2052,758
6,paraclone26,1344,79,41,1635560930_733197.png,1635560930_733197_gfp.png,1635560930_733197_ph.png,417,75,496,116,3532,2625,3611,2666,3115,2550,4459,3894,3,2053,758
6,meroclone5,1344,55,63,1635560931_99413.png,1635560931_99413_gfp.png,1635560931_99413_ph.png,800,90,855,153,4284,1878,4339,1941,3484,1788,4828,3132,3,2054,759
6,paraclone18,1344,104,97,1635560931_99413.png,1635560931_99413_gfp.png,1635560931_99413_ph.png,101,453,205,550,3585,2241,3689,2338,3484,1788,4828,3132,3,2055,759
6,paraclone21,1344,123,95,1635560931_99413.png,1635560931_99413_gfp.png,1635560931_99413_ph.png,607,205,730,300,4091,1993,4214,2088,3484,1788,4828,3132,3,2056,759
6,paraclone25,1344,59,69,1635560931_99413.png,1635560931_99413_gfp.png,1635560931_99413_ph.png,228,1096,287,1165,3712,2884,3771,2953,3484,1788,4828,3132,3,2057,759
6,paraclone26,1344,79,41,1635560931_99413.png,1635560931_99413_gfp.png,1635560931_99413_ph.png,48,837,127,878,3532,2625,3611,2666,3484,1788,4828,3132,3,2058,759
6,holoclone4,1344,178,205,1635560933_261106.png,1635560933_261106_gfp.png,1635560933_261106_ph.png,469,250,647,455,3205,2397,3383,2602,2736,2147,4080,3491,3,2059,760
6,holoclone5,1344,158,135,1635560933_261106.png,1635560933_261106_gfp.png,1635560933_261106_ph.png,598,649,756,784,3334,2796,3492,2931,2736,2147,4080,3491,3,2060,760
6,holoclone6,1344,137,153,1635560933_261106.png,1635560933_261106_gfp.png,1635560933_261106_ph.png,654,318,791,471,3390,2465,3527,2618,2736,2147,4080,3491,3,2061,760
6,paraclone17,1344,62,74,1635560933_261106.png,1635560933_261106_gfp.png,1635560933_261106_ph.png,267,740,329,814,3003,2887,3065,2961,2736,2147,4080,3491,3,2062,760
6,paraclone18,1344,104,97,1635560933_261106.png,1635560933_261106_gfp.png,1635560933_261106_ph.png,849,94,953,191,3585,2241,3689,2338,2736,2147,4080,3491,3,2063,760
6,paraclone22,1344,84,102,1635560933_261106.png,1635560933_261106_gfp.png,1635560933_261106_ph.png,276,294,360,396,3012,2441,3096,2543,2736,2147,4080,3491,3,2064,760
6,paraclone23,1344,124,95,1635560933_261106.png,1635560933_261106_gfp.png,1635560933_261106_ph.png,416,161,540,256,3152,2308,3276,2403,2736,2147,4080,3491,3,2065,760
6,paraclone24,1344,62,72,1635560933_261106.png,1635560933_261106_gfp.png,1635560933_261106_ph.png,635,850,697,922,3371,2997,3433,3069,2736,2147,4080,3491,3,2066,760
6,paraclone25,1344,59,69,1635560933_261106.png,1635560933_261106_gfp.png,1635560933_261106_ph.png,976,737,1035,806,3712,2884,3771,2953,2736,2147,4080,3491,3,2067,760
6,paraclone26,1344,79,41,1635560933_261106.png,1635560933_261106_gfp.png,1635560933_261106_ph.png,796,478,875,519,3532,2625,3611,2666,2736,2147,4080,3491,3,2068,760
6,holoclone4,1344,178,205,1635560934_521836.png,1635560934_521836_gfp.png,1635560934_521836_ph.png,894,240,1072,445,3205,2397,3383,2602,2311,2157,3655,3501,3,2069,761
6,holoclone5,1344,158,135,1635560934_521836.png,1635560934_521836_gfp.png,1635560934_521836_ph.png,1023,639,1181,774,3334,2796,3492,2931,2311,2157,3655,3501,3,2070,761
6,holoclone6,1344,137,153,1635560934_521836.png,1635560934_521836_gfp.png,1635560934_521836_ph.png,1079,308,1216,461,3390,2465,3527,2618,2311,2157,3655,3501,3,2071,761
6,paraclone17,1344,62,74,1635560934_521836.png,1635560934_521836_gfp.png,1635560934_521836_ph.png,692,730,754,804,3003,2887,3065,2961,2311,2157,3655,3501,3,2072,761
6,paraclone22,1344,84,102,1635560934_521836.png,1635560934_521836_gfp.png,1635560934_521836_ph.png,701,284,785,386,3012,2441,3096,2543,2311,2157,3655,3501,3,2073,761
6,paraclone23,1344,124,95,1635560934_521836.png,1635560934_521836_gfp.png,1635560934_521836_ph.png,841,151,965,246,3152,2308,3276,2403,2311,2157,3655,3501,3,2074,761
6,paraclone24,1344,62,72,1635560934_521836.png,1635560934_521836_gfp.png,1635560934_521836_ph.png,1060,840,1122,912,3371,2997,3433,3069,2311,2157,3655,3501,3,2075,761
6,paraclone26,1344,79,41,1635560934_521836.png,1635560934_521836_gfp.png,1635560934_521836_ph.png,1221,468,1300,509,3532,2625,3611,2666,2311,2157,3655,3501,3,2076,761
6,meroclone5,1344,55,63,1635560935_782788.png,1635560935_782788_gfp.png,1635560935_782788_ph.png,794,464,849,527,4284,1878,4339,1941,3490,1414,4834,2758,3,2077,762
6,paraclone15,1344,97,76,1635560935_782788.png,1635560935_782788_gfp.png,1635560935_782788_ph.png,1183,338,1280,414,4673,1752,4770,1828,3490,1414,4834,2758,3,2078,762
6,paraclone18,1344,104,97,1635560935_782788.png,1635560935_782788_gfp.png,1635560935_782788_ph.png,95,827,199,924,3585,2241,3689,2338,3490,1414,4834,2758,3,2079,762
6,paraclone21,1344,123,95,1635560935_782788.png,1635560935_782788_gfp.png,1635560935_782788_ph.png,601,579,724,674,4091,1993,4214,2088,3490,1414,4834,2758,3,2080,762
6,paraclone26,1344,79,41,1635560935_782788.png,1635560935_782788_gfp.png,1635560935_782788_ph.png,42,1211,121,1252,3532,2625,3611,2666,3490,1414,4834,2758,3,2081,762
6,meroclone6,1344,104,121,1635560937_04419.png,1635560937_04419_gfp.png,1635560937_04419_ph.png,931,1102,1035,1223,4291,3049,4395,3170,3360,1947,4704,3291,3,2082,763
6,holoclone6,1344,137,153,1635560937_04419.png,1635560937_04419_gfp.png,1635560937_04419_ph.png,30,518,167,671,3390,2465,3527,2618,3360,1947,4704,3291,3,2083,763
6,paraclone18,1344,104,97,1635560937_04419.png,1635560937_04419_gfp.png,1635560937_04419_ph.png,225,294,329,391,3585,2241,3689,2338,3360,1947,4704,3291,3,2084,763
6,paraclone21,1344,123,95,1635560937_04419.png,1635560937_04419_gfp.png,1635560937_04419_ph.png,731,46,854,141,4091,1993,4214,2088,3360,1947,4704,3291,3,2085,763
6,paraclone24,1344,62,72,1635560937_04419.png,1635560937_04419_gfp.png,1635560937_04419_ph.png,11,1050,73,1122,3371,2997,3433,3069,3360,1947,4704,3291,3,2086,763
6,paraclone25,1344,59,69,1635560937_04419.png,1635560937_04419_gfp.png,1635560937_04419_ph.png,352,937,411,1006,3712,2884,3771,2953,3360,1947,4704,3291,3,2087,763
6,paraclone26,1344,79,41,1635560937_04419.png,1635560937_04419_gfp.png,1635560937_04419_ph.png,172,678,251,719,3532,2625,3611,2666,3360,1947,4704,3291,3,2088,763
6,holoclone4,1344,178,205,1635560938_305244.png,1635560938_305244_gfp.png,1635560938_305244_ph.png,247,643,425,848,3205,2397,3383,2602,2958,1754,4302,3098,3,2089,764
6,holoclone5,1344,158,135,1635560938_305244.png,1635560938_305244_gfp.png,1635560938_305244_ph.png,376,1042,534,1177,3334,2796,3492,2931,2958,1754,4302,3098,3,2090,764
6,holoclone6,1344,137,153,1635560938_305244.png,1635560938_305244_gfp.png,1635560938_305244_ph.png,432,711,569,864,3390,2465,3527,2618,2958,1754,4302,3098,3,2091,764
6,paraclone17,1344,62,74,1635560938_305244.png,1635560938_305244_gfp.png,1635560938_305244_ph.png,45,1133,107,1207,3003,2887,3065,2961,2958,1754,4302,3098,3,2092,764
6,paraclone18,1344,104,97,1635560938_305244.png,1635560938_305244_gfp.png,1635560938_305244_ph.png,627,487,731,584,3585,2241,3689,2338,2958,1754,4302,3098,3,2093,764
6,paraclone21,1344,123,95,1635560938_305244.png,1635560938_305244_gfp.png,1635560938_305244_ph.png,1133,239,1256,334,4091,1993,4214,2088,2958,1754,4302,3098,3,2094,764
6,paraclone22,1344,84,102,1635560938_305244.png,1635560938_305244_gfp.png,1635560938_305244_ph.png,54,687,138,789,3012,2441,3096,2543,2958,1754,4302,3098,3,2095,764
6,paraclone23,1344,124,95,1635560938_305244.png,1635560938_305244_gfp.png,1635560938_305244_ph.png,194,554,318,649,3152,2308,3276,2403,2958,1754,4302,3098,3,2096,764
6,paraclone24,1344,62,72,1635560938_305244.png,1635560938_305244_gfp.png,1635560938_305244_ph.png,413,1243,475,1315,3371,2997,3433,3069,2958,1754,4302,3098,3,2097,764
6,paraclone25,1344,59,69,1635560938_305244.png,1635560938_305244_gfp.png,1635560938_305244_ph.png,754,1130,813,1199,3712,2884,3771,2953,2958,1754,4302,3098,3,2098,764
6,paraclone26,1344,79,41,1635560938_305244.png,1635560938_305244_gfp.png,1635560938_305244_ph.png,574,871,653,912,3532,2625,3611,2666,2958,1754,4302,3098,3,2099,764
6,meroclone5,1344,55,63,1635560939_566148.png,1635560939_566148_gfp.png,1635560939_566148_ph.png,1021,104,1076,167,4284,1878,4339,1941,3263,1774,4607,3118,3,2100,765
6,holoclone5,1344,158,135,1635560939_566148.png,1635560939_566148_gfp.png,1635560939_566148_ph.png,71,1022,229,1157,3334,2796,3492,2931,3263,1774,4607,3118,3,2101,765
6,holoclone6,1344,137,153,1635560939_566148.png,1635560939_566148_gfp.png,1635560939_566148_ph.png,127,691,264,844,3390,2465,3527,2618,3263,1774,4607,3118,3,2102,765
6,paraclone18,1344,104,97,1635560939_566148.png,1635560939_566148_gfp.png,1635560939_566148_ph.png,322,467,426,564,3585,2241,3689,2338,3263,1774,4607,3118,3,2103,765
6,paraclone21,1344,123,95,1635560939_566148.png,1635560939_566148_gfp.png,1635560939_566148_ph.png,828,219,951,314,4091,1993,4214,2088,3263,1774,4607,3118,3,2104,765
6,paraclone24,1344,62,72,1635560939_566148.png,1635560939_566148_gfp.png,1635560939_566148_ph.png,108,1223,170,1295,3371,2997,3433,3069,3263,1774,4607,3118,3,2105,765
6,paraclone25,1344,59,69,1635560939_566148.png,1635560939_566148_gfp.png,1635560939_566148_ph.png,449,1110,508,1179,3712,2884,3771,2953,3263,1774,4607,3118,3,2106,765
6,paraclone26,1344,79,41,1635560939_566148.png,1635560939_566148_gfp.png,1635560939_566148_ph.png,269,851,348,892,3532,2625,3611,2666,3263,1774,4607,3118,3,2107,765
6,meroclone6,1344,104,121,1635560940_831386.png,1635560940_831386_gfp.png,1635560940_831386_ph.png,916,764,1020,885,4291,3049,4395,3170,3375,2285,4719,3629,3,2108,766
6,holoclone6,1344,137,153,1635560940_831386.png,1635560940_831386_gfp.png,1635560940_831386_ph.png,15,180,152,333,3390,2465,3527,2618,3375,2285,4719,3629,3,2109,766
6,paraclone25,1344,59,69,1635560940_831386.png,1635560940_831386_gfp.png,1635560940_831386_ph.png,337,599,396,668,3712,2884,3771,2953,3375,2285,4719,3629,3,2110,766
6,paraclone26,1344,79,41,1635560940_831386.png,1635560940_831386_gfp.png,1635560940_831386_ph.png,157,340,236,381,3532,2625,3611,2666,3375,2285,4719,3629,3,2111,766
6,holoclone4,1344,178,205,1635560942_090913.png,1635560942_090913_gfp.png,1635560942_090913_ph.png,777,383,955,588,3205,2397,3383,2602,2428,2014,3772,3358,3,2112,767
6,holoclone5,1344,158,135,1635560942_090913.png,1635560942_090913_gfp.png,1635560942_090913_ph.png,906,782,1064,917,3334,2796,3492,2931,2428,2014,3772,3358,3,2113,767
6,holoclone6,1344,137,153,1635560942_090913.png,1635560942_090913_gfp.png,1635560942_090913_ph.png,962,451,1099,604,3390,2465,3527,2618,2428,2014,3772,3358,3,2114,767
6,paraclone17,1344,62,74,1635560942_090913.png,1635560942_090913_gfp.png,1635560942_090913_ph.png,575,873,637,947,3003,2887,3065,2961,2428,2014,3772,3358,3,2115,767
6,paraclone18,1344,104,97,1635560942_090913.png,1635560942_090913_gfp.png,1635560942_090913_ph.png,1157,227,1261,324,3585,2241,3689,2338,2428,2014,3772,3358,3,2116,767
6,paraclone22,1344,84,102,1635560942_090913.png,1635560942_090913_gfp.png,1635560942_090913_ph.png,584,427,668,529,3012,2441,3096,2543,2428,2014,3772,3358,3,2117,767
6,paraclone23,1344,124,95,1635560942_090913.png,1635560942_090913_gfp.png,1635560942_090913_ph.png,724,294,848,389,3152,2308,3276,2403,2428,2014,3772,3358,3,2118,767
6,paraclone24,1344,62,72,1635560942_090913.png,1635560942_090913_gfp.png,1635560942_090913_ph.png,943,983,1005,1055,3371,2997,3433,3069,2428,2014,3772,3358,3,2119,767
6,paraclone25,1344,59,69,1635560942_090913.png,1635560942_090913_gfp.png,1635560942_090913_ph.png,1284,870,1343,939,3712,2884,3771,2953,2428,2014,3772,3358,3,2120,767
6,paraclone26,1344,79,41,1635560942_090913.png,1635560942_090913_gfp.png,1635560942_090913_ph.png,1104,611,1183,652,3532,2625,3611,2666,2428,2014,3772,3358,3,2121,767
6,holoclone4,1344,178,205,1635560943_354479.png,1635560943_354479_gfp.png,1635560943_354479_ph.png,526,473,704,678,3205,2397,3383,2602,2679,1924,4023,3268,3,2122,768
6,holoclone5,1344,158,135,1635560943_354479.png,1635560943_354479_gfp.png,1635560943_354479_ph.png,655,872,813,1007,3334,2796,3492,2931,2679,1924,4023,3268,3,2123,768
6,holoclone6,1344,137,153,1635560943_354479.png,1635560943_354479_gfp.png,1635560943_354479_ph.png,711,541,848,694,3390,2465,3527,2618,2679,1924,4023,3268,3,2124,768
6,paraclone17,1344,62,74,1635560943_354479.png,1635560943_354479_gfp.png,1635560943_354479_ph.png,324,963,386,1037,3003,2887,3065,2961,2679,1924,4023,3268,3,2125,768
6,paraclone18,1344,104,97,1635560943_354479.png,1635560943_354479_gfp.png,1635560943_354479_ph.png,906,317,1010,414,3585,2241,3689,2338,2679,1924,4023,3268,3,2126,768
6,paraclone22,1344,84,102,1635560943_354479.png,1635560943_354479_gfp.png,1635560943_354479_ph.png,333,517,417,619,3012,2441,3096,2543,2679,1924,4023,3268,3,2127,768
6,paraclone23,1344,124,95,1635560943_354479.png,1635560943_354479_gfp.png,1635560943_354479_ph.png,473,384,597,479,3152,2308,3276,2403,2679,1924,4023,3268,3,2128,768
6,paraclone24,1344,62,72,1635560943_354479.png,1635560943_354479_gfp.png,1635560943_354479_ph.png,692,1073,754,1145,3371,2997,3433,3069,2679,1924,4023,3268,3,2129,768
6,paraclone25,1344,59,69,1635560943_354479.png,1635560943_354479_gfp.png,1635560943_354479_ph.png,1033,960,1092,1029,3712,2884,3771,2953,2679,1924,4023,3268,3,2130,768
6,paraclone26,1344,79,41,1635560943_354479.png,1635560943_354479_gfp.png,1635560943_354479_ph.png,853,701,932,742,3532,2625,3611,2666,2679,1924,4023,3268,3,2131,768
6,holoclone4,1344,178,205,1635560944_615299.png,1635560944_615299_gfp.png,1635560944_615299_ph.png,430,282,608,487,3205,2397,3383,2602,2775,2115,4119,3459,3,2132,769
6,holoclone5,1344,158,135,1635560944_615299.png,1635560944_615299_gfp.png,1635560944_615299_ph.png,559,681,717,816,3334,2796,3492,2931,2775,2115,4119,3459,3,2133,769
6,holoclone6,1344,137,153,1635560944_615299.png,1635560944_615299_gfp.png,1635560944_615299_ph.png,615,350,752,503,3390,2465,3527,2618,2775,2115,4119,3459,3,2134,769
6,paraclone17,1344,62,74,1635560944_615299.png,1635560944_615299_gfp.png,1635560944_615299_ph.png,228,772,290,846,3003,2887,3065,2961,2775,2115,4119,3459,3,2135,769
6,paraclone18,1344,104,97,1635560944_615299.png,1635560944_615299_gfp.png,1635560944_615299_ph.png,810,126,914,223,3585,2241,3689,2338,2775,2115,4119,3459,3,2136,769
6,paraclone22,1344,84,102,1635560944_615299.png,1635560944_615299_gfp.png,1635560944_615299_ph.png,237,326,321,428,3012,2441,3096,2543,2775,2115,4119,3459,3,2137,769
6,paraclone23,1344,124,95,1635560944_615299.png,1635560944_615299_gfp.png,1635560944_615299_ph.png,377,193,501,288,3152,2308,3276,2403,2775,2115,4119,3459,3,2138,769
6,paraclone24,1344,62,72,1635560944_615299.png,1635560944_615299_gfp.png,1635560944_615299_ph.png,596,882,658,954,3371,2997,3433,3069,2775,2115,4119,3459,3,2139,769
6,paraclone25,1344,59,69,1635560944_615299.png,1635560944_615299_gfp.png,1635560944_615299_ph.png,937,769,996,838,3712,2884,3771,2953,2775,2115,4119,3459,3,2140,769
6,paraclone26,1344,79,41,1635560944_615299.png,1635560944_615299_gfp.png,1635560944_615299_ph.png,757,510,836,551,3532,2625,3611,2666,2775,2115,4119,3459,3,2141,769
6,holoclone1,1344,302,299,1635560946_4042199.png,1635560946_4042199_gfp.png,1635560946_4042199_ph.png,677,385,979,684,825,4287,1127,4586,148,3902,1492,5246,4,2142,770
6,holoclone1,1344,302,299,1635560947_76914.png,1635560947_76914_gfp.png,1635560947_76914_ph.png,825,332,1127,631,825,4287,1127,4586,0,3955,1344,5299,4,2143,771
6,holoclone1,1344,302,299,1635560948_988374.png,1635560948_988374_gfp.png,1635560948_988374_ph.png,556,1041,858,1340,825,4287,1127,4586,269,3246,1613,4590,4,2144,772
6,holoclone1,1344,302,299,1635560950_210268.png,1635560950_210268_gfp.png,1635560950_210268_ph.png,76,337,378,636,825,4287,1127,4586,749,3950,2093,5294,4,2145,773
6,holoclone1,1344,302,299,1635560951_43029.png,1635560951_43029_gfp.png,1635560951_43029_ph.png,825,580,1127,879,825,4287,1127,4586,0,3707,1344,5051,4,2146,774
6,holoclone1,1344,302,299,1635560952_97054.png,1635560952_97054_gfp.png,1635560952_97054_ph.png,549,765,851,1064,825,4287,1127,4586,276,3522,1620,4866,4,2147,775
6,holoclone1,1344,302,299,1635560954_317707.png,1635560954_317707_gfp.png,1635560954_317707_ph.png,56,245,358,544,825,4287,1127,4586,769,4042,2113,5386,4,2148,776
6,holoclone1,1344,302,299,1635560955_6050901.png,1635560955_6050901_gfp.png,1635560955_6050901_ph.png,337,135,639,434,825,4287,1127,4586,488,4152,1832,5496,4,2149,777
6,holoclone1,1344,302,299,1635560956_862795.png,1635560956_862795_gfp.png,1635560956_862795_ph.png,817,139,1119,438,825,4287,1127,4586,8,4148,1352,5492,4,2150,778
6,holoclone1,1344,302,299,1635560958_132952.png,1635560958_132952_gfp.png,1635560958_132952_ph.png,818,210,1120,509,825,4287,1127,4586,7,4077,1351,5421,4,2151,779
6,paraclone1,1344,81,103,1635560959_389893.png,1635560959_389893_gfp.png,1635560959_389893_ph.png,1133,1222,1214,1325,1331,2556,1412,2659,198,1334,1542,2678,4,2152,780
6,paraclone1,1344,81,103,1635560960_760258.png,1635560960_760258_gfp.png,1635560960_760258_ph.png,974,174,1055,277,1331,2556,1412,2659,357,2382,1701,3726,4,2153,781
6,paraclone2,1344,110,108,1635560960_760258.png,1635560960_760258_gfp.png,1635560960_760258_ph.png,124,674,234,782,481,3056,591,3164,357,2382,1701,3726,4,2154,781
6,paraclone1,1344,81,103,1635560962_311809.png,1635560962_311809_gfp.png,1635560962_311809_ph.png,884,591,965,694,1331,2556,1412,2659,447,1965,1791,3309,4,2155,782
6,paraclone2,1344,110,108,1635560962_311809.png,1635560962_311809_gfp.png,1635560962_311809_ph.png,34,1091,144,1199,481,3056,591,3164,447,1965,1791,3309,4,2156,782
6,paraclone1,1344,81,103,1635560963_70611.png,1635560963_70611_gfp.png,1635560963_70611_ph.png,599,661,680,764,1331,2556,1412,2659,732,1895,2076,3239,4,2157,783
6,paraclone1,1344,81,103,1635560964_927721.png,1635560964_927721_gfp.png,1635560964_927721_ph.png,101,617,182,720,1331,2556,1412,2659,1230,1939,2574,3283,4,2158,784
6,paraclone1,1344,81,103,1635560966_235013.png,1635560966_235013_gfp.png,1635560966_235013_ph.png,282,28,363,131,1331,2556,1412,2659,1049,2528,2393,3872,4,2159,785
6,paraclone1,1344,81,103,1635560967_577292.png,1635560967_577292_gfp.png,1635560967_577292_ph.png,1095,207,1176,310,1331,2556,1412,2659,236,2349,1580,3693,4,2160,786
6,paraclone2,1344,110,108,1635560967_577292.png,1635560967_577292_gfp.png,1635560967_577292_ph.png,245,707,355,815,481,3056,591,3164,236,2349,1580,3693,4,2161,786
6,paraclone1,1344,81,103,1635560969_051384.png,1635560969_051384_gfp.png,1635560969_051384_ph.png,462,464,543,567,1331,2556,1412,2659,869,2092,2213,3436,4,2162,787
6,paraclone1,1344,81,103,1635560970_520383.png,1635560970_520383_gfp.png,1635560970_520383_ph.png,345,157,426,260,1331,2556,1412,2659,986,2399,2330,3743,4,2163,788
6,paraclone1,1344,81,103,1635560971_77875.png,1635560971_77875_gfp.png,1635560971_77875_ph.png,1067,603,1148,706,1331,2556,1412,2659,264,1953,1608,3297,4,2164,789
6,paraclone2,1344,110,108,1635560971_77875.png,1635560971_77875_gfp.png,1635560971_77875_ph.png,217,1103,327,1211,481,3056,591,3164,264,1953,1608,3297,4,2165,789
6,paraclone2,1344,110,108,1635560973_045986.png,1635560973_045986_gfp.png,1635560973_045986_ph.png,414,425,524,533,481,3056,591,3164,67,2631,1411,3975,4,2166,790
6,paraclone1,1344,81,103,1635560974_6198678.png,1635560974_6198678_gfp.png,1635560974_6198678_ph.png,1051,537,1132,640,1331,2556,1412,2659,280,2019,1624,3363,4,2167,791
6,paraclone2,1344,110,108,1635560974_6198678.png,1635560974_6198678_gfp.png,1635560974_6198678_ph.png,201,1037,311,1145,481,3056,591,3164,280,2019,1624,3363,4,2168,791
6,paraclone2,1344,110,108,1635560976_02656.png,1635560976_02656_gfp.png,1635560976_02656_ph.png,481,1127,591,1235,481,3056,591,3164,0,1929,1344,3273,4,2169,792
6,paraclone2,1344,110,108,1635560977_271271.png,1635560977_271271_gfp.png,1635560977_271271_ph.png,481,1029,591,1137,481,3056,591,3164,0,2027,1344,3371,4,2170,793
6,paraclone1,1344,81,103,1635560978_519188.png,1635560978_519188_gfp.png,1635560978_519188_ph.png,918,592,999,695,1331,2556,1412,2659,413,1964,1757,3308,4,2171,794
6,paraclone2,1344,110,108,1635560978_519188.png,1635560978_519188_gfp.png,1635560978_519188_ph.png,68,1092,178,1200,481,3056,591,3164,413,1964,1757,3308,4,2172,794
6,paraclone2,1344,110,108,1635560979_743996.png,1635560979_743996_gfp.png,1635560979_743996_ph.png,481,72,591,180,481,3056,591,3164,0,2984,1344,4328,4,2173,795
6,paraclone2,1344,110,108,1635560980_975172.png,1635560980_975172_gfp.png,1635560980_975172_ph.png,481,178,591,286,481,3056,591,3164,0,2878,1344,4222,4,2174,796
6,paraclone2,1344,110,108,1635560982_2042189.png,1635560982_2042189_gfp.png,1635560982_2042189_ph.png,481,428,591,536,481,3056,591,3164,0,2628,1344,3972,4,2175,797
6,paraclone2,1344,110,108,1635560983_435484.png,1635560983_435484_gfp.png,1635560983_435484_ph.png,481,873,591,981,481,3056,591,3164,0,2183,1344,3527,4,2176,798
6,paraclone2,1344,110,108,1635560984_664733.png,1635560984_664733_gfp.png,1635560984_664733_ph.png,481,896,591,1004,481,3056,591,3164,0,2160,1344,3504,4,2177,799
6,paraclone3,1344,62,80,1635560985_92021.png,1635560985_92021_gfp.png,1635560985_92021_ph.png,592,753,654,833,5364,3796,5426,3876,4772,3043,6116,4387,4,2178,800
6,paraclone18,1344,51,54,1635560985_92021.png,1635560985_92021_gfp.png,1635560985_92021_ph.png,484,996,535,1050,5256,4039,5307,4093,4772,3043,6116,4387,4,2179,800
6,paraclone3,1344,62,80,1635560987_143483.png,1635560987_143483_gfp.png,1635560987_143483_ph.png,621,1090,683,1170,5364,3796,5426,3876,4743,2706,6087,4050,4,2180,801
6,paraclone3,1344,62,80,1635560988_365091.png,1635560988_365091_gfp.png,1635560988_365091_ph.png,892,1219,954,1299,5364,3796,5426,3876,4472,2577,5816,3921,4,2181,802
6,meroclone2,1344,85,67,1635560988_365091.png,1635560988_365091_gfp.png,1635560988_365091_ph.png,229,322,314,389,4701,2899,4786,2966,4472,2577,5816,3921,4,2182,802
6,paraclone16,1344,62,58,1635560988_365091.png,1635560988_365091_gfp.png,1635560988_365091_ph.png,33,969,95,1027,4505,3546,4567,3604,4472,2577,5816,3921,4,2183,802
6,paraclone20,1344,44,51,1635560988_365091.png,1635560988_365091_gfp.png,1635560988_365091_ph.png,12,299,56,350,4484,2876,4528,2927,4472,2577,5816,3921,4,2184,802
6,paraclone3,1344,62,80,1635560989_591817.png,1635560989_591817_gfp.png,1635560989_591817_ph.png,23,107,85,187,5364,3796,5426,3876,5341,3689,6685,5033,4,2185,803
6,paraclone3,1344,62,80,1635560990_820519.png,1635560990_820519_gfp.png,1635560990_820519_ph.png,156,595,218,675,5364,3796,5426,3876,5208,3201,6552,4545,4,2186,804
6,paraclone18,1344,51,54,1635560990_820519.png,1635560990_820519_gfp.png,1635560990_820519_ph.png,48,838,99,892,5256,4039,5307,4093,5208,3201,6552,4545,4,2187,804
6,paraclone3,1344,62,80,1635560992_041045.png,1635560992_041045_gfp.png,1635560992_041045_ph.png,1274,16,1336,96,5364,3796,5426,3876,4090,3780,5434,5124,4,2188,805
6,paraclone18,1344,51,54,1635560992_041045.png,1635560992_041045_gfp.png,1635560992_041045_ph.png,1166,259,1217,313,5256,4039,5307,4093,4090,3780,5434,5124,4,2189,805
6,paraclone3,1344,62,80,1635560993_262773.png,1635560993_262773_gfp.png,1635560993_262773_ph.png,184,260,246,340,5364,3796,5426,3876,5180,3536,6524,4880,4,2190,806
6,paraclone18,1344,51,54,1635560993_262773.png,1635560993_262773_gfp.png,1635560993_262773_ph.png,76,503,127,557,5256,4039,5307,4093,5180,3536,6524,4880,4,2191,806
6,paraclone3,1344,62,80,1635560994_488322.png,1635560994_488322_gfp.png,1635560994_488322_ph.png,323,878,385,958,5364,3796,5426,3876,5041,2918,6385,4262,4,2192,807
6,paraclone18,1344,51,54,1635560994_488322.png,1635560994_488322_gfp.png,1635560994_488322_ph.png,215,1121,266,1175,5256,4039,5307,4093,5041,2918,6385,4262,4,2193,807
6,paraclone3,1344,62,80,1635560995_7085068.png,1635560995_7085068_gfp.png,1635560995_7085068_ph.png,706,279,768,359,5364,3796,5426,3876,4658,3517,6002,4861,4,2194,808
6,paraclone18,1344,51,54,1635560995_7085068.png,1635560995_7085068_gfp.png,1635560995_7085068_ph.png,598,522,649,576,5256,4039,5307,4093,4658,3517,6002,4861,4,2195,808
6,paraclone3,1344,62,80,1635560996_927059.png,1635560996_927059_gfp.png,1635560996_927059_ph.png,1128,1155,1190,1235,5364,3796,5426,3876,4236,2641,5580,3985,4,2196,809
6,meroclone2,1344,85,67,1635560996_927059.png,1635560996_927059_gfp.png,1635560996_927059_ph.png,465,258,550,325,4701,2899,4786,2966,4236,2641,5580,3985,4,2197,809
6,paraclone7,1344,60,53,1635560996_927059.png,1635560996_927059_gfp.png,1635560996_927059_ph.png,156,781,216,834,4392,3422,4452,3475,4236,2641,5580,3985,4,2198,809
6,paraclone16,1344,62,58,1635560996_927059.png,1635560996_927059_gfp.png,1635560996_927059_ph.png,269,905,331,963,4505,3546,4567,3604,4236,2641,5580,3985,4,2199,809
6,paraclone19,1344,62,63,1635560996_927059.png,1635560996_927059_gfp.png,1635560996_927059_ph.png,228,558,290,621,4464,3199,4526,3262,4236,2641,5580,3985,4,2200,809
6,paraclone20,1344,44,51,1635560996_927059.png,1635560996_927059_gfp.png,1635560996_927059_ph.png,248,235,292,286,4484,2876,4528,2927,4236,2641,5580,3985,4,2201,809
6,paraclone4,1344,30,40,1635560998_146969.png,1635560998_146969_gfp.png,1635560998_146969_ph.png,1125,595,1155,635,7030,3137,7060,3177,5905,2542,7249,3886,4,2202,810
6,paraclone4,1344,30,40,1635560999_3731809.png,1635560999_3731809_gfp.png,1635560999_3731809_ph.png,695,509,725,549,7030,3137,7060,3177,6335,2628,7679,3972,4,2203,811
6,paraclone4,1344,30,40,1635561000_598745.png,1635561000_598745_gfp.png,1635561000_598745_ph.png,459,86,489,126,7030,3137,7060,3177,6571,3051,7915,4395,4,2204,812
6,paraclone4,1344,30,40,1635561001_821526.png,1635561001_821526_gfp.png,1635561001_821526_ph.png,859,874,889,914,7030,3137,7060,3177,6171,2263,7515,3607,4,2205,813
6,paraclone4,1344,30,40,1635561003_03931.png,1635561003_03931_gfp.png,1635561003_03931_ph.png,1080,638,1110,678,7030,3137,7060,3177,5950,2499,7294,3843,4,2206,814
6,paraclone4,1344,30,40,1635561004_2732081.png,1635561004_2732081_gfp.png,1635561004_2732081_ph.png,462,873,492,913,7030,3137,7060,3177,6568,2264,7912,3608,4,2207,815
6,paraclone4,1344,30,40,1635561005_513311.png,1635561005_513311_gfp.png,1635561005_513311_ph.png,484,545,514,585,7030,3137,7060,3177,6546,2592,7890,3936,4,2208,816
6,paraclone4,1344,30,40,1635561006_7380412.png,1635561006_7380412_gfp.png,1635561006_7380412_ph.png,1011,531,1041,571,7030,3137,7060,3177,6019,2606,7363,3950,4,2209,817
6,paraclone4,1344,30,40,1635561007_9608588.png,1635561007_9608588_gfp.png,1635561007_9608588_ph.png,415,837,445,877,7030,3137,7060,3177,6615,2300,7959,3644,4,2210,818
6,paraclone4,1344,30,40,1635561009_187156.png,1635561009_187156_gfp.png,1635561009_187156_ph.png,1214,881,1244,921,7030,3137,7060,3177,5816,2256,7160,3600,4,2211,819
6,meroclone1,1344,62,54,1635561010_4083881.png,1635561010_4083881_gfp.png,1635561010_4083881_ph.png,141,120,203,174,5189,1806,5251,1860,5048,1686,6392,3030,4,2212,820
6,meroclone1,1344,62,54,1635561011_6251369.png,1635561011_6251369_gfp.png,1635561011_6251369_ph.png,639,404,701,458,5189,1806,5251,1860,4550,1402,5894,2746,4,2213,821
6,meroclone1,1344,62,54,1635561012_836321.png,1635561012_836321_gfp.png,1635561012_836321_ph.png,885,472,947,526,5189,1806,5251,1860,4304,1334,5648,2678,4,2214,822
6,meroclone1,1344,62,54,1635561014_048246.png,1635561014_048246_gfp.png,1635561014_048246_ph.png,1126,421,1188,475,5189,1806,5251,1860,4063,1385,5407,2729,4,2215,823
6,meroclone1,1344,62,54,1635561015_258658.png,1635561015_258658_gfp.png,1635561015_258658_ph.png,184,229,246,283,5189,1806,5251,1860,5005,1577,6349,2921,4,2216,824
6,meroclone1,1344,62,54,1635561016_47577.png,1635561016_47577_gfp.png,1635561016_47577_ph.png,386,387,448,441,5189,1806,5251,1860,4803,1419,6147,2763,4,2217,825
6,meroclone1,1344,62,54,1635561017_696413.png,1635561017_696413_gfp.png,1635561017_696413_ph.png,1086,456,1148,510,5189,1806,5251,1860,4103,1350,5447,2694,4,2218,826
6,meroclone1,1344,62,54,1635561018_90819.png,1635561018_90819_gfp.png,1635561018_90819_ph.png,744,751,806,805,5189,1806,5251,1860,4445,1055,5789,2399,4,2219,827
6,meroclone1,1344,62,54,1635561020_122645.png,1635561020_122645_gfp.png,1635561020_122645_ph.png,903,455,965,509,5189,1806,5251,1860,4286,1351,5630,2695,4,2220,828
6,meroclone1,1344,62,54,1635561021_339177.png,1635561021_339177_gfp.png,1635561021_339177_ph.png,1063,682,1125,736,5189,1806,5251,1860,4126,1124,5470,2468,4,2221,829
6,paraclone5,1344,15,23,1635561022_5523741.png,1635561022_5523741_gfp.png,1635561022_5523741_ph.png,752,453,767,476,3858,2921,3873,2944,3106,2468,4450,3812,4,2222,830
6,paraclone5,1344,15,23,1635561023_76996.png,1635561023_76996_gfp.png,1635561023_76996_ph.png,677,539,692,562,3858,2921,3873,2944,3181,2382,4525,3726,4,2223,831
6,paraclone7,1344,60,53,1635561023_76996.png,1635561023_76996_gfp.png,1635561023_76996_ph.png,1211,1040,1271,1093,4392,3422,4452,3475,3181,2382,4525,3726,4,2224,831
6,paraclone5,1344,15,23,1635561024_991149.png,1635561024_991149_gfp.png,1635561024_991149_ph.png,750,705,765,728,3858,2921,3873,2944,3108,2216,4452,3560,4,2225,832
6,paraclone7,1344,60,53,1635561024_991149.png,1635561024_991149_gfp.png,1635561024_991149_ph.png,1284,1206,1344,1259,4392,3422,4452,3475,3108,2216,4452,3560,4,2226,832
6,paraclone5,1344,15,23,1635561026_203222.png,1635561026_203222_gfp.png,1635561026_203222_ph.png,286,874,301,897,3858,2921,3873,2944,3572,2047,4916,3391,4,2227,833
6,meroclone2,1344,85,67,1635561026_203222.png,1635561026_203222_gfp.png,1635561026_203222_ph.png,1129,852,1214,919,4701,2899,4786,2966,3572,2047,4916,3391,4,2228,833
6,paraclone19,1344,62,63,1635561026_203222.png,1635561026_203222_gfp.png,1635561026_203222_ph.png,892,1152,954,1215,4464,3199,4526,3262,3572,2047,4916,3391,4,2229,833
6,paraclone20,1344,44,51,1635561026_203222.png,1635561026_203222_gfp.png,1635561026_203222_ph.png,912,829,956,880,4484,2876,4528,2927,3572,2047,4916,3391,4,2230,833
6,paraclone5,1344,15,23,1635561027_441293.png,1635561027_441293_gfp.png,1635561027_441293_ph.png,1134,984,1149,1007,3858,2921,3873,2944,2724,1937,4068,3281,4,2231,834
6,paraclone5,1344,15,23,1635561028_681725.png,1635561028_681725_gfp.png,1635561028_681725_ph.png,80,1059,95,1082,3858,2921,3873,2944,3778,1862,5122,3206,4,2232,835
6,meroclone2,1344,85,67,1635561028_681725.png,1635561028_681725_gfp.png,1635561028_681725_ph.png,923,1037,1008,1104,4701,2899,4786,2966,3778,1862,5122,3206,4,2233,835
6,paraclone20,1344,44,51,1635561028_681725.png,1635561028_681725_gfp.png,1635561028_681725_ph.png,706,1014,750,1065,4484,2876,4528,2927,3778,1862,5122,3206,4,2234,835
6,paraclone5,1344,15,23,1635561029_894719.png,1635561029_894719_gfp.png,1635561029_894719_ph.png,870,1009,885,1032,3858,2921,3873,2944,2988,1912,4332,3256,4,2235,836
6,paraclone5,1344,15,23,1635561031_112045.png,1635561031_112045_gfp.png,1635561031_112045_ph.png,204,1056,219,1079,3858,2921,3873,2944,3654,1865,4998,3209,4,2236,837
6,meroclone2,1344,85,67,1635561031_112045.png,1635561031_112045_gfp.png,1635561031_112045_ph.png,1047,1034,1132,1101,4701,2899,4786,2966,3654,1865,4998,3209,4,2237,837
6,paraclone20,1344,44,51,1635561031_112045.png,1635561031_112045_gfp.png,1635561031_112045_ph.png,830,1011,874,1062,4484,2876,4528,2927,3654,1865,4998,3209,4,2238,837
6,paraclone5,1344,15,23,1635561032_3292859.png,1635561032_3292859_gfp.png,1635561032_3292859_ph.png,476,592,491,615,3858,2921,3873,2944,3382,2329,4726,3673,4,2239,838
6,paraclone7,1344,60,53,1635561032_3292859.png,1635561032_3292859_gfp.png,1635561032_3292859_ph.png,1010,1093,1070,1146,4392,3422,4452,3475,3382,2329,4726,3673,4,2240,838
6,paraclone16,1344,62,58,1635561032_3292859.png,1635561032_3292859_gfp.png,1635561032_3292859_ph.png,1123,1217,1185,1275,4505,3546,4567,3604,3382,2329,4726,3673,4,2241,838
6,paraclone19,1344,62,63,1635561032_3292859.png,1635561032_3292859_gfp.png,1635561032_3292859_ph.png,1082,870,1144,933,4464,3199,4526,3262,3382,2329,4726,3673,4,2242,838
6,paraclone20,1344,44,51,1635561032_3292859.png,1635561032_3292859_gfp.png,1635561032_3292859_ph.png,1102,547,1146,598,4484,2876,4528,2927,3382,2329,4726,3673,4,2243,838
6,paraclone5,1344,15,23,1635561033_5433831.png,1635561033_5433831_gfp.png,1635561033_5433831_ph.png,886,906,901,929,3858,2921,3873,2944,2972,2015,4316,3359,4,2244,839
6,paraclone5,1344,15,23,1635561034_756585.png,1635561034_756585_gfp.png,1635561034_756585_ph.png,95,312,110,335,3858,2921,3873,2944,3763,2609,5107,3953,4,2245,840
6,meroclone2,1344,85,67,1635561034_756585.png,1635561034_756585_gfp.png,1635561034_756585_ph.png,938,290,1023,357,4701,2899,4786,2966,3763,2609,5107,3953,4,2246,840
6,paraclone7,1344,60,53,1635561034_756585.png,1635561034_756585_gfp.png,1635561034_756585_ph.png,629,813,689,866,4392,3422,4452,3475,3763,2609,5107,3953,4,2247,840
6,paraclone16,1344,62,58,1635561034_756585.png,1635561034_756585_gfp.png,1635561034_756585_ph.png,742,937,804,995,4505,3546,4567,3604,3763,2609,5107,3953,4,2248,840
6,paraclone19,1344,62,63,1635561034_756585.png,1635561034_756585_gfp.png,1635561034_756585_ph.png,701,590,763,653,4464,3199,4526,3262,3763,2609,5107,3953,4,2249,840
6,paraclone20,1344,44,51,1635561034_756585.png,1635561034_756585_gfp.png,1635561034_756585_ph.png,721,267,765,318,4484,2876,4528,2927,3763,2609,5107,3953,4,2250,840
6,paraclone5,1344,15,23,1635561035_97956.png,1635561035_97956_gfp.png,1635561035_97956_ph.png,115,956,130,979,3858,2921,3873,2944,3743,1965,5087,3309,4,2251,841
6,meroclone2,1344,85,67,1635561035_97956.png,1635561035_97956_gfp.png,1635561035_97956_ph.png,958,934,1043,1001,4701,2899,4786,2966,3743,1965,5087,3309,4,2252,841
6,paraclone19,1344,62,63,1635561035_97956.png,1635561035_97956_gfp.png,1635561035_97956_ph.png,721,1234,783,1297,4464,3199,4526,3262,3743,1965,5087,3309,4,2253,841
6,paraclone20,1344,44,51,1635561035_97956.png,1635561035_97956_gfp.png,1635561035_97956_ph.png,741,911,785,962,4484,2876,4528,2927,3743,1965,5087,3309,4,2254,841
6,paraclone5,1344,15,23,1635561037_1913111.png,1635561037_1913111_gfp.png,1635561037_1913111_ph.png,317,291,332,314,3858,2921,3873,2944,3541,2630,4885,3974,4,2255,842
6,meroclone2,1344,85,67,1635561037_1913111.png,1635561037_1913111_gfp.png,1635561037_1913111_ph.png,1160,269,1245,336,4701,2899,4786,2966,3541,2630,4885,3974,4,2256,842
6,paraclone7,1344,60,53,1635561037_1913111.png,1635561037_1913111_gfp.png,1635561037_1913111_ph.png,851,792,911,845,4392,3422,4452,3475,3541,2630,4885,3974,4,2257,842
6,paraclone16,1344,62,58,1635561037_1913111.png,1635561037_1913111_gfp.png,1635561037_1913111_ph.png,964,916,1026,974,4505,3546,4567,3604,3541,2630,4885,3974,4,2258,842
6,paraclone19,1344,62,63,1635561037_1913111.png,1635561037_1913111_gfp.png,1635561037_1913111_ph.png,923,569,985,632,4464,3199,4526,3262,3541,2630,4885,3974,4,2259,842
6,paraclone20,1344,44,51,1635561037_1913111.png,1635561037_1913111_gfp.png,1635561037_1913111_ph.png,943,246,987,297,4484,2876,4528,2927,3541,2630,4885,3974,4,2260,842
6,paraclone5,1344,15,23,1635561038_4076061.png,1635561038_4076061_gfp.png,1635561038_4076061_ph.png,281,625,296,648,3858,2921,3873,2944,3577,2296,4921,3640,4,2261,843
6,meroclone2,1344,85,67,1635561038_4076061.png,1635561038_4076061_gfp.png,1635561038_4076061_ph.png,1124,603,1209,670,4701,2899,4786,2966,3577,2296,4921,3640,4,2262,843
6,paraclone7,1344,60,53,1635561038_4076061.png,1635561038_4076061_gfp.png,1635561038_4076061_ph.png,815,1126,875,1179,4392,3422,4452,3475,3577,2296,4921,3640,4,2263,843
6,paraclone16,1344,62,58,1635561038_4076061.png,1635561038_4076061_gfp.png,1635561038_4076061_ph.png,928,1250,990,1308,4505,3546,4567,3604,3577,2296,4921,3640,4,2264,843
6,paraclone19,1344,62,63,1635561038_4076061.png,1635561038_4076061_gfp.png,1635561038_4076061_ph.png,887,903,949,966,4464,3199,4526,3262,3577,2296,4921,3640,4,2265,843
6,paraclone20,1344,44,51,1635561038_4076061.png,1635561038_4076061_gfp.png,1635561038_4076061_ph.png,907,580,951,631,4484,2876,4528,2927,3577,2296,4921,3640,4,2266,843
6,paraclone3,1344,62,80,1635561039_622998.png,1635561039_622998_gfp.png,1635561039_622998_ph.png,825,915,887,995,5364,3796,5426,3876,4539,2881,5883,4225,4,2267,844
6,meroclone2,1344,85,67,1635561039_622998.png,1635561039_622998_gfp.png,1635561039_622998_ph.png,162,18,247,85,4701,2899,4786,2966,4539,2881,5883,4225,4,2268,844
6,paraclone18,1344,51,54,1635561039_622998.png,1635561039_622998_gfp.png,1635561039_622998_ph.png,717,1158,768,1212,5256,4039,5307,4093,4539,2881,5883,4225,4,2269,844
6,meroclone2,1344,85,67,1635561040_841988.png,1635561040_841988_gfp.png,1635561040_841988_ph.png,676,97,761,164,4701,2899,4786,2966,4025,2802,5369,4146,4,2270,845
6,paraclone7,1344,60,53,1635561040_841988.png,1635561040_841988_gfp.png,1635561040_841988_ph.png,367,620,427,673,4392,3422,4452,3475,4025,2802,5369,4146,4,2271,845
6,paraclone16,1344,62,58,1635561040_841988.png,1635561040_841988_gfp.png,1635561040_841988_ph.png,480,744,542,802,4505,3546,4567,3604,4025,2802,5369,4146,4,2272,845
6,paraclone18,1344,51,54,1635561040_841988.png,1635561040_841988_gfp.png,1635561040_841988_ph.png,1231,1237,1282,1291,5256,4039,5307,4093,4025,2802,5369,4146,4,2273,845
6,paraclone19,1344,62,63,1635561040_841988.png,1635561040_841988_gfp.png,1635561040_841988_ph.png,439,397,501,460,4464,3199,4526,3262,4025,2802,5369,4146,4,2274,845
6,paraclone20,1344,44,51,1635561040_841988.png,1635561040_841988_gfp.png,1635561040_841988_ph.png,459,74,503,125,4484,2876,4528,2927,4025,2802,5369,4146,4,2275,845
6,meroclone2,1344,85,67,1635561042_061887.png,1635561042_061887_gfp.png,1635561042_061887_ph.png,542,417,627,484,4701,2899,4786,2966,4159,2482,5503,3826,4,2276,846
6,paraclone7,1344,60,53,1635561042_061887.png,1635561042_061887_gfp.png,1635561042_061887_ph.png,233,940,293,993,4392,3422,4452,3475,4159,2482,5503,3826,4,2277,846
6,paraclone16,1344,62,58,1635561042_061887.png,1635561042_061887_gfp.png,1635561042_061887_ph.png,346,1064,408,1122,4505,3546,4567,3604,4159,2482,5503,3826,4,2278,846
6,paraclone19,1344,62,63,1635561042_061887.png,1635561042_061887_gfp.png,1635561042_061887_ph.png,305,717,367,780,4464,3199,4526,3262,4159,2482,5503,3826,4,2279,846
6,paraclone20,1344,44,51,1635561042_061887.png,1635561042_061887_gfp.png,1635561042_061887_ph.png,325,394,369,445,4484,2876,4528,2927,4159,2482,5503,3826,4,2280,846
6,meroclone1,1344,62,54,1635561043_2750778.png,1635561043_2750778_gfp.png,1635561043_2750778_ph.png,527,44,589,98,5189,1806,5251,1860,4662,1762,6006,3106,4,2281,847
6,meroclone2,1344,85,67,1635561043_2750778.png,1635561043_2750778_gfp.png,1635561043_2750778_ph.png,39,1137,124,1204,4701,2899,4786,2966,4662,1762,6006,3106,4,2282,847
6,meroclone2,1344,85,67,1635561044_4960089.png,1635561044_4960089_gfp.png,1635561044_4960089_ph.png,842,547,927,614,4701,2899,4786,2966,3859,2352,5203,3696,4,2283,848
6,paraclone7,1344,60,53,1635561044_4960089.png,1635561044_4960089_gfp.png,1635561044_4960089_ph.png,533,1070,593,1123,4392,3422,4452,3475,3859,2352,5203,3696,4,2284,848
6,paraclone16,1344,62,58,1635561044_4960089.png,1635561044_4960089_gfp.png,1635561044_4960089_ph.png,646,1194,708,1252,4505,3546,4567,3604,3859,2352,5203,3696,4,2285,848
6,paraclone19,1344,62,63,1635561044_4960089.png,1635561044_4960089_gfp.png,1635561044_4960089_ph.png,605,847,667,910,4464,3199,4526,3262,3859,2352,5203,3696,4,2286,848
6,paraclone20,1344,44,51,1635561044_4960089.png,1635561044_4960089_gfp.png,1635561044_4960089_ph.png,625,524,669,575,4484,2876,4528,2927,3859,2352,5203,3696,4,2287,848
6,meroclone1,1344,62,54,1635561045_7095838.png,1635561045_7095838_gfp.png,1635561045_7095838_ph.png,651,177,713,231,5189,1806,5251,1860,4538,1629,5882,2973,4,2288,849
6,meroclone2,1344,85,67,1635561045_7095838.png,1635561045_7095838_gfp.png,1635561045_7095838_ph.png,163,1270,248,1337,4701,2899,4786,2966,4538,1629,5882,2973,4,2289,849
6,paraclone6,1344,62,75,1635561046_9248.png,1635561046_9248_gfp.png,1635561046_9248_ph.png,77,135,139,210,77,1605,139,1680,0,1470,1344,2814,4,2290,850
6,paraclone6,1344,62,75,1635561048_151708.png,1635561048_151708_gfp.png,1635561048_151708_ph.png,77,413,139,488,77,1605,139,1680,0,1192,1344,2536,4,2291,851
6,paraclone6,1344,62,75,1635561049_377111.png,1635561049_377111_gfp.png,1635561049_377111_ph.png,77,333,139,408,77,1605,139,1680,0,1272,1344,2616,4,2292,852
6,paraclone6,1344,62,75,1635561050_606564.png,1635561050_606564_gfp.png,1635561050_606564_ph.png,46,56,108,131,77,1605,139,1680,31,1549,1375,2893,4,2293,853
6,paraclone6,1344,62,75,1635561051_840946.png,1635561051_840946_gfp.png,1635561051_840946_ph.png,77,228,139,303,77,1605,139,1680,0,1377,1344,2721,4,2294,854
6,paraclone6,1344,62,75,1635561053_066507.png,1635561053_066507_gfp.png,1635561053_066507_ph.png,77,283,139,358,77,1605,139,1680,0,1322,1344,2666,4,2295,855
6,paraclone6,1344,62,75,1635561054_3143628.png,1635561054_3143628_gfp.png,1635561054_3143628_ph.png,77,1215,139,1290,77,1605,139,1680,0,390,1344,1734,4,2296,856
6,paraclone11,1344,57,78,1635561054_3143628.png,1635561054_3143628_gfp.png,1635561054_3143628_ph.png,1267,598,1324,676,1267,988,1324,1066,0,390,1344,1734,4,2297,856
6,paraclone6,1344,62,75,1635561055_569064.png,1635561055_569064_gfp.png,1635561055_569064_ph.png,77,320,139,395,77,1605,139,1680,0,1285,1344,2629,4,2298,857
6,paraclone6,1344,62,75,1635561056_791839.png,1635561056_791839_gfp.png,1635561056_791839_ph.png,77,1264,139,1339,77,1605,139,1680,0,341,1344,1685,4,2299,858
6,paraclone11,1344,57,78,1635561056_791839.png,1635561056_791839_gfp.png,1635561056_791839_ph.png,1267,647,1324,725,1267,988,1324,1066,0,341,1344,1685,4,2300,858
6,paraclone6,1344,62,75,1635561058_034436.png,1635561058_034436_gfp.png,1635561058_034436_ph.png,77,693,139,768,77,1605,139,1680,0,912,1344,2256,4,2301,859
6,paraclone11,1344,57,78,1635561058_034436.png,1635561058_034436_gfp.png,1635561058_034436_ph.png,1267,76,1324,154,1267,988,1324,1066,0,912,1344,2256,4,2302,859
6,holoclone3,1344,130,125,1635561059_261296.png,1635561059_261296_gfp.png,1635561059_261296_ph.png,422,1209,552,1334,2796,5052,2926,5177,2374,3843,3718,5187,4,2303,860
6,meroclone3,1344,36,44,1635561059_261296.png,1635561059_261296_gfp.png,1635561059_261296_ph.png,1182,594,1218,638,3556,4437,3592,4481,2374,3843,3718,5187,4,2304,860
6,holoclone3,1344,130,125,1635561060_5215518.png,1635561060_5215518_gfp.png,1635561060_5215518_ph.png,378,1214,508,1339,2796,5052,2926,5177,2418,3838,3762,5182,4,2305,861
6,meroclone3,1344,36,44,1635561060_5215518.png,1635561060_5215518_gfp.png,1635561060_5215518_ph.png,1138,599,1174,643,3556,4437,3592,4481,2418,3838,3762,5182,4,2306,861
6,holoclone3,1344,130,125,1635561061_7400162.png,1635561061_7400162_gfp.png,1635561061_7400162_ph.png,1133,561,1263,686,2796,5052,2926,5177,1663,4491,3007,5835,4,2307,862
6,paraclone17,1344,67,64,1635561061_7400162.png,1635561061_7400162_gfp.png,1635561061_7400162_ph.png,1190,845,1257,909,2853,5336,2920,5400,1663,4491,3007,5835,4,2308,862
6,holoclone3,1344,130,125,1635561062_981354.png,1635561062_981354_gfp.png,1635561062_981354_ph.png,152,139,282,264,2796,5052,2926,5177,2644,4913,3988,6257,4,2309,863
6,paraclone17,1344,67,64,1635561062_981354.png,1635561062_981354_gfp.png,1635561062_981354_ph.png,209,423,276,487,2853,5336,2920,5400,2644,4913,3988,6257,4,2310,863
6,holoclone3,1344,130,125,1635561064_200477.png,1635561064_200477_gfp.png,1635561064_200477_ph.png,705,1082,835,1207,2796,5052,2926,5177,2091,3970,3435,5314,4,2311,864
6,holoclone3,1344,130,125,1635561065_415034.png,1635561065_415034_gfp.png,1635561065_415034_ph.png,1183,51,1313,176,2796,5052,2926,5177,1613,5001,2957,6345,4,2312,865
6,paraclone17,1344,67,64,1635561065_415034.png,1635561065_415034_gfp.png,1635561065_415034_ph.png,1240,335,1307,399,2853,5336,2920,5400,1613,5001,2957,6345,4,2313,865
6,holoclone3,1344,130,125,1635561066_641985.png,1635561066_641985_gfp.png,1635561066_641985_ph.png,708,456,838,581,2796,5052,2926,5177,2088,4596,3432,5940,4,2314,866
6,paraclone17,1344,67,64,1635561066_641985.png,1635561066_641985_gfp.png,1635561066_641985_ph.png,765,740,832,804,2853,5336,2920,5400,2088,4596,3432,5940,4,2315,866
6,holoclone3,1344,130,125,1635561067_862089.png,1635561067_862089_gfp.png,1635561067_862089_ph.png,417,656,547,781,2796,5052,2926,5177,2379,4396,3723,5740,4,2316,867
6,meroclone3,1344,36,44,1635561067_862089.png,1635561067_862089_gfp.png,1635561067_862089_ph.png,1177,41,1213,85,3556,4437,3592,4481,2379,4396,3723,5740,4,2317,867
6,paraclone17,1344,67,64,1635561067_862089.png,1635561067_862089_gfp.png,1635561067_862089_ph.png,474,940,541,1004,2853,5336,2920,5400,2379,4396,3723,5740,4,2318,867
6,holoclone3,1344,130,125,1635561069_08098.png,1635561069_08098_gfp.png,1635561069_08098_ph.png,70,457,200,582,2796,5052,2926,5177,2726,4595,4070,5939,4,2319,868
6,paraclone17,1344,67,64,1635561069_08098.png,1635561069_08098_gfp.png,1635561069_08098_ph.png,127,741,194,805,2853,5336,2920,5400,2726,4595,4070,5939,4,2320,868
6,holoclone3,1344,130,125,1635561070_309665.png,1635561070_309665_gfp.png,1635561070_309665_ph.png,118,1002,248,1127,2796,5052,2926,5177,2678,4050,4022,5394,4,2321,869
6,meroclone3,1344,36,44,1635561070_309665.png,1635561070_309665_gfp.png,1635561070_309665_ph.png,878,387,914,431,3556,4437,3592,4481,2678,4050,4022,5394,4,2322,869
6,paraclone10,1344,111,113,1635561070_309665.png,1635561070_309665_gfp.png,1635561070_309665_ph.png,1048,431,1159,544,3726,4481,3837,4594,2678,4050,4022,5394,4,2323,869
6,paraclone7,1344,60,53,1635561071_5238929.png,1635561071_5238929_gfp.png,1635561071_5238929_ph.png,698,211,758,264,4392,3422,4452,3475,3694,3211,5038,4555,4,2324,870
6,paraclone8,1344,77,75,1635561071_5238929.png,1635561071_5238929_gfp.png,1635561071_5238929_ph.png,390,1233,467,1308,4084,4444,4161,4519,3694,3211,5038,4555,4,2325,870
6,paraclone16,1344,62,58,1635561071_5238929.png,1635561071_5238929_gfp.png,1635561071_5238929_ph.png,811,335,873,393,4505,3546,4567,3604,3694,3211,5038,4555,4,2326,870
6,paraclone5,1344,15,23,1635561072_737728.png,1635561072_737728_gfp.png,1635561072_737728_ph.png,390,566,405,589,3858,2921,3873,2944,3468,2355,4812,3699,4,2327,871
6,meroclone2,1344,85,67,1635561072_737728.png,1635561072_737728_gfp.png,1635561072_737728_ph.png,1233,544,1318,611,4701,2899,4786,2966,3468,2355,4812,3699,4,2328,871
6,paraclone7,1344,60,53,1635561072_737728.png,1635561072_737728_gfp.png,1635561072_737728_ph.png,924,1067,984,1120,4392,3422,4452,3475,3468,2355,4812,3699,4,2329,871
6,paraclone16,1344,62,58,1635561072_737728.png,1635561072_737728_gfp.png,1635561072_737728_ph.png,1037,1191,1099,1249,4505,3546,4567,3604,3468,2355,4812,3699,4,2330,871
6,paraclone19,1344,62,63,1635561072_737728.png,1635561072_737728_gfp.png,1635561072_737728_ph.png,996,844,1058,907,4464,3199,4526,3262,3468,2355,4812,3699,4,2331,871
6,paraclone20,1344,44,51,1635561072_737728.png,1635561072_737728_gfp.png,1635561072_737728_ph.png,1016,521,1060,572,4484,2876,4528,2927,3468,2355,4812,3699,4,2332,871
6,paraclone3,1344,62,80,1635561073_9496992.png,1635561073_9496992_gfp.png,1635561073_9496992_ph.png,1112,854,1174,934,5364,3796,5426,3876,4252,2942,5596,4286,4,2333,872
6,paraclone7,1344,60,53,1635561073_9496992.png,1635561073_9496992_gfp.png,1635561073_9496992_ph.png,140,480,200,533,4392,3422,4452,3475,4252,2942,5596,4286,4,2334,872
6,paraclone16,1344,62,58,1635561073_9496992.png,1635561073_9496992_gfp.png,1635561073_9496992_ph.png,253,604,315,662,4505,3546,4567,3604,4252,2942,5596,4286,4,2335,872
6,paraclone18,1344,51,54,1635561073_9496992.png,1635561073_9496992_gfp.png,1635561073_9496992_ph.png,1004,1097,1055,1151,5256,4039,5307,4093,4252,2942,5596,4286,4,2336,872
6,paraclone19,1344,62,63,1635561073_9496992.png,1635561073_9496992_gfp.png,1635561073_9496992_ph.png,212,257,274,320,4464,3199,4526,3262,4252,2942,5596,4286,4,2337,872
6,paraclone3,1344,62,80,1635561075_314977.png,1635561075_314977_gfp.png,1635561075_314977_ph.png,1090,538,1152,618,5364,3796,5426,3876,4274,3258,5618,4602,4,2338,873
6,paraclone7,1344,60,53,1635561075_314977.png,1635561075_314977_gfp.png,1635561075_314977_ph.png,118,164,178,217,4392,3422,4452,3475,4274,3258,5618,4602,4,2339,873
6,paraclone16,1344,62,58,1635561075_314977.png,1635561075_314977_gfp.png,1635561075_314977_ph.png,231,288,293,346,4505,3546,4567,3604,4274,3258,5618,4602,4,2340,873
6,paraclone18,1344,51,54,1635561075_314977.png,1635561075_314977_gfp.png,1635561075_314977_ph.png,982,781,1033,835,5256,4039,5307,4093,4274,3258,5618,4602,4,2341,873
6,paraclone7,1344,60,53,1635561076_726654.png,1635561076_726654_gfp.png,1635561076_726654_ph.png,728,280,788,333,4392,3422,4452,3475,3664,3142,5008,4486,4,2342,874
6,paraclone16,1344,62,58,1635561076_726654.png,1635561076_726654_gfp.png,1635561076_726654_ph.png,841,404,903,462,4505,3546,4567,3604,3664,3142,5008,4486,4,2343,874
6,paraclone19,1344,62,63,1635561076_726654.png,1635561076_726654_gfp.png,1635561076_726654_ph.png,800,57,862,120,4464,3199,4526,3262,3664,3142,5008,4486,4,2344,874
6,meroclone2,1344,85,67,1635561077_986572.png,1635561077_986572_gfp.png,1635561077_986572_ph.png,838,514,923,581,4701,2899,4786,2966,3863,2385,5207,3729,4,2345,875
6,paraclone7,1344,60,53,1635561077_986572.png,1635561077_986572_gfp.png,1635561077_986572_ph.png,529,1037,589,1090,4392,3422,4452,3475,3863,2385,5207,3729,4,2346,875
6,paraclone16,1344,62,58,1635561077_986572.png,1635561077_986572_gfp.png,1635561077_986572_ph.png,642,1161,704,1219,4505,3546,4567,3604,3863,2385,5207,3729,4,2347,875
6,paraclone19,1344,62,63,1635561077_986572.png,1635561077_986572_gfp.png,1635561077_986572_ph.png,601,814,663,877,4464,3199,4526,3262,3863,2385,5207,3729,4,2348,875
6,paraclone20,1344,44,51,1635561077_986572.png,1635561077_986572_gfp.png,1635561077_986572_ph.png,621,491,665,542,4484,2876,4528,2927,3863,2385,5207,3729,4,2349,875
6,paraclone7,1344,60,53,1635561079_201633.png,1635561079_201633_gfp.png,1635561079_201633_ph.png,1219,232,1279,285,4392,3422,4452,3475,3173,3190,4517,4534,4,2350,876
6,paraclone8,1344,77,75,1635561079_201633.png,1635561079_201633_gfp.png,1635561079_201633_ph.png,911,1254,988,1329,4084,4444,4161,4519,3173,3190,4517,4534,4,2351,876
6,meroclone3,1344,36,44,1635561079_201633.png,1635561079_201633_gfp.png,1635561079_201633_ph.png,383,1247,419,1291,3556,4437,3592,4481,3173,3190,4517,4534,4,2352,876
6,meroclone2,1344,85,67,1635561080_420278.png,1635561080_420278_gfp.png,1635561080_420278_ph.png,730,1,815,68,4701,2899,4786,2966,3971,2898,5315,4242,4,2353,877
6,paraclone7,1344,60,53,1635561080_420278.png,1635561080_420278_gfp.png,1635561080_420278_ph.png,421,524,481,577,4392,3422,4452,3475,3971,2898,5315,4242,4,2354,877
6,paraclone16,1344,62,58,1635561080_420278.png,1635561080_420278_gfp.png,1635561080_420278_ph.png,534,648,596,706,4505,3546,4567,3604,3971,2898,5315,4242,4,2355,877
6,paraclone18,1344,51,54,1635561080_420278.png,1635561080_420278_gfp.png,1635561080_420278_ph.png,1285,1141,1336,1195,5256,4039,5307,4093,3971,2898,5315,4242,4,2356,877
6,paraclone19,1344,62,63,1635561080_420278.png,1635561080_420278_gfp.png,1635561080_420278_ph.png,493,301,555,364,4464,3199,4526,3262,3971,2898,5315,4242,4,2357,877
6,paraclone3,1344,62,80,1635561081_635585.png,1635561081_635585_gfp.png,1635561081_635585_ph.png,1202,944,1264,1024,5364,3796,5426,3876,4162,2852,5506,4196,4,2358,878
6,meroclone2,1344,85,67,1635561081_635585.png,1635561081_635585_gfp.png,1635561081_635585_ph.png,539,47,624,114,4701,2899,4786,2966,4162,2852,5506,4196,4,2359,878
6,paraclone7,1344,60,53,1635561081_635585.png,1635561081_635585_gfp.png,1635561081_635585_ph.png,230,570,290,623,4392,3422,4452,3475,4162,2852,5506,4196,4,2360,878
6,paraclone16,1344,62,58,1635561081_635585.png,1635561081_635585_gfp.png,1635561081_635585_ph.png,343,694,405,752,4505,3546,4567,3604,4162,2852,5506,4196,4,2361,878
6,paraclone18,1344,51,54,1635561081_635585.png,1635561081_635585_gfp.png,1635561081_635585_ph.png,1094,1187,1145,1241,5256,4039,5307,4093,4162,2852,5506,4196,4,2362,878
6,paraclone19,1344,62,63,1635561081_635585.png,1635561081_635585_gfp.png,1635561081_635585_ph.png,302,347,364,410,4464,3199,4526,3262,4162,2852,5506,4196,4,2363,878
6,paraclone20,1344,44,51,1635561081_635585.png,1635561081_635585_gfp.png,1635561081_635585_ph.png,322,24,366,75,4484,2876,4528,2927,4162,2852,5506,4196,4,2364,878
6,meroclone2,1344,85,67,1635561082_852298.png,1635561082_852298_gfp.png,1635561082_852298_ph.png,568,605,653,672,4701,2899,4786,2966,4133,2294,5477,3638,4,2365,879
6,paraclone7,1344,60,53,1635561082_852298.png,1635561082_852298_gfp.png,1635561082_852298_ph.png,259,1128,319,1181,4392,3422,4452,3475,4133,2294,5477,3638,4,2366,879
6,paraclone16,1344,62,58,1635561082_852298.png,1635561082_852298_gfp.png,1635561082_852298_ph.png,372,1252,434,1310,4505,3546,4567,3604,4133,2294,5477,3638,4,2367,879
6,paraclone19,1344,62,63,1635561082_852298.png,1635561082_852298_gfp.png,1635561082_852298_ph.png,331,905,393,968,4464,3199,4526,3262,4133,2294,5477,3638,4,2368,879
6,paraclone20,1344,44,51,1635561082_852298.png,1635561082_852298_gfp.png,1635561082_852298_ph.png,351,582,395,633,4484,2876,4528,2927,4133,2294,5477,3638,4,2369,879
6,paraclone8,1344,77,75,1635561084_066449.png,1635561084_066449_gfp.png,1635561084_066449_ph.png,842,212,919,287,4084,4444,4161,4519,3242,4232,4586,5576,4,2370,880
6,meroclone3,1344,36,44,1635561084_066449.png,1635561084_066449_gfp.png,1635561084_066449_ph.png,314,205,350,249,3556,4437,3592,4481,3242,4232,4586,5576,4,2371,880
6,paraclone10,1344,111,113,1635561084_066449.png,1635561084_066449_gfp.png,1635561084_066449_ph.png,484,249,595,362,3726,4481,3837,4594,3242,4232,4586,5576,4,2372,880
6,paraclone7,1344,60,53,1635561085_283433.png,1635561085_283433_gfp.png,1635561085_283433_ph.png,1039,89,1099,142,4392,3422,4452,3475,3353,3333,4697,4677,4,2373,881
6,paraclone8,1344,77,75,1635561085_283433.png,1635561085_283433_gfp.png,1635561085_283433_ph.png,731,1111,808,1186,4084,4444,4161,4519,3353,3333,4697,4677,4,2374,881
6,meroclone3,1344,36,44,1635561085_283433.png,1635561085_283433_gfp.png,1635561085_283433_ph.png,203,1104,239,1148,3556,4437,3592,4481,3353,3333,4697,4677,4,2375,881
6,paraclone10,1344,111,113,1635561085_283433.png,1635561085_283433_gfp.png,1635561085_283433_ph.png,373,1148,484,1261,3726,4481,3837,4594,3353,3333,4697,4677,4,2376,881
6,paraclone16,1344,62,58,1635561085_283433.png,1635561085_283433_gfp.png,1635561085_283433_ph.png,1152,213,1214,271,4505,3546,4567,3604,3353,3333,4697,4677,4,2377,881
6,paraclone8,1344,77,75,1635561086_507033.png,1635561086_507033_gfp.png,1635561086_507033_ph.png,1049,1267,1126,1342,4084,4444,4161,4519,3035,3177,4379,4521,4,2378,882
6,meroclone3,1344,36,44,1635561086_507033.png,1635561086_507033_gfp.png,1635561086_507033_ph.png,521,1260,557,1304,3556,4437,3592,4481,3035,3177,4379,4521,4,2379,882
6,paraclone8,1344,77,75,1635561087_7198038.png,1635561087_7198038_gfp.png,1635561087_7198038_ph.png,270,181,347,256,4084,4444,4161,4519,3814,4263,5158,5607,4,2380,883
6,paraclone7,1344,60,53,1635561088_9346151.png,1635561088_9346151_gfp.png,1635561088_9346151_ph.png,386,224,446,277,4392,3422,4452,3475,4006,3198,5350,4542,4,2381,884
6,paraclone8,1344,77,75,1635561088_9346151.png,1635561088_9346151_gfp.png,1635561088_9346151_ph.png,78,1246,155,1321,4084,4444,4161,4519,4006,3198,5350,4542,4,2382,884
6,paraclone16,1344,62,58,1635561088_9346151.png,1635561088_9346151_gfp.png,1635561088_9346151_ph.png,499,348,561,406,4505,3546,4567,3604,4006,3198,5350,4542,4,2383,884
6,paraclone18,1344,51,54,1635561088_9346151.png,1635561088_9346151_gfp.png,1635561088_9346151_ph.png,1250,841,1301,895,5256,4039,5307,4093,4006,3198,5350,4542,4,2384,884
6,paraclone19,1344,62,63,1635561088_9346151.png,1635561088_9346151_gfp.png,1635561088_9346151_ph.png,458,1,520,64,4464,3199,4526,3262,4006,3198,5350,4542,4,2385,884
6,paraclone7,1344,60,53,1635561090_150638.png,1635561090_150638_gfp.png,1635561090_150638_ph.png,569,225,629,278,4392,3422,4452,3475,3823,3197,5167,4541,4,2386,885
6,paraclone8,1344,77,75,1635561090_150638.png,1635561090_150638_gfp.png,1635561090_150638_ph.png,261,1247,338,1322,4084,4444,4161,4519,3823,3197,5167,4541,4,2387,885
6,paraclone16,1344,62,58,1635561090_150638.png,1635561090_150638_gfp.png,1635561090_150638_ph.png,682,349,744,407,4505,3546,4567,3604,3823,3197,5167,4541,4,2388,885
6,paraclone19,1344,62,63,1635561090_150638.png,1635561090_150638_gfp.png,1635561090_150638_ph.png,641,2,703,65,4464,3199,4526,3262,3823,3197,5167,4541,4,2389,885
6,paraclone7,1344,60,53,1635561091_362537.png,1635561091_362537_gfp.png,1635561091_362537_ph.png,402,54,462,107,4392,3422,4452,3475,3990,3368,5334,4712,4,2390,886
6,paraclone8,1344,77,75,1635561091_362537.png,1635561091_362537_gfp.png,1635561091_362537_ph.png,94,1076,171,1151,4084,4444,4161,4519,3990,3368,5334,4712,4,2391,886
6,paraclone16,1344,62,58,1635561091_362537.png,1635561091_362537_gfp.png,1635561091_362537_ph.png,515,178,577,236,4505,3546,4567,3604,3990,3368,5334,4712,4,2392,886
6,paraclone18,1344,51,54,1635561091_362537.png,1635561091_362537_gfp.png,1635561091_362537_ph.png,1266,671,1317,725,5256,4039,5307,4093,3990,3368,5334,4712,4,2393,886
6,paraclone8,1344,77,75,1635561092_574908.png,1635561092_574908_gfp.png,1635561092_574908_ph.png,998,898,1075,973,4084,4444,4161,4519,3086,3546,4430,4890,4,2394,887
6,meroclone3,1344,36,44,1635561092_574908.png,1635561092_574908_gfp.png,1635561092_574908_ph.png,470,891,506,935,3556,4437,3592,4481,3086,3546,4430,4890,4,2395,887
6,paraclone10,1344,111,113,1635561092_574908.png,1635561092_574908_gfp.png,1635561092_574908_ph.png,640,935,751,1048,3726,4481,3837,4594,3086,3546,4430,4890,4,2396,887
6,paraclone7,1344,60,53,1635561093_790076.png,1635561093_790076_gfp.png,1635561093_790076_ph.png,345,5,405,58,4392,3422,4452,3475,4047,3417,5391,4761,4,2397,888
6,paraclone8,1344,77,75,1635561093_790076.png,1635561093_790076_gfp.png,1635561093_790076_ph.png,37,1027,114,1102,4084,4444,4161,4519,4047,3417,5391,4761,4,2398,888
6,paraclone16,1344,62,58,1635561093_790076.png,1635561093_790076_gfp.png,1635561093_790076_ph.png,458,129,520,187,4505,3546,4567,3604,4047,3417,5391,4761,4,2399,888
6,paraclone18,1344,51,54,1635561093_790076.png,1635561093_790076_gfp.png,1635561093_790076_ph.png,1209,622,1260,676,5256,4039,5307,4093,4047,3417,5391,4761,4,2400,888
6,paraclone8,1344,77,75,1635561095_004648.png,1635561095_004648_gfp.png,1635561095_004648_ph.png,1020,931,1097,1006,4084,4444,4161,4519,3064,3513,4408,4857,4,2401,889
6,meroclone3,1344,36,44,1635561095_004648.png,1635561095_004648_gfp.png,1635561095_004648_ph.png,492,924,528,968,3556,4437,3592,4481,3064,3513,4408,4857,4,2402,889
6,paraclone10,1344,111,113,1635561095_004648.png,1635561095_004648_gfp.png,1635561095_004648_ph.png,662,968,773,1081,3726,4481,3837,4594,3064,3513,4408,4857,4,2403,889
6,paraclone8,1344,77,75,1635561096_217907.png,1635561096_217907_gfp.png,1635561096_217907_ph.png,731,1010,808,1085,4084,4444,4161,4519,3353,3434,4697,4778,4,2404,890
6,meroclone3,1344,36,44,1635561096_217907.png,1635561096_217907_gfp.png,1635561096_217907_ph.png,203,1003,239,1047,3556,4437,3592,4481,3353,3434,4697,4778,4,2405,890
6,paraclone10,1344,111,113,1635561096_217907.png,1635561096_217907_gfp.png,1635561096_217907_ph.png,373,1047,484,1160,3726,4481,3837,4594,3353,3434,4697,4778,4,2406,890
6,paraclone16,1344,62,58,1635561096_217907.png,1635561096_217907_gfp.png,1635561096_217907_ph.png,1152,112,1214,170,4505,3546,4567,3604,3353,3434,4697,4778,4,2407,890
6,holoclone3,1344,130,125,1635561097_4308228.png,1635561097_4308228_gfp.png,1635561097_4308228_ph.png,93,1145,223,1270,2796,5052,2926,5177,2703,3907,4047,5251,4,2408,891
6,meroclone3,1344,36,44,1635561097_4308228.png,1635561097_4308228_gfp.png,1635561097_4308228_ph.png,853,530,889,574,3556,4437,3592,4481,2703,3907,4047,5251,4,2409,891
6,paraclone10,1344,111,113,1635561097_4308228.png,1635561097_4308228_gfp.png,1635561097_4308228_ph.png,1023,574,1134,687,3726,4481,3837,4594,2703,3907,4047,5251,4,2410,891
6,meroclone3,1344,36,44,1635561098_6416261.png,1635561098_6416261_gfp.png,1635561098_6416261_ph.png,918,678,954,722,3556,4437,3592,4481,2638,3759,3982,5103,4,2411,892
6,paraclone10,1344,111,113,1635561098_6416261.png,1635561098_6416261_gfp.png,1635561098_6416261_ph.png,1088,722,1199,835,3726,4481,3837,4594,2638,3759,3982,5103,4,2412,892
6,meroclone3,1344,36,44,1635561099_857054.png,1635561099_857054_gfp.png,1635561099_857054_ph.png,1219,1299,1255,1343,3556,4437,3592,4481,2337,3138,3681,4482,4,2413,893
6,paraclone8,1344,77,75,1635561101_068075.png,1635561101_068075_gfp.png,1635561101_068075_ph.png,640,798,717,873,4084,4444,4161,4519,3444,3646,4788,4990,4,2414,894
6,meroclone3,1344,36,44,1635561101_068075.png,1635561101_068075_gfp.png,1635561101_068075_ph.png,112,791,148,835,3556,4437,3592,4481,3444,3646,4788,4990,4,2415,894
6,paraclone10,1344,111,113,1635561101_068075.png,1635561101_068075_gfp.png,1635561101_068075_ph.png,282,835,393,948,3726,4481,3837,4594,3444,3646,4788,4990,4,2416,894
6,holoclone3,1344,130,125,1635561102_279425.png,1635561102_279425_gfp.png,1635561102_279425_ph.png,329,851,459,976,2796,5052,2926,5177,2467,4201,3811,5545,4,2417,895
6,meroclone3,1344,36,44,1635561102_279425.png,1635561102_279425_gfp.png,1635561102_279425_ph.png,1089,236,1125,280,3556,4437,3592,4481,2467,4201,3811,5545,4,2418,895
6,paraclone17,1344,67,64,1635561102_279425.png,1635561102_279425_gfp.png,1635561102_279425_ph.png,386,1135,453,1199,2853,5336,2920,5400,2467,4201,3811,5545,4,2419,895
6,meroclone3,1344,36,44,1635561103_491811.png,1635561103_491811_gfp.png,1635561103_491811_ph.png,849,1280,885,1324,3556,4437,3592,4481,2707,3157,4051,4501,4,2420,896
6,meroclone3,1344,36,44,1635561104_702052.png,1635561104_702052_gfp.png,1635561104_702052_ph.png,1026,876,1062,920,3556,4437,3592,4481,2530,3561,3874,4905,4,2421,897
6,paraclone10,1344,111,113,1635561104_702052.png,1635561104_702052_gfp.png,1635561104_702052_ph.png,1196,920,1307,1033,3726,4481,3837,4594,2530,3561,3874,4905,4,2422,897
6,paraclone8,1344,77,75,1635561105_924321.png,1635561105_924321_gfp.png,1635561105_924321_ph.png,633,546,710,621,4084,4444,4161,4519,3451,3898,4795,5242,4,2423,898
6,meroclone3,1344,36,44,1635561105_924321.png,1635561105_924321_gfp.png,1635561105_924321_ph.png,105,539,141,583,3556,4437,3592,4481,3451,3898,4795,5242,4,2424,898
6,paraclone10,1344,111,113,1635561105_924321.png,1635561105_924321_gfp.png,1635561105_924321_ph.png,275,583,386,696,3726,4481,3837,4594,3451,3898,4795,5242,4,2425,898
6,meroclone3,1344,36,44,1635561107_14095.png,1635561107_14095_gfp.png,1635561107_14095_ph.png,1049,1100,1085,1144,3556,4437,3592,4481,2507,3337,3851,4681,4,2426,899
6,paraclone10,1344,111,113,1635561107_14095.png,1635561107_14095_gfp.png,1635561107_14095_ph.png,1219,1144,1330,1257,3726,4481,3837,4594,2507,3337,3851,4681,4,2427,899
6,paraclone8,1344,77,75,1635561108_35446.png,1635561108_35446_gfp.png,1635561108_35446_ph.png,1079,247,1156,322,4084,4444,4161,4519,3005,4197,4349,5541,4,2428,900
6,meroclone3,1344,36,44,1635561108_35446.png,1635561108_35446_gfp.png,1635561108_35446_ph.png,551,240,587,284,3556,4437,3592,4481,3005,4197,4349,5541,4,2429,900
6,paraclone10,1344,111,113,1635561108_35446.png,1635561108_35446_gfp.png,1635561108_35446_ph.png,721,284,832,397,3726,4481,3837,4594,3005,4197,4349,5541,4,2430,900
6,paraclone8,1344,77,75,1635561109_568488.png,1635561109_568488_gfp.png,1635561109_568488_ph.png,603,460,680,535,4084,4444,4161,4519,3481,3984,4825,5328,4,2431,901
6,meroclone3,1344,36,44,1635561109_568488.png,1635561109_568488_gfp.png,1635561109_568488_ph.png,75,453,111,497,3556,4437,3592,4481,3481,3984,4825,5328,4,2432,901
6,paraclone10,1344,111,113,1635561109_568488.png,1635561109_568488_gfp.png,1635561109_568488_ph.png,245,497,356,610,3726,4481,3837,4594,3481,3984,4825,5328,4,2433,901
6,holoclone3,1344,130,125,1635561110_780092.png,1635561110_780092_gfp.png,1635561110_780092_ph.png,261,1008,391,1133,2796,5052,2926,5177,2535,4044,3879,5388,4,2434,902
6,meroclone3,1344,36,44,1635561110_780092.png,1635561110_780092_gfp.png,1635561110_780092_ph.png,1021,393,1057,437,3556,4437,3592,4481,2535,4044,3879,5388,4,2435,902
6,paraclone10,1344,111,113,1635561110_780092.png,1635561110_780092_gfp.png,1635561110_780092_ph.png,1191,437,1302,550,3726,4481,3837,4594,2535,4044,3879,5388,4,2436,902
6,meroclone3,1344,36,44,1635561111_985782.png,1635561111_985782_gfp.png,1635561111_985782_ph.png,881,1051,917,1095,3556,4437,3592,4481,2675,3386,4019,4730,4,2437,903
6,paraclone10,1344,111,113,1635561111_985782.png,1635561111_985782_gfp.png,1635561111_985782_ph.png,1051,1095,1162,1208,3726,4481,3837,4594,2675,3386,4019,4730,4,2438,903
6,paraclone8,1344,77,75,1635561113_199958.png,1635561113_199958_gfp.png,1635561113_199958_ph.png,1030,30,1107,105,4084,4444,4161,4519,3054,4414,4398,5758,4,2439,904
6,meroclone3,1344,36,44,1635561113_199958.png,1635561113_199958_gfp.png,1635561113_199958_ph.png,502,23,538,67,3556,4437,3592,4481,3054,4414,4398,5758,4,2440,904
6,paraclone10,1344,111,113,1635561113_199958.png,1635561113_199958_gfp.png,1635561113_199958_ph.png,672,67,783,180,3726,4481,3837,4594,3054,4414,4398,5758,4,2441,904
6,paraclone8,1344,77,75,1635561114_4178371.png,1635561114_4178371_gfp.png,1635561114_4178371_ph.png,872,355,949,430,4084,4444,4161,4519,3212,4089,4556,5433,4,2442,905
6,meroclone3,1344,36,44,1635561114_4178371.png,1635561114_4178371_gfp.png,1635561114_4178371_ph.png,344,348,380,392,3556,4437,3592,4481,3212,4089,4556,5433,4,2443,905
6,paraclone10,1344,111,113,1635561114_4178371.png,1635561114_4178371_gfp.png,1635561114_4178371_ph.png,514,392,625,505,3726,4481,3837,4594,3212,4089,4556,5433,4,2444,905
6,paraclone8,1344,77,75,1635561115_6302762.png,1635561115_6302762_gfp.png,1635561115_6302762_ph.png,694,876,771,951,4084,4444,4161,4519,3390,3568,4734,4912,4,2445,906
6,meroclone3,1344,36,44,1635561115_6302762.png,1635561115_6302762_gfp.png,1635561115_6302762_ph.png,166,869,202,913,3556,4437,3592,4481,3390,3568,4734,4912,4,2446,906
6,paraclone10,1344,111,113,1635561115_6302762.png,1635561115_6302762_gfp.png,1635561115_6302762_ph.png,336,913,447,1026,3726,4481,3837,4594,3390,3568,4734,4912,4,2447,906
6,paraclone7,1344,60,53,1635561116_841821.png,1635561116_841821_gfp.png,1635561116_841821_ph.png,754,104,814,157,4392,3422,4452,3475,3638,3318,4982,4662,4,2448,907
6,paraclone8,1344,77,75,1635561116_841821.png,1635561116_841821_gfp.png,1635561116_841821_ph.png,446,1126,523,1201,4084,4444,4161,4519,3638,3318,4982,4662,4,2449,907
6,paraclone10,1344,111,113,1635561116_841821.png,1635561116_841821_gfp.png,1635561116_841821_ph.png,88,1163,199,1276,3726,4481,3837,4594,3638,3318,4982,4662,4,2450,907
6,paraclone16,1344,62,58,1635561116_841821.png,1635561116_841821_gfp.png,1635561116_841821_ph.png,867,228,929,286,4505,3546,4567,3604,3638,3318,4982,4662,4,2451,907
6,holoclone3,1344,130,125,1635561118_092809.png,1635561118_092809_gfp.png,1635561118_092809_ph.png,211,747,341,872,2796,5052,2926,5177,2585,4305,3929,5649,4,2452,908
6,meroclone3,1344,36,44,1635561118_092809.png,1635561118_092809_gfp.png,1635561118_092809_ph.png,971,132,1007,176,3556,4437,3592,4481,2585,4305,3929,5649,4,2453,908
6,paraclone10,1344,111,113,1635561118_092809.png,1635561118_092809_gfp.png,1635561118_092809_ph.png,1141,176,1252,289,3726,4481,3837,4594,2585,4305,3929,5649,4,2454,908
6,paraclone17,1344,67,64,1635561118_092809.png,1635561118_092809_gfp.png,1635561118_092809_ph.png,268,1031,335,1095,2853,5336,2920,5400,2585,4305,3929,5649,4,2455,908
6,paraclone7,1344,60,53,1635561119_306556.png,1635561119_306556_gfp.png,1635561119_306556_ph.png,1150,161,1210,214,4392,3422,4452,3475,3242,3261,4586,4605,4,2456,909
6,paraclone8,1344,77,75,1635561119_306556.png,1635561119_306556_gfp.png,1635561119_306556_ph.png,842,1183,919,1258,4084,4444,4161,4519,3242,3261,4586,4605,4,2457,909
6,meroclone3,1344,36,44,1635561119_306556.png,1635561119_306556_gfp.png,1635561119_306556_ph.png,314,1176,350,1220,3556,4437,3592,4481,3242,3261,4586,4605,4,2458,909
6,paraclone10,1344,111,113,1635561119_306556.png,1635561119_306556_gfp.png,1635561119_306556_ph.png,484,1220,595,1333,3726,4481,3837,4594,3242,3261,4586,4605,4,2459,909
6,paraclone16,1344,62,58,1635561119_306556.png,1635561119_306556_gfp.png,1635561119_306556_ph.png,1263,285,1325,343,4505,3546,4567,3604,3242,3261,4586,4605,4,2460,909
6,holoclone4,1344,146,145,1635561120_5523672.png,1635561120_5523672_gfp.png,1635561120_5523672_ph.png,883,182,1029,327,4788,310,4934,455,3905,128,5249,1472,4,2461,910
6,paraclone13,1344,49,51,1635561120_5523672.png,1635561120_5523672_gfp.png,1635561120_5523672_ph.png,631,42,680,93,4536,170,4585,221,3905,128,5249,1472,4,2462,910
6,holoclone4,1344,146,145,1635561121_760371.png,1635561121_760371_gfp.png,1635561121_760371_ph.png,24,310,170,455,4788,310,4934,455,4764,0,6108,1344,4,2463,911
6,holoclone4,1344,146,145,1635561122_985535.png,1635561122_985535_gfp.png,1635561122_985535_ph.png,268,110,414,255,4788,310,4934,455,4520,200,5864,1544,4,2464,912
6,holoclone4,1344,146,145,1635561124_190984.png,1635561124_190984_gfp.png,1635561124_190984_ph.png,320,310,466,455,4788,310,4934,455,4468,0,5812,1344,4,2465,913
6,paraclone13,1344,49,51,1635561124_190984.png,1635561124_190984_gfp.png,1635561124_190984_ph.png,68,170,117,221,4536,170,4585,221,4468,0,5812,1344,4,2466,913
6,holoclone4,1344,146,145,1635561125_393128.png,1635561125_393128_gfp.png,1635561125_393128_ph.png,152,310,298,455,4788,310,4934,455,4636,0,5980,1344,4,2467,914
6,holoclone4,1344,146,145,1635561126_5972621.png,1635561126_5972621_gfp.png,1635561126_5972621_ph.png,682,310,828,455,4788,310,4934,455,4106,0,5450,1344,4,2468,915
6,paraclone13,1344,49,51,1635561126_5972621.png,1635561126_5972621_gfp.png,1635561126_5972621_ph.png,430,170,479,221,4536,170,4585,221,4106,0,5450,1344,4,2469,915
6,holoclone4,1344,146,145,1635561127_798964.png,1635561127_798964_gfp.png,1635561127_798964_ph.png,734,283,880,428,4788,310,4934,455,4054,27,5398,1371,4,2470,916
6,paraclone13,1344,49,51,1635561127_798964.png,1635561127_798964_gfp.png,1635561127_798964_ph.png,482,143,531,194,4536,170,4585,221,4054,27,5398,1371,4,2471,916
6,holoclone4,1344,146,145,1635561129_00129.png,1635561129_00129_gfp.png,1635561129_00129_ph.png,314,292,460,437,4788,310,4934,455,4474,18,5818,1362,4,2472,917
6,paraclone13,1344,49,51,1635561129_00129.png,1635561129_00129_gfp.png,1635561129_00129_ph.png,62,152,111,203,4536,170,4585,221,4474,18,5818,1362,4,2473,917
6,holoclone4,1344,146,145,1635561130_208674.png,1635561130_208674_gfp.png,1635561130_208674_ph.png,919,310,1065,455,4788,310,4934,455,3869,0,5213,1344,4,2474,918
6,paraclone13,1344,49,51,1635561130_208674.png,1635561130_208674_gfp.png,1635561130_208674_ph.png,667,170,716,221,4536,170,4585,221,3869,0,5213,1344,4,2475,918
6,holoclone4,1344,146,145,1635561131_409392.png,1635561131_409392_gfp.png,1635561131_409392_ph.png,93,310,239,455,4788,310,4934,455,4695,0,6039,1344,4,2476,919
6,meroclone4,1344,92,50,1635561132_6159549.png,1635561132_6159549_gfp.png,1635561132_6159549_ph.png,724,37,816,87,850,37,942,87,126,0,1470,1344,4,2477,920
6,paraclone11,1344,57,78,1635561132_6159549.png,1635561132_6159549_gfp.png,1635561132_6159549_ph.png,1141,988,1198,1066,1267,988,1324,1066,126,0,1470,1344,4,2478,920
6,meroclone4,1344,92,50,1635561133_830616.png,1635561133_830616_gfp.png,1635561133_830616_ph.png,2,37,94,87,850,37,942,87,848,0,2192,1344,4,2479,921
6,paraclone11,1344,57,78,1635561133_830616.png,1635561133_830616_gfp.png,1635561133_830616_ph.png,419,988,476,1066,1267,988,1324,1066,848,0,2192,1344,4,2480,921
6,meroclone4,1344,92,50,1635561135_029941.png,1635561135_029941_gfp.png,1635561135_029941_ph.png,850,37,942,87,850,37,942,87,0,0,1344,1344,4,2481,922
6,paraclone11,1344,57,78,1635561135_029941.png,1635561135_029941_gfp.png,1635561135_029941_ph.png,1267,988,1324,1066,1267,988,1324,1066,0,0,1344,1344,4,2482,922
6,meroclone4,1344,92,50,1635561136_2508621.png,1635561136_2508621_gfp.png,1635561136_2508621_ph.png,578,37,670,87,850,37,942,87,272,0,1616,1344,4,2483,923
6,paraclone11,1344,57,78,1635561136_2508621.png,1635561136_2508621_gfp.png,1635561136_2508621_ph.png,995,988,1052,1066,1267,988,1324,1066,272,0,1616,1344,4,2484,923
6,meroclone4,1344,92,50,1635561137_481622.png,1635561137_481622_gfp.png,1635561137_481622_ph.png,433,37,525,87,850,37,942,87,417,0,1761,1344,4,2485,924
6,paraclone11,1344,57,78,1635561137_481622.png,1635561137_481622_gfp.png,1635561137_481622_ph.png,850,988,907,1066,1267,988,1324,1066,417,0,1761,1344,4,2486,924
6,meroclone4,1344,92,50,1635561138_693089.png,1635561138_693089_gfp.png,1635561138_693089_ph.png,537,37,629,87,850,37,942,87,313,0,1657,1344,4,2487,925
6,paraclone11,1344,57,78,1635561138_693089.png,1635561138_693089_gfp.png,1635561138_693089_ph.png,954,988,1011,1066,1267,988,1324,1066,313,0,1657,1344,4,2488,925
6,meroclone4,1344,92,50,1635561139_902674.png,1635561139_902674_gfp.png,1635561139_902674_ph.png,403,37,495,87,850,37,942,87,447,0,1791,1344,4,2489,926
6,paraclone11,1344,57,78,1635561139_902674.png,1635561139_902674_gfp.png,1635561139_902674_ph.png,820,988,877,1066,1267,988,1324,1066,447,0,1791,1344,4,2490,926
6,meroclone4,1344,92,50,1635561141_1137369.png,1635561141_1137369_gfp.png,1635561141_1137369_ph.png,205,37,297,87,850,37,942,87,645,0,1989,1344,4,2491,927
6,paraclone11,1344,57,78,1635561141_1137369.png,1635561141_1137369_gfp.png,1635561141_1137369_ph.png,622,988,679,1066,1267,988,1324,1066,645,0,1989,1344,4,2492,927
6,meroclone4,1344,92,50,1635561142_315899.png,1635561142_315899_gfp.png,1635561142_315899_ph.png,5,37,97,87,850,37,942,87,845,0,2189,1344,4,2493,928
6,paraclone11,1344,57,78,1635561142_315899.png,1635561142_315899_gfp.png,1635561142_315899_ph.png,422,988,479,1066,1267,988,1324,1066,845,0,2189,1344,4,2494,928
6,meroclone4,1344,92,50,1635561143_5329669.png,1635561143_5329669_gfp.png,1635561143_5329669_ph.png,242,37,334,87,850,37,942,87,608,0,1952,1344,4,2495,929
6,paraclone11,1344,57,78,1635561143_5329669.png,1635561143_5329669_gfp.png,1635561143_5329669_ph.png,659,988,716,1066,1267,988,1324,1066,608,0,1952,1344,4,2496,929
6,meroclone5,1344,82,93,1635561144_7421172.png,1635561144_7421172_gfp.png,1635561144_7421172_ph.png,757,1196,839,1289,2552,6635,2634,6728,1795,5439,3139,6783,4,2497,930
6,meroclone5,1344,82,93,1635561145_9512908.png,1635561145_9512908_gfp.png,1635561145_9512908_ph.png,693,1168,775,1261,2552,6635,2634,6728,1859,5467,3203,6811,4,2498,931
6,meroclone5,1344,82,93,1635561147_173959.png,1635561147_173959_gfp.png,1635561147_173959_ph.png,954,1106,1036,1199,2552,6635,2634,6728,1598,5529,2942,6873,4,2499,932
6,meroclone5,1344,82,93,1635561148_399016.png,1635561148_399016_gfp.png,1635561148_399016_ph.png,1155,1182,1237,1275,2552,6635,2634,6728,1397,5453,2741,6797,4,2500,933
6,meroclone5,1344,82,93,1635561149_6133702.png,1635561149_6133702_gfp.png,1635561149_6133702_ph.png,194,1017,276,1110,2552,6635,2634,6728,2358,5618,3702,6962,4,2501,934
6,meroclone5,1344,82,93,1635561150_82497.png,1635561150_82497_gfp.png,1635561150_82497_ph.png,835,1045,917,1138,2552,6635,2634,6728,1717,5590,3061,6934,4,2502,935
6,meroclone5,1344,82,93,1635561152_041894.png,1635561152_041894_gfp.png,1635561152_041894_ph.png,587,1116,669,1209,2552,6635,2634,6728,1965,5519,3309,6863,4,2503,936
6,meroclone5,1344,82,93,1635561153_2585.png,1635561153_2585_gfp.png,1635561153_2585_ph.png,1017,1001,1099,1094,2552,6635,2634,6728,1535,5634,2879,6978,4,2504,937
6,meroclone5,1344,82,93,1635561154_475081.png,1635561154_475081_gfp.png,1635561154_475081_ph.png,647,1229,729,1322,2552,6635,2634,6728,1905,5406,3249,6750,4,2505,938
6,meroclone5,1344,82,93,1635561155_688663.png,1635561155_688663_gfp.png,1635561155_688663_ph.png,481,973,563,1066,2552,6635,2634,6728,2071,5662,3415,7006,4,2506,939
6,holoclone5,1344,328,381,1635561156_898676.png,1635561156_898676_gfp.png,1635561156_898676_ph.png,112,108,440,489,2421,108,2749,489,2309,0,3653,1344,4,2507,940
6,holoclone6,1344,243,250,1635561156_898676.png,1635561156_898676_gfp.png,1635561156_898676_ph.png,227,880,470,1130,2536,880,2779,1130,2309,0,3653,1344,4,2508,940
6,paraclone14,1344,54,59,1635561156_898676.png,1635561156_898676_gfp.png,1635561156_898676_ph.png,900,1229,954,1288,3209,1229,3263,1288,2309,0,3653,1344,4,2509,940
6,holoclone5,1344,328,381,1635561158_101729.png,1635561158_101729_gfp.png,1635561158_101729_ph.png,614,108,942,489,2421,108,2749,489,1807,0,3151,1344,4,2510,941
6,holoclone6,1344,243,250,1635561158_101729.png,1635561158_101729_gfp.png,1635561158_101729_ph.png,729,880,972,1130,2536,880,2779,1130,1807,0,3151,1344,4,2511,941
6,holoclone5,1344,328,381,1635561159_301452.png,1635561159_301452_gfp.png,1635561159_301452_ph.png,716,108,1044,489,2421,108,2749,489,1705,0,3049,1344,4,2512,942
6,holoclone6,1344,243,250,1635561159_301452.png,1635561159_301452_gfp.png,1635561159_301452_ph.png,831,880,1074,1130,2536,880,2779,1130,1705,0,3049,1344,4,2513,942
6,holoclone5,1344,328,381,1635561160_521306.png,1635561160_521306_gfp.png,1635561160_521306_ph.png,417,55,745,436,2421,108,2749,489,2004,53,3348,1397,4,2514,943
6,holoclone6,1344,243,250,1635561160_521306.png,1635561160_521306_gfp.png,1635561160_521306_ph.png,532,827,775,1077,2536,880,2779,1130,2004,53,3348,1397,4,2515,943
6,paraclone14,1344,54,59,1635561160_521306.png,1635561160_521306_gfp.png,1635561160_521306_ph.png,1205,1176,1259,1235,3209,1229,3263,1288,2004,53,3348,1397,4,2516,943
6,holoclone5,1344,328,381,1635561161_762146.png,1635561161_762146_gfp.png,1635561161_762146_ph.png,882,108,1210,489,2421,108,2749,489,1539,0,2883,1344,4,2517,944
6,holoclone6,1344,243,250,1635561161_762146.png,1635561161_762146_gfp.png,1635561161_762146_ph.png,997,880,1240,1130,2536,880,2779,1130,1539,0,2883,1344,4,2518,944
6,holoclone5,1344,328,381,1635561162_988097.png,1635561162_988097_gfp.png,1635561162_988097_ph.png,141,108,469,489,2421,108,2749,489,2280,0,3624,1344,4,2519,945
6,holoclone6,1344,243,250,1635561162_988097.png,1635561162_988097_gfp.png,1635561162_988097_ph.png,256,880,499,1130,2536,880,2779,1130,2280,0,3624,1344,4,2520,945
6,paraclone14,1344,54,59,1635561162_988097.png,1635561162_988097_gfp.png,1635561162_988097_ph.png,929,1229,983,1288,3209,1229,3263,1288,2280,0,3624,1344,4,2521,945
6,holoclone5,1344,328,381,1635561164_190203.png,1635561164_190203_gfp.png,1635561164_190203_ph.png,87,108,415,489,2421,108,2749,489,2334,0,3678,1344,4,2522,946
6,holoclone6,1344,243,250,1635561164_190203.png,1635561164_190203_gfp.png,1635561164_190203_ph.png,202,880,445,1130,2536,880,2779,1130,2334,0,3678,1344,4,2523,946
6,paraclone14,1344,54,59,1635561164_190203.png,1635561164_190203_gfp.png,1635561164_190203_ph.png,875,1229,929,1288,3209,1229,3263,1288,2334,0,3678,1344,4,2524,946
6,holoclone5,1344,328,381,1635561165_395029.png,1635561165_395029_gfp.png,1635561165_395029_ph.png,998,108,1326,489,2421,108,2749,489,1423,0,2767,1344,4,2525,947
6,holoclone5,1344,328,381,1635561166_5943449.png,1635561166_5943449_gfp.png,1635561166_5943449_ph.png,617,108,945,489,2421,108,2749,489,1804,0,3148,1344,4,2526,948
6,holoclone6,1344,243,250,1635561166_5943449.png,1635561166_5943449_gfp.png,1635561166_5943449_ph.png,732,880,975,1130,2536,880,2779,1130,1804,0,3148,1344,4,2527,948
6,holoclone5,1344,328,381,1635561167_7934809.png,1635561167_7934809_gfp.png,1635561167_7934809_ph.png,661,108,989,489,2421,108,2749,489,1760,0,3104,1344,4,2528,949
6,holoclone6,1344,243,250,1635561167_7934809.png,1635561167_7934809_gfp.png,1635561167_7934809_ph.png,776,880,1019,1130,2536,880,2779,1130,1760,0,3104,1344,4,2529,949
6,meroclone6,1344,179,103,1635561168_9923022.png,1635561168_9923022_gfp.png,1635561168_9923022_ph.png,167,526,346,629,3239,1669,3418,1772,3072,1143,4416,2487,4,2530,950
6,paraclone14,1344,54,59,1635561168_9923022.png,1635561168_9923022_gfp.png,1635561168_9923022_ph.png,137,86,191,145,3209,1229,3263,1288,3072,1143,4416,2487,4,2531,950
6,meroclone6,1344,179,103,1635561170_1937.png,1635561170_1937_gfp.png,1635561170_1937_ph.png,884,1085,1063,1188,3239,1669,3418,1772,2355,584,3699,1928,4,2532,951
6,holoclone6,1344,243,250,1635561170_1937.png,1635561170_1937_gfp.png,1635561170_1937_ph.png,181,296,424,546,2536,880,2779,1130,2355,584,3699,1928,4,2533,951
6,paraclone14,1344,54,59,1635561170_1937.png,1635561170_1937_gfp.png,1635561170_1937_ph.png,854,645,908,704,3209,1229,3263,1288,2355,584,3699,1928,4,2534,951
6,paraclone15,1344,89,77,1635561170_1937.png,1635561170_1937_gfp.png,1635561170_1937_ph.png,20,1103,109,1180,2375,1687,2464,1764,2355,584,3699,1928,4,2535,951
6,meroclone6,1344,179,103,1635561171_3962328.png,1635561171_3962328_gfp.png,1635561171_3962328_ph.png,477,419,656,522,3239,1669,3418,1772,2762,1250,4106,2594,4,2536,952
6,meroclone6,1344,179,103,1635561172_591595.png,1635561172_591595_gfp.png,1635561172_591595_ph.png,2,952,181,1055,3239,1669,3418,1772,3237,717,4581,2061,4,2537,953
6,meroclone6,1344,179,103,1635561173_7915268.png,1635561173_7915268_gfp.png,1635561173_7915268_ph.png,18,1093,197,1196,3239,1669,3418,1772,3221,576,4565,1920,4,2538,954
6,paraclone5,1344,15,23,1635561175_000331.png,1635561175_000331_gfp.png,1635561175_000331_ph.png,981,1314,996,1337,3858,2921,3873,2944,2877,1607,4221,2951,4,2539,955
6,meroclone6,1344,179,103,1635561175_000331.png,1635561175_000331_gfp.png,1635561175_000331_ph.png,362,62,541,165,3239,1669,3418,1772,2877,1607,4221,2951,4,2540,955
6,meroclone6,1344,179,103,1635561176_206018.png,1635561176_206018_gfp.png,1635561176_206018_ph.png,627,462,806,565,3239,1669,3418,1772,2612,1207,3956,2551,4,2541,956
6,paraclone14,1344,54,59,1635561176_206018.png,1635561176_206018_gfp.png,1635561176_206018_ph.png,597,22,651,81,3209,1229,3263,1288,2612,1207,3956,2551,4,2542,956
6,meroclone6,1344,179,103,1635561177_406539.png,1635561177_406539_gfp.png,1635561177_406539_ph.png,135,1231,314,1334,3239,1669,3418,1772,3104,438,4448,1782,4,2543,957
6,paraclone14,1344,54,59,1635561177_406539.png,1635561177_406539_gfp.png,1635561177_406539_ph.png,105,791,159,850,3209,1229,3263,1288,3104,438,4448,1782,4,2544,957
6,meroclone6,1344,179,103,1635561178_614858.png,1635561178_614858_gfp.png,1635561178_614858_ph.png,1140,82,1319,185,3239,1669,3418,1772,2099,1587,3443,2931,4,2545,958
6,paraclone15,1344,89,77,1635561178_614858.png,1635561178_614858_gfp.png,1635561178_614858_ph.png,276,100,365,177,2375,1687,2464,1764,2099,1587,3443,2931,4,2546,958
6,meroclone6,1344,179,103,1635561179_818491.png,1635561179_818491_gfp.png,1635561179_818491_ph.png,946,283,1125,386,3239,1669,3418,1772,2293,1386,3637,2730,4,2547,959
6,paraclone15,1344,89,77,1635561179_818491.png,1635561179_818491_gfp.png,1635561179_818491_ph.png,82,301,171,378,2375,1687,2464,1764,2293,1386,3637,2730,4,2548,959
6,paraclone11,1344,57,78,1635561181_0183349.png,1635561181_0183349_gfp.png,1635561181_0183349_ph.png,729,774,786,852,1267,988,1324,1066,538,214,1882,1558,4,2549,960
6,paraclone11,1344,57,78,1635561182_226552.png,1635561182_226552_gfp.png,1635561182_226552_ph.png,672,547,729,625,1267,988,1324,1066,595,441,1939,1785,4,2550,961
6,paraclone11,1344,57,78,1635561183_4313312.png,1635561183_4313312_gfp.png,1635561183_4313312_ph.png,623,305,680,383,1267,988,1324,1066,644,683,1988,2027,4,2551,962
6,paraclone11,1344,57,78,1635561184_6421618.png,1635561184_6421618_gfp.png,1635561184_6421618_ph.png,462,588,519,666,1267,988,1324,1066,805,400,2149,1744,4,2552,963
6,meroclone7,1344,146,168,1635561184_6421618.png,1635561184_6421618_gfp.png,1635561184_6421618_ph.png,1055,982,1201,1150,1860,1382,2006,1550,805,400,2149,1744,4,2553,963
6,paraclone11,1344,57,78,1635561185_854263.png,1635561185_854263_gfp.png,1635561185_854263_ph.png,9,25,66,103,1267,988,1324,1066,1258,963,2602,2307,4,2554,964
6,meroclone7,1344,146,168,1635561185_854263.png,1635561185_854263_gfp.png,1635561185_854263_ph.png,602,419,748,587,1860,1382,2006,1550,1258,963,2602,2307,4,2555,964
6,paraclone15,1344,89,77,1635561185_854263.png,1635561185_854263_gfp.png,1635561185_854263_ph.png,1117,724,1206,801,2375,1687,2464,1764,1258,963,2602,2307,4,2556,964
6,paraclone11,1344,57,78,1635561187_058202.png,1635561187_058202_gfp.png,1635561187_058202_ph.png,288,379,345,457,1267,988,1324,1066,979,609,2323,1953,4,2557,965
6,meroclone7,1344,146,168,1635561187_058202.png,1635561187_058202_gfp.png,1635561187_058202_ph.png,881,773,1027,941,1860,1382,2006,1550,979,609,2323,1953,4,2558,965
6,paraclone6,1344,62,75,1635561188_259098.png,1635561188_259098_gfp.png,1635561188_259098_ph.png,2,622,64,697,77,1605,139,1680,75,983,1419,2327,4,2559,966
6,paraclone11,1344,57,78,1635561188_259098.png,1635561188_259098_gfp.png,1635561188_259098_ph.png,1192,5,1249,83,1267,988,1324,1066,75,983,1419,2327,4,2560,966
6,paraclone11,1344,57,78,1635561189_4755478.png,1635561189_4755478_gfp.png,1635561189_4755478_ph.png,783,550,840,628,1267,988,1324,1066,484,438,1828,1782,4,2561,967
6,paraclone11,1344,57,78,1635561190_6872478.png,1635561190_6872478_gfp.png,1635561190_6872478_ph.png,237,988,294,1066,1267,988,1324,1066,1030,0,2374,1344,4,2562,968
6,paraclone11,1344,57,78,1635561191_884465.png,1635561191_884465_gfp.png,1635561191_884465_ph.png,489,275,546,353,1267,988,1324,1066,778,713,2122,2057,4,2563,969
6,meroclone7,1344,146,168,1635561191_884465.png,1635561191_884465_gfp.png,1635561191_884465_ph.png,1082,669,1228,837,1860,1382,2006,1550,778,713,2122,2057,4,2564,969
6,paraclone11,1344,57,78,1635561193_086773.png,1635561193_086773_gfp.png,1635561193_086773_ph.png,430,552,487,630,1267,988,1324,1066,837,436,2181,1780,4,2565,970
6,meroclone7,1344,146,168,1635561193_086773.png,1635561193_086773_gfp.png,1635561193_086773_ph.png,1023,946,1169,1114,1860,1382,2006,1550,837,436,2181,1780,4,2566,970
6,meroclone7,1344,146,168,1635561194_287513.png,1635561194_287513_gfp.png,1635561194_287513_ph.png,351,43,497,211,1860,1382,2006,1550,1509,1339,2853,2683,4,2567,971
6,paraclone15,1344,89,77,1635561194_287513.png,1635561194_287513_gfp.png,1635561194_287513_ph.png,866,348,955,425,2375,1687,2464,1764,1509,1339,2853,2683,4,2568,971
6,meroclone7,1344,146,168,1635561195_50403.png,1635561195_50403_gfp.png,1635561195_50403_ph.png,1067,218,1213,386,1860,1382,2006,1550,793,1164,2137,2508,4,2569,972
6,meroclone7,1344,146,168,1635561196_7078452.png,1635561196_7078452_gfp.png,1635561196_7078452_ph.png,366,91,512,259,1860,1382,2006,1550,1494,1291,2838,2635,4,2570,973
6,paraclone15,1344,89,77,1635561196_7078452.png,1635561196_7078452_gfp.png,1635561196_7078452_ph.png,881,396,970,473,2375,1687,2464,1764,1494,1291,2838,2635,4,2571,973
6,paraclone1,1344,81,103,1635561197_905293.png,1635561197_905293_gfp.png,1635561197_905293_ph.png,548,1227,629,1330,1331,2556,1412,2659,783,1329,2127,2673,4,2572,974
6,meroclone7,1344,146,168,1635561197_905293.png,1635561197_905293_gfp.png,1635561197_905293_ph.png,1077,53,1223,221,1860,1382,2006,1550,783,1329,2127,2673,4,2573,974
6,meroclone7,1344,146,168,1635561199_122781.png,1635561199_122781_gfp.png,1635561199_122781_ph.png,43,844,189,1012,1860,1382,2006,1550,1817,538,3161,1882,4,2574,975
6,holoclone6,1344,243,250,1635561199_122781.png,1635561199_122781_gfp.png,1635561199_122781_ph.png,719,342,962,592,2536,880,2779,1130,1817,538,3161,1882,4,2575,975
6,paraclone15,1344,89,77,1635561199_122781.png,1635561199_122781_gfp.png,1635561199_122781_ph.png,558,1149,647,1226,2375,1687,2464,1764,1817,538,3161,1882,4,2576,975
6,meroclone7,1344,146,168,1635561200_32211.png,1635561200_32211_gfp.png,1635561200_32211_ph.png,591,1140,737,1308,1860,1382,2006,1550,1269,242,2613,1586,4,2577,976
6,meroclone7,1344,146,168,1635561201_515651.png,1635561201_515651_gfp.png,1635561201_515651_ph.png,369,1085,515,1253,1860,1382,2006,1550,1491,297,2835,1641,4,2578,977
6,holoclone6,1344,243,250,1635561201_515651.png,1635561201_515651_gfp.png,1635561201_515651_ph.png,1045,583,1288,833,2536,880,2779,1130,1491,297,2835,1641,4,2579,977
6,meroclone7,1344,146,168,1635561202_7110422.png,1635561202_7110422_gfp.png,1635561202_7110422_ph.png,411,1026,557,1194,1860,1382,2006,1550,1449,356,2793,1700,4,2580,978
6,holoclone6,1344,243,250,1635561202_7110422.png,1635561202_7110422_gfp.png,1635561202_7110422_ph.png,1087,524,1330,774,2536,880,2779,1130,1449,356,2793,1700,4,2581,978
6,meroclone7,1344,146,168,1635561203_9055328.png,1635561203_9055328_gfp.png,1635561203_9055328_ph.png,65,1018,211,1186,1860,1382,2006,1550,1795,364,3139,1708,4,2582,979
6,holoclone6,1344,243,250,1635561203_9055328.png,1635561203_9055328_gfp.png,1635561203_9055328_ph.png,741,516,984,766,2536,880,2779,1130,1795,364,3139,1708,4,2583,979
6,holoclone5,1344,328,381,1635561205_108596.png,1635561205_108596_gfp.png,1635561205_108596_ph.png,183,108,511,489,2421,108,2749,489,2238,0,3582,1344,4,2584,980
6,holoclone6,1344,243,250,1635561205_108596.png,1635561205_108596_gfp.png,1635561205_108596_ph.png,298,880,541,1130,2536,880,2779,1130,2238,0,3582,1344,4,2585,980
6,paraclone14,1344,54,59,1635561205_108596.png,1635561205_108596_gfp.png,1635561205_108596_ph.png,971,1229,1025,1288,3209,1229,3263,1288,2238,0,3582,1344,4,2586,980
6,holoclone5,1344,328,381,1635561206_308197.png,1635561206_308197_gfp.png,1635561206_308197_ph.png,101,33,429,414,2421,108,2749,489,2320,75,3664,1419,4,2587,981
6,holoclone6,1344,243,250,1635561206_308197.png,1635561206_308197_gfp.png,1635561206_308197_ph.png,216,805,459,1055,2536,880,2779,1130,2320,75,3664,1419,4,2588,981
6,paraclone14,1344,54,59,1635561206_308197.png,1635561206_308197_gfp.png,1635561206_308197_ph.png,889,1154,943,1213,3209,1229,3263,1288,2320,75,3664,1419,4,2589,981
6,holoclone6,1344,243,250,1635561207_5507042.png,1635561207_5507042_gfp.png,1635561207_5507042_ph.png,570,397,813,647,2536,880,2779,1130,1966,483,3310,1827,4,2590,982
6,paraclone14,1344,54,59,1635561207_5507042.png,1635561207_5507042_gfp.png,1635561207_5507042_ph.png,1243,746,1297,805,3209,1229,3263,1288,1966,483,3310,1827,4,2591,982
6,paraclone15,1344,89,77,1635561207_5507042.png,1635561207_5507042_gfp.png,1635561207_5507042_ph.png,409,1204,498,1281,2375,1687,2464,1764,1966,483,3310,1827,4,2592,982
6,holoclone6,1344,243,250,1635561208_770777.png,1635561208_770777_gfp.png,1635561208_770777_ph.png,641,333,884,583,2536,880,2779,1130,1895,547,3239,1891,4,2593,983
6,paraclone15,1344,89,77,1635561208_770777.png,1635561208_770777_gfp.png,1635561208_770777_ph.png,480,1140,569,1217,2375,1687,2464,1764,1895,547,3239,1891,4,2594,983
6,meroclone7,1344,146,168,1635561209_987008.png,1635561209_987008_gfp.png,1635561209_987008_ph.png,178,960,324,1128,1860,1382,2006,1550,1682,422,3026,1766,4,2595,984
6,holoclone6,1344,243,250,1635561209_987008.png,1635561209_987008_gfp.png,1635561209_987008_ph.png,854,458,1097,708,2536,880,2779,1130,1682,422,3026,1766,4,2596,984
6,paraclone15,1344,89,77,1635561209_987008.png,1635561209_987008_gfp.png,1635561209_987008_ph.png,693,1265,782,1342,2375,1687,2464,1764,1682,422,3026,1766,4,2597,984
6,holoclone6,1344,243,250,1635561211_1820889.png,1635561211_1820889_gfp.png,1635561211_1820889_ph.png,786,698,1029,948,2536,880,2779,1130,1750,182,3094,1526,4,2598,985
6,meroclone6,1344,179,103,1635561212_388095.png,1635561212_388095_gfp.png,1635561212_388095_ph.png,718,910,897,1013,3239,1669,3418,1772,2521,759,3865,2103,4,2599,986
6,holoclone6,1344,243,250,1635561212_388095.png,1635561212_388095_gfp.png,1635561212_388095_ph.png,15,121,258,371,2536,880,2779,1130,2521,759,3865,2103,4,2600,986
6,paraclone14,1344,54,59,1635561212_388095.png,1635561212_388095_gfp.png,1635561212_388095_ph.png,688,470,742,529,3209,1229,3263,1288,2521,759,3865,2103,4,2601,986
6,meroclone7,1344,146,168,1635561213_59005.png,1635561213_59005_gfp.png,1635561213_59005_ph.png,258,934,404,1102,1860,1382,2006,1550,1602,448,2946,1792,4,2602,987
6,holoclone6,1344,243,250,1635561213_59005.png,1635561213_59005_gfp.png,1635561213_59005_ph.png,934,432,1177,682,2536,880,2779,1130,1602,448,2946,1792,4,2603,987
6,paraclone15,1344,89,77,1635561213_59005.png,1635561213_59005_gfp.png,1635561213_59005_ph.png,773,1239,862,1316,2375,1687,2464,1764,1602,448,2946,1792,4,2604,987
6,meroclone7,1344,146,168,1635561214_794694.png,1635561214_794694_gfp.png,1635561214_794694_ph.png,88,1143,234,1311,1860,1382,2006,1550,1772,239,3116,1583,4,2605,988
6,holoclone6,1344,243,250,1635561214_794694.png,1635561214_794694_gfp.png,1635561214_794694_ph.png,764,641,1007,891,2536,880,2779,1130,1772,239,3116,1583,4,2606,988
6,meroclone7,1344,146,168,1635561215_997731.png,1635561215_997731_gfp.png,1635561215_997731_ph.png,128,646,274,814,1860,1382,2006,1550,1732,736,3076,2080,4,2607,989
6,holoclone6,1344,243,250,1635561215_997731.png,1635561215_997731_gfp.png,1635561215_997731_ph.png,804,144,1047,394,2536,880,2779,1130,1732,736,3076,2080,4,2608,989
6,paraclone15,1344,89,77,1635561215_997731.png,1635561215_997731_gfp.png,1635561215_997731_ph.png,643,951,732,1028,2375,1687,2464,1764,1732,736,3076,2080,4,2609,989
6,meroclone8,1344,60,98,1635561217_2227578.png,1635561217_2227578_gfp.png,1635561217_2227578_ph.png,898,414,958,512,7561,6049,7621,6147,6663,5635,8007,6979,4,2610,990
6,paraclone21,1344,84,77,1635561217_2227578.png,1635561217_2227578_gfp.png,1635561217_2227578_ph.png,678,858,762,935,7341,6493,7425,6570,6663,5635,8007,6979,4,2611,990
6,meroclone8,1344,60,98,1635561218_424864.png,1635561218_424864_gfp.png,1635561218_424864_ph.png,1125,590,1185,688,7561,6049,7621,6147,6436,5459,7780,6803,4,2612,991
6,paraclone21,1344,84,77,1635561218_424864.png,1635561218_424864_gfp.png,1635561218_424864_ph.png,905,1034,989,1111,7341,6493,7425,6570,6436,5459,7780,6803,4,2613,991
6,meroclone8,1344,60,98,1635561219_6240032.png,1635561219_6240032_gfp.png,1635561219_6240032_ph.png,855,1003,915,1101,7561,6049,7621,6147,6706,5046,8050,6390,4,2614,992
6,meroclone8,1344,60,98,1635561220_818421.png,1635561220_818421_gfp.png,1635561220_818421_ph.png,1145,827,1205,925,7561,6049,7621,6147,6416,5222,7760,6566,4,2615,993
6,meroclone8,1344,60,98,1635561222_013355.png,1635561222_013355_gfp.png,1635561222_013355_ph.png,1086,401,1146,499,7561,6049,7621,6147,6475,5648,7819,6992,4,2616,994
6,paraclone21,1344,84,77,1635561222_013355.png,1635561222_013355_gfp.png,1635561222_013355_ph.png,866,845,950,922,7341,6493,7425,6570,6475,5648,7819,6992,4,2617,994
6,meroclone8,1344,60,98,1635561223_2169511.png,1635561223_2169511_gfp.png,1635561223_2169511_ph.png,1121,317,1181,415,7561,6049,7621,6147,6440,5732,7784,7076,4,2618,995
6,paraclone21,1344,84,77,1635561223_2169511.png,1635561223_2169511_gfp.png,1635561223_2169511_ph.png,901,761,985,838,7341,6493,7425,6570,6440,5732,7784,7076,4,2619,995
6,meroclone8,1344,60,98,1635561224_4204202.png,1635561224_4204202_gfp.png,1635561224_4204202_ph.png,1062,595,1122,693,7561,6049,7621,6147,6499,5454,7843,6798,4,2620,996
6,paraclone21,1344,84,77,1635561224_4204202.png,1635561224_4204202_gfp.png,1635561224_4204202_ph.png,842,1039,926,1116,7341,6493,7425,6570,6499,5454,7843,6798,4,2621,996
6,meroclone8,1344,60,98,1635561225_62927.png,1635561225_62927_gfp.png,1635561225_62927_ph.png,1120,753,1180,851,7561,6049,7621,6147,6441,5296,7785,6640,4,2622,997
6,paraclone21,1344,84,77,1635561225_62927.png,1635561225_62927_gfp.png,1635561225_62927_ph.png,900,1197,984,1274,7341,6493,7425,6570,6441,5296,7785,6640,4,2623,997
6,meroclone8,1344,60,98,1635561226_823097.png,1635561226_823097_gfp.png,1635561226_823097_ph.png,1256,538,1316,636,7561,6049,7621,6147,6305,5511,7649,6855,4,2624,998
6,paraclone21,1344,84,77,1635561226_823097.png,1635561226_823097_gfp.png,1635561226_823097_ph.png,1036,982,1120,1059,7341,6493,7425,6570,6305,5511,7649,6855,4,2625,998
6,meroclone8,1344,60,98,1635561228_054945.png,1635561228_054945_gfp.png,1635561228_054945_ph.png,869,837,929,935,7561,6049,7621,6147,6692,5212,8036,6556,4,2626,999
6,meroclone8,1344,60,98,1635561229_250484.png,1635561229_250484_gfp.png,1635561229_250484_ph.png,1163,359,1223,457,7561,6049,7621,6147,6398,5690,7742,7034,4,2627,1000
6,paraclone12,1344,91,77,1635561229_250484.png,1635561229_250484_gfp.png,1635561229_250484_ph.png,3,1244,94,1321,6401,6934,6492,7011,6398,5690,7742,7034,4,2628,1000
6,paraclone21,1344,84,77,1635561229_250484.png,1635561229_250484_gfp.png,1635561229_250484_ph.png,943,803,1027,880,7341,6493,7425,6570,6398,5690,7742,7034,4,2629,1000
6,paraclone12,1344,91,77,1635561230_443576.png,1635561230_443576_gfp.png,1635561230_443576_ph.png,905,1208,996,1285,6401,6934,6492,7011,5496,5726,6840,7070,4,2630,1001
6,meroclone9,1344,81,86,1635561230_443576.png,1635561230_443576_gfp.png,1635561230_443576_ph.png,207,1225,288,1311,5703,6951,5784,7037,5496,5726,6840,7070,4,2631,1001
6,paraclone12,1344,91,77,1635561231_635882.png,1635561231_635882_gfp.png,1635561231_635882_ph.png,1010,1266,1101,1343,6401,6934,6492,7011,5391,5668,6735,7012,4,2632,1002
6,paraclone12,1344,91,77,1635561232_8373492.png,1635561232_8373492_gfp.png,1635561232_8373492_ph.png,1133,1189,1224,1266,6401,6934,6492,7011,5268,5745,6612,7089,4,2633,1003
6,meroclone9,1344,81,86,1635561232_8373492.png,1635561232_8373492_gfp.png,1635561232_8373492_ph.png,435,1206,516,1292,5703,6951,5784,7037,5268,5745,6612,7089,4,2634,1003
6,paraclone12,1344,91,77,1635561234_032744.png,1635561234_032744_gfp.png,1635561234_032744_ph.png,1112,1207,1203,1284,6401,6934,6492,7011,5289,5727,6633,7071,4,2635,1004
6,meroclone9,1344,81,86,1635561234_032744.png,1635561234_032744_gfp.png,1635561234_032744_ph.png,414,1224,495,1310,5703,6951,5784,7037,5289,5727,6633,7071,4,2636,1004
6,paraclone12,1344,91,77,1635561235_234241.png,1635561235_234241_gfp.png,1635561235_234241_ph.png,964,1207,1055,1284,6401,6934,6492,7011,5437,5727,6781,7071,4,2637,1005
6,meroclone9,1344,81,86,1635561235_234241.png,1635561235_234241_gfp.png,1635561235_234241_ph.png,266,1224,347,1310,5703,6951,5784,7037,5437,5727,6781,7071,4,2638,1005
6,paraclone12,1344,91,77,1635561236_434816.png,1635561236_434816_gfp.png,1635561236_434816_ph.png,699,1231,790,1308,6401,6934,6492,7011,5702,5703,7046,7047,4,2639,1006
6,meroclone9,1344,81,86,1635561236_434816.png,1635561236_434816_gfp.png,1635561236_434816_ph.png,1,1248,82,1334,5703,6951,5784,7037,5702,5703,7046,7047,4,2640,1006
6,meroclone8,1344,60,98,1635561237_634422.png,1635561237_634422_gfp.png,1635561237_634422_ph.png,1266,338,1326,436,7561,6049,7621,6147,6295,5711,7639,7055,4,2641,1007
6,paraclone12,1344,91,77,1635561237_634422.png,1635561237_634422_gfp.png,1635561237_634422_ph.png,106,1223,197,1300,6401,6934,6492,7011,6295,5711,7639,7055,4,2642,1007
6,paraclone21,1344,84,77,1635561237_634422.png,1635561237_634422_gfp.png,1635561237_634422_ph.png,1046,782,1130,859,7341,6493,7425,6570,6295,5711,7639,7055,4,2643,1007
6,paraclone12,1344,91,77,1635561238_839475.png,1635561238_839475_gfp.png,1635561238_839475_ph.png,462,1226,553,1303,6401,6934,6492,7011,5939,5708,7283,7052,4,2644,1008
6,paraclone12,1344,91,77,1635561240_0296419.png,1635561240_0296419_gfp.png,1635561240_0296419_ph.png,230,1262,321,1339,6401,6934,6492,7011,6171,5672,7515,7016,4,2645,1009
6,paraclone21,1344,84,77,1635561240_0296419.png,1635561240_0296419_gfp.png,1635561240_0296419_ph.png,1170,821,1254,898,7341,6493,7425,6570,6171,5672,7515,7016,4,2646,1009
6,meroclone9,1344,81,86,1635561241_225507.png,1635561241_225507_gfp.png,1635561241_225507_ph.png,1078,1232,1159,1318,5703,6951,5784,7037,4625,5719,5969,7063,4,2647,1010
6,paraclone12,1344,91,77,1635561242_42466.png,1635561242_42466_gfp.png,1635561242_42466_ph.png,825,1201,916,1278,6401,6934,6492,7011,5576,5733,6920,7077,4,2648,1011
6,meroclone9,1344,81,86,1635561242_42466.png,1635561242_42466_gfp.png,1635561242_42466_ph.png,127,1218,208,1304,5703,6951,5784,7037,5576,5733,6920,7077,4,2649,1011
6,paraclone12,1344,91,77,1635561243_613041.png,1635561243_613041_gfp.png,1635561243_613041_ph.png,942,1181,1033,1258,6401,6934,6492,7011,5459,5753,6803,7097,4,2650,1012
6,meroclone9,1344,81,86,1635561243_613041.png,1635561243_613041_gfp.png,1635561243_613041_ph.png,244,1198,325,1284,5703,6951,5784,7037,5459,5753,6803,7097,4,2651,1012
6,meroclone9,1344,81,86,1635561244_841991.png,1635561244_841991_gfp.png,1635561244_841991_ph.png,770,1196,851,1282,5703,6951,5784,7037,4933,5755,6277,7099,4,2652,1013
6,paraclone12,1344,91,77,1635561246_1172109.png,1635561246_1172109_gfp.png,1635561246_1172109_ph.png,1102,1222,1193,1299,6401,6934,6492,7011,5299,5712,6643,7056,4,2653,1014
6,meroclone9,1344,81,86,1635561246_1172109.png,1635561246_1172109_gfp.png,1635561246_1172109_ph.png,404,1239,485,1325,5703,6951,5784,7037,5299,5712,6643,7056,4,2654,1014
6,meroclone9,1344,81,86,1635561247_36992.png,1635561247_36992_gfp.png,1635561247_36992_ph.png,858,1257,939,1343,5703,6951,5784,7037,4845,5694,6189,7038,4,2655,1015
6,meroclone9,1344,81,86,1635561248_580897.png,1635561248_580897_gfp.png,1635561248_580897_ph.png,719,1194,800,1280,5703,6951,5784,7037,4984,5757,6328,7101,4,2656,1016
6,meroclone9,1344,81,86,1635561249_779779.png,1635561249_779779_gfp.png,1635561249_779779_ph.png,947,1231,1028,1317,5703,6951,5784,7037,4756,5720,6100,7064,4,2657,1017
6,meroclone9,1344,81,86,1635561250_9839191.png,1635561250_9839191_gfp.png,1635561250_9839191_ph.png,764,1240,845,1326,5703,6951,5784,7037,4939,5711,6283,7055,4,2658,1018
6,meroclone9,1344,81,86,1635561252_185438.png,1635561252_185438_gfp.png,1635561252_185438_ph.png,1160,1221,1241,1307,5703,6951,5784,7037,4543,5730,5887,7074,4,2659,1019
6,meroclone10,1344,54,70,1635561253_3932312.png,1635561253_3932312_gfp.png,1635561253_3932312_ph.png,1275,252,1329,322,7996,1392,8050,1462,6721,1140,8065,2484,4,2660,1020
6,meroclone10,1344,54,70,1635561254_625126.png,1635561254_625126_gfp.png,1635561254_625126_ph.png,1283,1036,1337,1106,7996,1392,8050,1462,6713,356,8057,1700,4,2661,1021
6,meroclone10,1344,54,70,1635561255_8583639.png,1635561255_8583639_gfp.png,1635561255_8583639_ph.png,1286,869,1340,939,7996,1392,8050,1462,6710,523,8054,1867,4,2662,1022
6,meroclone10,1344,54,70,1635561257_0947788.png,1635561257_0947788_gfp.png,1635561257_0947788_ph.png,1281,227,1335,297,7996,1392,8050,1462,6715,1165,8059,2509,4,2663,1023
6,meroclone10,1344,54,70,1635561258_324339.png,1635561258_324339_gfp.png,1635561258_324339_ph.png,1288,930,1342,1000,7996,1392,8050,1462,6708,462,8052,1806,4,2664,1024
6,meroclone10,1344,54,70,1635561259_554042.png,1635561259_554042_gfp.png,1635561259_554042_ph.png,1285,740,1339,810,7996,1392,8050,1462,6711,652,8055,1996,4,2665,1025
6,meroclone10,1344,54,70,1635561260_7777312.png,1635561260_7777312_gfp.png,1635561260_7777312_ph.png,1280,843,1334,913,7996,1392,8050,1462,6716,549,8060,1893,4,2666,1026
6,meroclone10,1344,54,70,1635561262_011567.png,1635561262_011567_gfp.png,1635561262_011567_ph.png,1279,705,1333,775,7996,1392,8050,1462,6717,687,8061,2031,4,2667,1027
6,meroclone10,1344,54,70,1635561263_242624.png,1635561263_242624_gfp.png,1635561263_242624_ph.png,1280,559,1334,629,7996,1392,8050,1462,6716,833,8060,2177,4,2668,1028
6,meroclone10,1344,54,70,1635561264_470448.png,1635561264_470448_gfp.png,1635561264_470448_ph.png,1277,836,1331,906,7996,1392,8050,1462,6719,556,8063,1900,4,2669,1029
6,meroclone12,1344,113,109,1635561265_693417.png,1635561265_693417_gfp.png,1635561265_693417_ph.png,260,1235,373,1344,869,6994,982,7103,609,5759,1953,7103,4,2670,1030
6,meroclone12,1344,113,109,1635561266_908513.png,1635561266_908513_gfp.png,1635561266_908513_ph.png,71,1235,184,1344,869,6994,982,7103,798,5759,2142,7103,4,2671,1031
6,meroclone12,1344,113,109,1635561268_130741.png,1635561268_130741_gfp.png,1635561268_130741_ph.png,737,1235,850,1344,869,6994,982,7103,132,5759,1476,7103,4,2672,1032
6,meroclone12,1344,113,109,1635561269_344362.png,1635561269_344362_gfp.png,1635561269_344362_ph.png,519,1235,632,1344,869,6994,982,7103,350,5759,1694,7103,4,2673,1033
6,meroclone12,1344,113,109,1635561270_552545.png,1635561270_552545_gfp.png,1635561270_552545_ph.png,869,1235,982,1344,869,6994,982,7103,0,5759,1344,7103,4,2674,1034
6,meroclone12,1344,113,109,1635561271_761766.png,1635561271_761766_gfp.png,1635561271_761766_ph.png,869,1235,982,1344,869,6994,982,7103,0,5759,1344,7103,4,2675,1035
6,meroclone12,1344,113,109,1635561272_9809978.png,1635561272_9809978_gfp.png,1635561272_9809978_ph.png,337,1234,450,1343,869,6994,982,7103,532,5760,1876,7104,4,2676,1036
6,meroclone12,1344,113,109,1635561274_1934998.png,1635561274_1934998_gfp.png,1635561274_1934998_ph.png,548,1235,661,1344,869,6994,982,7103,321,5759,1665,7103,4,2677,1037
6,meroclone12,1344,113,109,1635561275_403797.png,1635561275_403797_gfp.png,1635561275_403797_ph.png,551,1234,664,1343,869,6994,982,7103,318,5760,1662,7104,4,2678,1038
6,meroclone12,1344,113,109,1635561276_618259.png,1635561276_618259_gfp.png,1635561276_618259_ph.png,278,1235,391,1344,869,6994,982,7103,591,5759,1935,7103,4,2679,1039
6,holoclone4,1344,146,145,1635561277_830461.png,1635561277_830461_gfp.png,1635561277_830461_ph.png,1056,310,1202,455,4788,310,4934,455,3732,0,5076,1344,4,2680,1040
6,paraclone13,1344,49,51,1635561277_830461.png,1635561277_830461_gfp.png,1635561277_830461_ph.png,804,170,853,221,4536,170,4585,221,3732,0,5076,1344,4,2681,1040
6,paraclone13,1344,49,51,1635561279_044779.png,1635561279_044779_gfp.png,1635561279_044779_ph.png,1103,11,1152,62,4536,170,4585,221,3433,159,4777,1503,4,2682,1041
6,paraclone13,1344,49,51,1635561280_2543948.png,1635561280_2543948_gfp.png,1635561280_2543948_ph.png,1187,170,1236,221,4536,170,4585,221,3349,0,4693,1344,4,2683,1042
6,holoclone4,1344,146,145,1635561281_462351.png,1635561281_462351_gfp.png,1635561281_462351_ph.png,759,310,905,455,4788,310,4934,455,4029,0,5373,1344,4,2684,1043
6,paraclone13,1344,49,51,1635561281_462351.png,1635561281_462351_gfp.png,1635561281_462351_ph.png,507,170,556,221,4536,170,4585,221,4029,0,5373,1344,4,2685,1043
6,holoclone4,1344,146,145,1635561282_671197.png,1635561282_671197_gfp.png,1635561282_671197_ph.png,691,310,837,455,4788,310,4934,455,4097,0,5441,1344,4,2686,1044
6,paraclone13,1344,49,51,1635561282_671197.png,1635561282_671197_gfp.png,1635561282_671197_ph.png,439,170,488,221,4536,170,4585,221,4097,0,5441,1344,4,2687,1044
6,holoclone4,1344,146,145,1635561283_888992.png,1635561283_888992_gfp.png,1635561283_888992_ph.png,405,310,551,455,4788,310,4934,455,4383,0,5727,1344,4,2688,1045
6,paraclone13,1344,49,51,1635561283_888992.png,1635561283_888992_gfp.png,1635561283_888992_ph.png,153,170,202,221,4536,170,4585,221,4383,0,5727,1344,4,2689,1045
6,holoclone4,1344,146,145,1635561285_0989609.png,1635561285_0989609_gfp.png,1635561285_0989609_ph.png,358,310,504,455,4788,310,4934,455,4430,0,5774,1344,4,2690,1046
6,paraclone13,1344,49,51,1635561285_0989609.png,1635561285_0989609_gfp.png,1635561285_0989609_ph.png,106,170,155,221,4536,170,4585,221,4430,0,5774,1344,4,2691,1046
6,holoclone4,1344,146,145,1635561286_3213708.png,1635561286_3213708_gfp.png,1635561286_3213708_ph.png,566,310,712,455,4788,310,4934,455,4222,0,5566,1344,4,2692,1047
6,paraclone13,1344,49,51,1635561286_3213708.png,1635561286_3213708_gfp.png,1635561286_3213708_ph.png,314,170,363,221,4536,170,4585,221,4222,0,5566,1344,4,2693,1047
6,holoclone4,1344,146,145,1635561287_534183.png,1635561287_534183_gfp.png,1635561287_534183_ph.png,566,310,712,455,4788,310,4934,455,4222,0,5566,1344,4,2694,1048
6,paraclone13,1344,49,51,1635561287_534183.png,1635561287_534183_gfp.png,1635561287_534183_ph.png,314,170,363,221,4536,170,4585,221,4222,0,5566,1344,4,2695,1048
6,paraclone13,1344,49,51,1635561288_747257.png,1635561288_747257_gfp.png,1635561288_747257_ph.png,1210,170,1259,221,4536,170,4585,221,3326,0,4670,1344,4,2696,1049
6,meroclone6,1344,179,103,1635561289_952297.png,1635561289_952297_gfp.png,1635561289_952297_ph.png,919,574,1098,677,3239,1669,3418,1772,2320,1095,3664,2439,4,2697,1050
6,paraclone14,1344,54,59,1635561289_952297.png,1635561289_952297_gfp.png,1635561289_952297_ph.png,889,134,943,193,3209,1229,3263,1288,2320,1095,3664,2439,4,2698,1050
6,paraclone15,1344,89,77,1635561289_952297.png,1635561289_952297_gfp.png,1635561289_952297_ph.png,55,592,144,669,2375,1687,2464,1764,2320,1095,3664,2439,4,2699,1050
6,paraclone14,1344,54,59,1635561291_163517.png,1635561291_163517_gfp.png,1635561291_163517_ph.png,85,1000,139,1059,3209,1229,3263,1288,3124,229,4468,1573,4,2700,1051
6,meroclone6,1344,179,103,1635561292_382727.png,1635561292_382727_gfp.png,1635561292_382727_ph.png,945,542,1124,645,3239,1669,3418,1772,2294,1127,3638,2471,4,2701,1052
6,paraclone14,1344,54,59,1635561292_382727.png,1635561292_382727_gfp.png,1635561292_382727_ph.png,915,102,969,161,3209,1229,3263,1288,2294,1127,3638,2471,4,2702,1052
6,paraclone15,1344,89,77,1635561292_382727.png,1635561292_382727_gfp.png,1635561292_382727_ph.png,81,560,170,637,2375,1687,2464,1764,2294,1127,3638,2471,4,2703,1052
6,meroclone6,1344,179,103,1635561293_5955572.png,1635561293_5955572_gfp.png,1635561293_5955572_ph.png,148,755,327,858,3239,1669,3418,1772,3091,914,4435,2258,4,2704,1053
6,paraclone14,1344,54,59,1635561293_5955572.png,1635561293_5955572_gfp.png,1635561293_5955572_ph.png,118,315,172,374,3209,1229,3263,1288,3091,914,4435,2258,4,2705,1053
6,paraclone14,1344,54,59,1635561294_806704.png,1635561294_806704_gfp.png,1635561294_806704_ph.png,143,1227,197,1286,3209,1229,3263,1288,3066,2,4410,1346,4,2706,1054
6,holoclone6,1344,243,250,1635561296_010963.png,1635561296_010963_gfp.png,1635561296_010963_ph.png,119,641,362,891,2536,880,2779,1130,2417,239,3761,1583,4,2707,1055
6,paraclone14,1344,54,59,1635561296_010963.png,1635561296_010963_gfp.png,1635561296_010963_ph.png,792,990,846,1049,3209,1229,3263,1288,2417,239,3761,1583,4,2708,1055
6,holoclone5,1344,328,381,1635561297_219092.png,1635561297_219092_gfp.png,1635561297_219092_ph.png,152,81,480,462,2421,108,2749,489,2269,27,3613,1371,4,2709,1056
6,holoclone6,1344,243,250,1635561297_219092.png,1635561297_219092_gfp.png,1635561297_219092_ph.png,267,853,510,1103,2536,880,2779,1130,2269,27,3613,1371,4,2710,1056
6,paraclone14,1344,54,59,1635561297_219092.png,1635561297_219092_gfp.png,1635561297_219092_ph.png,940,1202,994,1261,3209,1229,3263,1288,2269,27,3613,1371,4,2711,1056
6,meroclone6,1344,179,103,1635561298_459488.png,1635561298_459488_gfp.png,1635561298_459488_ph.png,498,1240,677,1343,3239,1669,3418,1772,2741,429,4085,1773,4,2712,1057
6,paraclone14,1344,54,59,1635561298_459488.png,1635561298_459488_gfp.png,1635561298_459488_ph.png,468,800,522,859,3209,1229,3263,1288,2741,429,4085,1773,4,2713,1057
6,meroclone6,1344,179,103,1635561299_837724.png,1635561299_837724_gfp.png,1635561299_837724_ph.png,197,952,376,1055,3239,1669,3418,1772,3042,717,4386,2061,4,2714,1058
6,paraclone14,1344,54,59,1635561299_837724.png,1635561299_837724_gfp.png,1635561299_837724_ph.png,167,512,221,571,3209,1229,3263,1288,3042,717,4386,2061,4,2715,1058
6,meroclone6,1344,179,103,1635561301_3875608.png,1635561301_3875608_gfp.png,1635561301_3875608_ph.png,830,810,1009,913,3239,1669,3418,1772,2409,859,3753,2203,4,2716,1059
6,holoclone6,1344,243,250,1635561301_3875608.png,1635561301_3875608_gfp.png,1635561301_3875608_ph.png,127,21,370,271,2536,880,2779,1130,2409,859,3753,2203,4,2717,1059
6,paraclone14,1344,54,59,1635561301_3875608.png,1635561301_3875608_gfp.png,1635561301_3875608_ph.png,800,370,854,429,3209,1229,3263,1288,2409,859,3753,2203,4,2718,1059
6,meroclone6,1344,179,103,1635561302_654586.png,1635561302_654586_gfp.png,1635561302_654586_ph.png,1024,199,1203,302,3239,1669,3418,1772,2215,1470,3559,2814,4,2719,1060
6,paraclone15,1344,89,77,1635561302_654586.png,1635561302_654586_gfp.png,1635561302_654586_ph.png,160,217,249,294,2375,1687,2464,1764,2215,1470,3559,2814,4,2720,1060
6,meroclone6,1344,179,103,1635561303_996557.png,1635561303_996557_gfp.png,1635561303_996557_ph.png,1096,478,1275,581,3239,1669,3418,1772,2143,1191,3487,2535,4,2721,1061
6,paraclone14,1344,54,59,1635561303_996557.png,1635561303_996557_gfp.png,1635561303_996557_ph.png,1066,38,1120,97,3209,1229,3263,1288,2143,1191,3487,2535,4,2722,1061
6,paraclone15,1344,89,77,1635561303_996557.png,1635561303_996557_gfp.png,1635561303_996557_ph.png,232,496,321,573,2375,1687,2464,1764,2143,1191,3487,2535,4,2723,1061
6,paraclone15,1344,89,77,1635561305_244753.png,1635561305_244753_gfp.png,1635561305_244753_ph.png,368,4,457,81,2375,1687,2464,1764,2007,1683,3351,3027,4,2724,1062
6,meroclone6,1344,179,103,1635561306_472157.png,1635561306_472157_gfp.png,1635561306_472157_ph.png,1133,950,1312,1053,3239,1669,3418,1772,2106,719,3450,2063,4,2725,1063
6,holoclone6,1344,243,250,1635561306_472157.png,1635561306_472157_gfp.png,1635561306_472157_ph.png,430,161,673,411,2536,880,2779,1130,2106,719,3450,2063,4,2726,1063
6,paraclone14,1344,54,59,1635561306_472157.png,1635561306_472157_gfp.png,1635561306_472157_ph.png,1103,510,1157,569,3209,1229,3263,1288,2106,719,3450,2063,4,2727,1063
6,paraclone15,1344,89,77,1635561306_472157.png,1635561306_472157_gfp.png,1635561306_472157_ph.png,269,968,358,1045,2375,1687,2464,1764,2106,719,3450,2063,4,2728,1063
6,meroclone7,1344,146,168,1635561307_6939158.png,1635561307_6939158_gfp.png,1635561307_6939158_ph.png,436,28,582,196,1860,1382,2006,1550,1424,1354,2768,2698,4,2729,1064
6,paraclone15,1344,89,77,1635561307_6939158.png,1635561307_6939158_gfp.png,1635561307_6939158_ph.png,951,333,1040,410,2375,1687,2464,1764,1424,1354,2768,2698,4,2730,1064
6,meroclone7,1344,146,168,1635561308_9178529.png,1635561308_9178529_gfp.png,1635561308_9178529_ph.png,147,292,293,460,1860,1382,2006,1550,1713,1090,3057,2434,4,2731,1065
6,paraclone15,1344,89,77,1635561308_9178529.png,1635561308_9178529_gfp.png,1635561308_9178529_ph.png,662,597,751,674,2375,1687,2464,1764,1713,1090,3057,2434,4,2732,1065
6,paraclone15,1344,89,77,1635561310_1392798.png,1635561310_1392798_gfp.png,1635561310_1392798_ph.png,991,55,1080,132,2375,1687,2464,1764,1384,1632,2728,2976,4,2733,1066
6,meroclone7,1344,146,168,1635561311_359547.png,1635561311_359547_gfp.png,1635561311_359547_ph.png,58,566,204,734,1860,1382,2006,1550,1802,816,3146,2160,4,2734,1067
6,holoclone6,1344,243,250,1635561311_359547.png,1635561311_359547_gfp.png,1635561311_359547_ph.png,734,64,977,314,2536,880,2779,1130,1802,816,3146,2160,4,2735,1067
6,paraclone15,1344,89,77,1635561311_359547.png,1635561311_359547_gfp.png,1635561311_359547_ph.png,573,871,662,948,2375,1687,2464,1764,1802,816,3146,2160,4,2736,1067
6,paraclone15,1344,89,77,1635561312_580102.png,1635561312_580102_gfp.png,1635561312_580102_ph.png,823,94,912,171,2375,1687,2464,1764,1552,1593,2896,2937,4,2737,1068
6,paraclone1,1344,81,103,1635561313_795412.png,1635561313_795412_gfp.png,1635561313_795412_ph.png,144,986,225,1089,1331,2556,1412,2659,1187,1570,2531,2914,4,2738,1069
6,paraclone15,1344,89,77,1635561313_795412.png,1635561313_795412_gfp.png,1635561313_795412_ph.png,1188,117,1277,194,2375,1687,2464,1764,1187,1570,2531,2914,4,2739,1069
6,paraclone3,1344,62,80,1635561315_0229702.png,1635561315_0229702_gfp.png,1635561315_0229702_ph.png,894,926,956,1006,5364,3796,5426,3876,4470,2870,5814,4214,4,2740,1070
6,meroclone2,1344,85,67,1635561315_0229702.png,1635561315_0229702_gfp.png,1635561315_0229702_ph.png,231,29,316,96,4701,2899,4786,2966,4470,2870,5814,4214,4,2741,1070
6,paraclone16,1344,62,58,1635561315_0229702.png,1635561315_0229702_gfp.png,1635561315_0229702_ph.png,35,676,97,734,4505,3546,4567,3604,4470,2870,5814,4214,4,2742,1070
6,paraclone18,1344,51,54,1635561315_0229702.png,1635561315_0229702_gfp.png,1635561315_0229702_ph.png,786,1169,837,1223,5256,4039,5307,4093,4470,2870,5814,4214,4,2743,1070
6,paraclone20,1344,44,51,1635561315_0229702.png,1635561315_0229702_gfp.png,1635561315_0229702_ph.png,14,6,58,57,4484,2876,4528,2927,4470,2870,5814,4214,4,2744,1070
6,paraclone5,1344,15,23,1635561316_287053.png,1635561316_287053_gfp.png,1635561316_287053_ph.png,382,520,397,543,3858,2921,3873,2944,3476,2401,4820,3745,4,2745,1071
6,meroclone2,1344,85,67,1635561316_287053.png,1635561316_287053_gfp.png,1635561316_287053_ph.png,1225,498,1310,565,4701,2899,4786,2966,3476,2401,4820,3745,4,2746,1071
6,paraclone7,1344,60,53,1635561316_287053.png,1635561316_287053_gfp.png,1635561316_287053_ph.png,916,1021,976,1074,4392,3422,4452,3475,3476,2401,4820,3745,4,2747,1071
6,paraclone16,1344,62,58,1635561316_287053.png,1635561316_287053_gfp.png,1635561316_287053_ph.png,1029,1145,1091,1203,4505,3546,4567,3604,3476,2401,4820,3745,4,2748,1071
6,paraclone19,1344,62,63,1635561316_287053.png,1635561316_287053_gfp.png,1635561316_287053_ph.png,988,798,1050,861,4464,3199,4526,3262,3476,2401,4820,3745,4,2749,1071
6,paraclone20,1344,44,51,1635561316_287053.png,1635561316_287053_gfp.png,1635561316_287053_ph.png,1008,475,1052,526,4484,2876,4528,2927,3476,2401,4820,3745,4,2750,1071
6,paraclone7,1344,60,53,1635561317_522308.png,1635561317_522308_gfp.png,1635561317_522308_ph.png,707,392,767,445,4392,3422,4452,3475,3685,3030,5029,4374,4,2751,1072
6,paraclone16,1344,62,58,1635561317_522308.png,1635561317_522308_gfp.png,1635561317_522308_ph.png,820,516,882,574,4505,3546,4567,3604,3685,3030,5029,4374,4,2752,1072
6,paraclone19,1344,62,63,1635561317_522308.png,1635561317_522308_gfp.png,1635561317_522308_ph.png,779,169,841,232,4464,3199,4526,3262,3685,3030,5029,4374,4,2753,1072
6,paraclone5,1344,15,23,1635561318_818016.png,1635561318_818016_gfp.png,1635561318_818016_ph.png,312,278,327,301,3858,2921,3873,2944,3546,2643,4890,3987,4,2754,1073
6,meroclone2,1344,85,67,1635561318_818016.png,1635561318_818016_gfp.png,1635561318_818016_ph.png,1155,256,1240,323,4701,2899,4786,2966,3546,2643,4890,3987,4,2755,1073
6,paraclone7,1344,60,53,1635561318_818016.png,1635561318_818016_gfp.png,1635561318_818016_ph.png,846,779,906,832,4392,3422,4452,3475,3546,2643,4890,3987,4,2756,1073
6,paraclone16,1344,62,58,1635561318_818016.png,1635561318_818016_gfp.png,1635561318_818016_ph.png,959,903,1021,961,4505,3546,4567,3604,3546,2643,4890,3987,4,2757,1073
6,paraclone19,1344,62,63,1635561318_818016.png,1635561318_818016_gfp.png,1635561318_818016_ph.png,918,556,980,619,4464,3199,4526,3262,3546,2643,4890,3987,4,2758,1073
6,paraclone20,1344,44,51,1635561318_818016.png,1635561318_818016_gfp.png,1635561318_818016_ph.png,938,233,982,284,4484,2876,4528,2927,3546,2643,4890,3987,4,2759,1073
6,paraclone7,1344,60,53,1635561320_041433.png,1635561320_041433_gfp.png,1635561320_041433_ph.png,719,430,779,483,4392,3422,4452,3475,3673,2992,5017,4336,4,2760,1074
6,paraclone16,1344,62,58,1635561320_041433.png,1635561320_041433_gfp.png,1635561320_041433_ph.png,832,554,894,612,4505,3546,4567,3604,3673,2992,5017,4336,4,2761,1074
6,paraclone19,1344,62,63,1635561320_041433.png,1635561320_041433_gfp.png,1635561320_041433_ph.png,791,207,853,270,4464,3199,4526,3262,3673,2992,5017,4336,4,2762,1074
6,paraclone3,1344,62,80,1635561321_259862.png,1635561321_259862_gfp.png,1635561321_259862_ph.png,1121,517,1183,597,5364,3796,5426,3876,4243,3279,5587,4623,4,2763,1075
6,paraclone7,1344,60,53,1635561321_259862.png,1635561321_259862_gfp.png,1635561321_259862_ph.png,149,143,209,196,4392,3422,4452,3475,4243,3279,5587,4623,4,2764,1075
6,paraclone16,1344,62,58,1635561321_259862.png,1635561321_259862_gfp.png,1635561321_259862_ph.png,262,267,324,325,4505,3546,4567,3604,4243,3279,5587,4623,4,2765,1075
6,paraclone18,1344,51,54,1635561321_259862.png,1635561321_259862_gfp.png,1635561321_259862_ph.png,1013,760,1064,814,5256,4039,5307,4093,4243,3279,5587,4623,4,2766,1075
6,paraclone5,1344,15,23,1635561322_478087.png,1635561322_478087_gfp.png,1635561322_478087_ph.png,3,598,18,621,3858,2921,3873,2944,3855,2323,5199,3667,4,2767,1076
6,meroclone2,1344,85,67,1635561322_478087.png,1635561322_478087_gfp.png,1635561322_478087_ph.png,846,576,931,643,4701,2899,4786,2966,3855,2323,5199,3667,4,2768,1076
6,paraclone7,1344,60,53,1635561322_478087.png,1635561322_478087_gfp.png,1635561322_478087_ph.png,537,1099,597,1152,4392,3422,4452,3475,3855,2323,5199,3667,4,2769,1076
6,paraclone16,1344,62,58,1635561322_478087.png,1635561322_478087_gfp.png,1635561322_478087_ph.png,650,1223,712,1281,4505,3546,4567,3604,3855,2323,5199,3667,4,2770,1076
6,paraclone19,1344,62,63,1635561322_478087.png,1635561322_478087_gfp.png,1635561322_478087_ph.png,609,876,671,939,4464,3199,4526,3262,3855,2323,5199,3667,4,2771,1076
6,paraclone20,1344,44,51,1635561322_478087.png,1635561322_478087_gfp.png,1635561322_478087_ph.png,629,553,673,604,4484,2876,4528,2927,3855,2323,5199,3667,4,2772,1076
6,paraclone8,1344,77,75,1635561323_691315.png,1635561323_691315_gfp.png,1635561323_691315_ph.png,673,974,750,1049,4084,4444,4161,4519,3411,3470,4755,4814,4,2773,1077
6,meroclone3,1344,36,44,1635561323_691315.png,1635561323_691315_gfp.png,1635561323_691315_ph.png,145,967,181,1011,3556,4437,3592,4481,3411,3470,4755,4814,4,2774,1077
6,paraclone10,1344,111,113,1635561323_691315.png,1635561323_691315_gfp.png,1635561323_691315_ph.png,315,1011,426,1124,3726,4481,3837,4594,3411,3470,4755,4814,4,2775,1077
6,paraclone16,1344,62,58,1635561323_691315.png,1635561323_691315_gfp.png,1635561323_691315_ph.png,1094,76,1156,134,4505,3546,4567,3604,3411,3470,4755,4814,4,2776,1077
6,paraclone5,1344,15,23,1635561324_915155.png,1635561324_915155_gfp.png,1635561324_915155_ph.png,363,421,378,444,3858,2921,3873,2944,3495,2500,4839,3844,4,2777,1078
6,meroclone2,1344,85,67,1635561324_915155.png,1635561324_915155_gfp.png,1635561324_915155_ph.png,1206,399,1291,466,4701,2899,4786,2966,3495,2500,4839,3844,4,2778,1078
6,paraclone7,1344,60,53,1635561324_915155.png,1635561324_915155_gfp.png,1635561324_915155_ph.png,897,922,957,975,4392,3422,4452,3475,3495,2500,4839,3844,4,2779,1078
6,paraclone16,1344,62,58,1635561324_915155.png,1635561324_915155_gfp.png,1635561324_915155_ph.png,1010,1046,1072,1104,4505,3546,4567,3604,3495,2500,4839,3844,4,2780,1078
6,paraclone19,1344,62,63,1635561324_915155.png,1635561324_915155_gfp.png,1635561324_915155_ph.png,969,699,1031,762,4464,3199,4526,3262,3495,2500,4839,3844,4,2781,1078
6,paraclone20,1344,44,51,1635561324_915155.png,1635561324_915155_gfp.png,1635561324_915155_ph.png,989,376,1033,427,4484,2876,4528,2927,3495,2500,4839,3844,4,2782,1078
6,paraclone5,1344,15,23,1635561326_133256.png,1635561326_133256_gfp.png,1635561326_133256_ph.png,467,104,482,127,3858,2921,3873,2944,3391,2817,4735,4161,4,2783,1079
6,paraclone7,1344,60,53,1635561326_133256.png,1635561326_133256_gfp.png,1635561326_133256_ph.png,1001,605,1061,658,4392,3422,4452,3475,3391,2817,4735,4161,4,2784,1079
6,paraclone16,1344,62,58,1635561326_133256.png,1635561326_133256_gfp.png,1635561326_133256_ph.png,1114,729,1176,787,4505,3546,4567,3604,3391,2817,4735,4161,4,2785,1079
6,paraclone19,1344,62,63,1635561326_133256.png,1635561326_133256_gfp.png,1635561326_133256_ph.png,1073,382,1135,445,4464,3199,4526,3262,3391,2817,4735,4161,4,2786,1079
6,paraclone20,1344,44,51,1635561326_133256.png,1635561326_133256_gfp.png,1635561326_133256_ph.png,1093,59,1137,110,4484,2876,4528,2927,3391,2817,4735,4161,4,2787,1079
6,holoclone3,1344,130,125,1635561327_60035.png,1635561327_60035_gfp.png,1635561327_60035_ph.png,1032,891,1162,1016,2796,5052,2926,5177,1764,4161,3108,5505,4,2788,1080
6,paraclone17,1344,67,64,1635561327_60035.png,1635561327_60035_gfp.png,1635561327_60035_ph.png,1089,1175,1156,1239,2853,5336,2920,5400,1764,4161,3108,5505,4,2789,1080
6,paraclone8,1344,77,75,1635561328_9278321.png,1635561328_9278321_gfp.png,1635561328_9278321_ph.png,1255,231,1332,306,4084,4444,4161,4519,2829,4213,4173,5557,4,2790,1081
6,meroclone3,1344,36,44,1635561328_9278321.png,1635561328_9278321_gfp.png,1635561328_9278321_ph.png,727,224,763,268,3556,4437,3592,4481,2829,4213,4173,5557,4,2791,1081
6,paraclone10,1344,111,113,1635561328_9278321.png,1635561328_9278321_gfp.png,1635561328_9278321_ph.png,897,268,1008,381,3726,4481,3837,4594,2829,4213,4173,5557,4,2792,1081
6,paraclone17,1344,67,64,1635561328_9278321.png,1635561328_9278321_gfp.png,1635561328_9278321_ph.png,24,1123,91,1187,2853,5336,2920,5400,2829,4213,4173,5557,4,2793,1081
6,holoclone3,1344,130,125,1635561330_259955.png,1635561330_259955_gfp.png,1635561330_259955_ph.png,940,709,1070,834,2796,5052,2926,5177,1856,4343,3200,5687,4,2794,1082
6,paraclone17,1344,67,64,1635561330_259955.png,1635561330_259955_gfp.png,1635561330_259955_ph.png,997,993,1064,1057,2853,5336,2920,5400,1856,4343,3200,5687,4,2795,1082
6,holoclone3,1344,130,125,1635561331_491806.png,1635561331_491806_gfp.png,1635561331_491806_ph.png,207,991,337,1116,2796,5052,2926,5177,2589,4061,3933,5405,4,2796,1083
6,meroclone3,1344,36,44,1635561331_491806.png,1635561331_491806_gfp.png,1635561331_491806_ph.png,967,376,1003,420,3556,4437,3592,4481,2589,4061,3933,5405,4,2797,1083
6,paraclone10,1344,111,113,1635561331_491806.png,1635561331_491806_gfp.png,1635561331_491806_ph.png,1137,420,1248,533,3726,4481,3837,4594,2589,4061,3933,5405,4,2798,1083
6,paraclone17,1344,67,64,1635561331_491806.png,1635561331_491806_gfp.png,1635561331_491806_ph.png,264,1275,331,1339,2853,5336,2920,5400,2589,4061,3933,5405,4,2799,1083
6,paraclone17,1344,67,64,1635561332_7121139.png,1635561332_7121139_gfp.png,1635561332_7121139_ph.png,263,58,330,122,2853,5336,2920,5400,2590,5278,3934,6622,4,2800,1084
6,holoclone3,1344,130,125,1635561333_93603.png,1635561333_93603_gfp.png,1635561333_93603_ph.png,1162,355,1292,480,2796,5052,2926,5177,1634,4697,2978,6041,4,2801,1085
6,paraclone17,1344,67,64,1635561333_93603.png,1635561333_93603_gfp.png,1635561333_93603_ph.png,1219,639,1286,703,2853,5336,2920,5400,1634,4697,2978,6041,4,2802,1085
6,holoclone3,1344,130,125,1635561335_234965.png,1635561335_234965_gfp.png,1635561335_234965_ph.png,602,153,732,278,2796,5052,2926,5177,2194,4899,3538,6243,4,2803,1086
6,paraclone17,1344,67,64,1635561335_234965.png,1635561335_234965_gfp.png,1635561335_234965_ph.png,659,437,726,501,2853,5336,2920,5400,2194,4899,3538,6243,4,2804,1086
6,paraclone17,1344,67,64,1635561336_468271.png,1635561336_468271_gfp.png,1635561336_468271_ph.png,1024,180,1091,244,2853,5336,2920,5400,1829,5156,3173,6500,4,2805,1087
6,holoclone3,1344,130,125,1635561337_696086.png,1635561337_696086_gfp.png,1635561337_696086_ph.png,15,853,145,978,2796,5052,2926,5177,2781,4199,4125,5543,4,2806,1088
6,meroclone3,1344,36,44,1635561337_696086.png,1635561337_696086_gfp.png,1635561337_696086_ph.png,775,238,811,282,3556,4437,3592,4481,2781,4199,4125,5543,4,2807,1088
6,paraclone10,1344,111,113,1635561337_696086.png,1635561337_696086_gfp.png,1635561337_696086_ph.png,945,282,1056,395,3726,4481,3837,4594,2781,4199,4125,5543,4,2808,1088
6,paraclone17,1344,67,64,1635561337_696086.png,1635561337_696086_gfp.png,1635561337_696086_ph.png,72,1137,139,1201,2853,5336,2920,5400,2781,4199,4125,5543,4,2809,1088
6,holoclone3,1344,130,125,1635561338_9245682.png,1635561338_9245682_gfp.png,1635561338_9245682_ph.png,77,969,207,1094,2796,5052,2926,5177,2719,4083,4063,5427,4,2810,1089
6,meroclone3,1344,36,44,1635561338_9245682.png,1635561338_9245682_gfp.png,1635561338_9245682_ph.png,837,354,873,398,3556,4437,3592,4481,2719,4083,4063,5427,4,2811,1089
6,paraclone10,1344,111,113,1635561338_9245682.png,1635561338_9245682_gfp.png,1635561338_9245682_ph.png,1007,398,1118,511,3726,4481,3837,4594,2719,4083,4063,5427,4,2812,1089
6,paraclone17,1344,67,64,1635561338_9245682.png,1635561338_9245682_gfp.png,1635561338_9245682_ph.png,134,1253,201,1317,2853,5336,2920,5400,2719,4083,4063,5427,4,2813,1089
6,paraclone3,1344,62,80,1635561340_142605.png,1635561340_142605_gfp.png,1635561340_142605_ph.png,663,356,725,436,5364,3796,5426,3876,4701,3440,6045,4784,4,2814,1090
6,paraclone18,1344,51,54,1635561340_142605.png,1635561340_142605_gfp.png,1635561340_142605_ph.png,555,599,606,653,5256,4039,5307,4093,4701,3440,6045,4784,4,2815,1090
6,paraclone3,1344,62,80,1635561341_361207.png,1635561341_361207_gfp.png,1635561341_361207_ph.png,334,815,396,895,5364,3796,5426,3876,5030,2981,6374,4325,4,2816,1091
6,paraclone18,1344,51,54,1635561341_361207.png,1635561341_361207_gfp.png,1635561341_361207_ph.png,226,1058,277,1112,5256,4039,5307,4093,5030,2981,6374,4325,4,2817,1091
6,paraclone3,1344,62,80,1635561342_5756989.png,1635561342_5756989_gfp.png,1635561342_5756989_ph.png,1269,16,1331,96,5364,3796,5426,3876,4095,3780,5439,5124,4,2818,1092
6,paraclone18,1344,51,54,1635561342_5756989.png,1635561342_5756989_gfp.png,1635561342_5756989_ph.png,1161,259,1212,313,5256,4039,5307,4093,4095,3780,5439,5124,4,2819,1092
6,paraclone3,1344,62,80,1635561343_795093.png,1635561343_795093_gfp.png,1635561343_795093_ph.png,800,134,862,214,5364,3796,5426,3876,4564,3662,5908,5006,4,2820,1093
6,paraclone18,1344,51,54,1635561343_795093.png,1635561343_795093_gfp.png,1635561343_795093_ph.png,692,377,743,431,5256,4039,5307,4093,4564,3662,5908,5006,4,2821,1093
6,paraclone3,1344,62,80,1635561345_017508.png,1635561345_017508_gfp.png,1635561345_017508_ph.png,394,575,456,655,5364,3796,5426,3876,4970,3221,6314,4565,4,2822,1094
6,paraclone18,1344,51,54,1635561345_017508.png,1635561345_017508_gfp.png,1635561345_017508_ph.png,286,818,337,872,5256,4039,5307,4093,4970,3221,6314,4565,4,2823,1094
6,paraclone3,1344,62,80,1635561346_2367628.png,1635561346_2367628_gfp.png,1635561346_2367628_ph.png,549,344,611,424,5364,3796,5426,3876,4815,3452,6159,4796,4,2824,1095
6,paraclone18,1344,51,54,1635561346_2367628.png,1635561346_2367628_gfp.png,1635561346_2367628_ph.png,441,587,492,641,5256,4039,5307,4093,4815,3452,6159,4796,4,2825,1095
6,paraclone3,1344,62,80,1635561347_45679.png,1635561347_45679_gfp.png,1635561347_45679_ph.png,330,112,392,192,5364,3796,5426,3876,5034,3684,6378,5028,4,2826,1096
6,paraclone18,1344,51,54,1635561347_45679.png,1635561347_45679_gfp.png,1635561347_45679_ph.png,222,355,273,409,5256,4039,5307,4093,5034,3684,6378,5028,4,2827,1096
6,paraclone3,1344,62,80,1635561348_679677.png,1635561348_679677_gfp.png,1635561348_679677_ph.png,940,560,1002,640,5364,3796,5426,3876,4424,3236,5768,4580,4,2828,1097
6,paraclone16,1344,62,58,1635561348_679677.png,1635561348_679677_gfp.png,1635561348_679677_ph.png,81,310,143,368,4505,3546,4567,3604,4424,3236,5768,4580,4,2829,1097
6,paraclone18,1344,51,54,1635561348_679677.png,1635561348_679677_gfp.png,1635561348_679677_ph.png,832,803,883,857,5256,4039,5307,4093,4424,3236,5768,4580,4,2830,1097
6,paraclone3,1344,62,80,1635561349_898698.png,1635561349_898698_gfp.png,1635561349_898698_ph.png,822,539,884,619,5364,3796,5426,3876,4542,3257,5886,4601,4,2831,1098
6,paraclone18,1344,51,54,1635561349_898698.png,1635561349_898698_gfp.png,1635561349_898698_ph.png,714,782,765,836,5256,4039,5307,4093,4542,3257,5886,4601,4,2832,1098
6,paraclone18,1344,51,54,1635561351_1158888.png,1635561351_1158888_gfp.png,1635561351_1158888_ph.png,1105,104,1156,158,5256,4039,5307,4093,4151,3935,5495,5279,4,2833,1099
6,paraclone7,1344,60,53,1635561352_3375401.png,1635561352_3375401_gfp.png,1635561352_3375401_ph.png,541,476,601,529,4392,3422,4452,3475,3851,2946,5195,4290,4,2834,1100
6,paraclone16,1344,62,58,1635561352_3375401.png,1635561352_3375401_gfp.png,1635561352_3375401_ph.png,654,600,716,658,4505,3546,4567,3604,3851,2946,5195,4290,4,2835,1100
6,paraclone19,1344,62,63,1635561352_3375401.png,1635561352_3375401_gfp.png,1635561352_3375401_ph.png,613,253,675,316,4464,3199,4526,3262,3851,2946,5195,4290,4,2836,1100
6,paraclone5,1344,15,23,1635561353_554726.png,1635561353_554726_gfp.png,1635561353_554726_ph.png,656,982,671,1005,3858,2921,3873,2944,3202,1939,4546,3283,4,2837,1101
6,paraclone19,1344,62,63,1635561353_554726.png,1635561353_554726_gfp.png,1635561353_554726_ph.png,1262,1260,1324,1323,4464,3199,4526,3262,3202,1939,4546,3283,4,2838,1101
6,paraclone20,1344,44,51,1635561353_554726.png,1635561353_554726_gfp.png,1635561353_554726_ph.png,1282,937,1326,988,4484,2876,4528,2927,3202,1939,4546,3283,4,2839,1101
6,paraclone7,1344,60,53,1635561354_767056.png,1635561354_767056_gfp.png,1635561354_767056_ph.png,632,500,692,553,4392,3422,4452,3475,3760,2922,5104,4266,4,2840,1102
6,paraclone16,1344,62,58,1635561354_767056.png,1635561354_767056_gfp.png,1635561354_767056_ph.png,745,624,807,682,4505,3546,4567,3604,3760,2922,5104,4266,4,2841,1102
6,paraclone19,1344,62,63,1635561354_767056.png,1635561354_767056_gfp.png,1635561354_767056_ph.png,704,277,766,340,4464,3199,4526,3262,3760,2922,5104,4266,4,2842,1102
6,paraclone7,1344,60,53,1635561355_984042.png,1635561355_984042_gfp.png,1635561355_984042_ph.png,359,377,419,430,4392,3422,4452,3475,4033,3045,5377,4389,4,2843,1103
6,paraclone16,1344,62,58,1635561355_984042.png,1635561355_984042_gfp.png,1635561355_984042_ph.png,472,501,534,559,4505,3546,4567,3604,4033,3045,5377,4389,4,2844,1103
6,paraclone18,1344,51,54,1635561355_984042.png,1635561355_984042_gfp.png,1635561355_984042_ph.png,1223,994,1274,1048,5256,4039,5307,4093,4033,3045,5377,4389,4,2845,1103
6,paraclone19,1344,62,63,1635561355_984042.png,1635561355_984042_gfp.png,1635561355_984042_ph.png,431,154,493,217,4464,3199,4526,3262,4033,3045,5377,4389,4,2846,1103
6,paraclone7,1344,60,53,1635561357_199264.png,1635561357_199264_gfp.png,1635561357_199264_ph.png,1072,368,1132,421,4392,3422,4452,3475,3320,3054,4664,4398,4,2847,1104
6,paraclone16,1344,62,58,1635561357_199264.png,1635561357_199264_gfp.png,1635561357_199264_ph.png,1185,492,1247,550,4505,3546,4567,3604,3320,3054,4664,4398,4,2848,1104
6,paraclone19,1344,62,63,1635561357_199264.png,1635561357_199264_gfp.png,1635561357_199264_ph.png,1144,145,1206,208,4464,3199,4526,3262,3320,3054,4664,4398,4,2849,1104
6,paraclone5,1344,15,23,1635561358_4140859.png,1635561358_4140859_gfp.png,1635561358_4140859_ph.png,206,431,221,454,3858,2921,3873,2944,3652,2490,4996,3834,4,2850,1105
6,meroclone2,1344,85,67,1635561358_4140859.png,1635561358_4140859_gfp.png,1635561358_4140859_ph.png,1049,409,1134,476,4701,2899,4786,2966,3652,2490,4996,3834,4,2851,1105
6,paraclone7,1344,60,53,1635561358_4140859.png,1635561358_4140859_gfp.png,1635561358_4140859_ph.png,740,932,800,985,4392,3422,4452,3475,3652,2490,4996,3834,4,2852,1105
6,paraclone16,1344,62,58,1635561358_4140859.png,1635561358_4140859_gfp.png,1635561358_4140859_ph.png,853,1056,915,1114,4505,3546,4567,3604,3652,2490,4996,3834,4,2853,1105
6,paraclone19,1344,62,63,1635561358_4140859.png,1635561358_4140859_gfp.png,1635561358_4140859_ph.png,812,709,874,772,4464,3199,4526,3262,3652,2490,4996,3834,4,2854,1105
6,paraclone20,1344,44,51,1635561358_4140859.png,1635561358_4140859_gfp.png,1635561358_4140859_ph.png,832,386,876,437,4484,2876,4528,2927,3652,2490,4996,3834,4,2855,1105
6,meroclone2,1344,85,67,1635561359_647829.png,1635561359_647829_gfp.png,1635561359_647829_ph.png,659,532,744,599,4701,2899,4786,2966,4042,2367,5386,3711,4,2856,1106
6,paraclone7,1344,60,53,1635561359_647829.png,1635561359_647829_gfp.png,1635561359_647829_ph.png,350,1055,410,1108,4392,3422,4452,3475,4042,2367,5386,3711,4,2857,1106
6,paraclone16,1344,62,58,1635561359_647829.png,1635561359_647829_gfp.png,1635561359_647829_ph.png,463,1179,525,1237,4505,3546,4567,3604,4042,2367,5386,3711,4,2858,1106
6,paraclone19,1344,62,63,1635561359_647829.png,1635561359_647829_gfp.png,1635561359_647829_ph.png,422,832,484,895,4464,3199,4526,3262,4042,2367,5386,3711,4,2859,1106
6,paraclone20,1344,44,51,1635561359_647829.png,1635561359_647829_gfp.png,1635561359_647829_ph.png,442,509,486,560,4484,2876,4528,2927,4042,2367,5386,3711,4,2860,1106
6,paraclone7,1344,60,53,1635561360_864293.png,1635561360_864293_gfp.png,1635561360_864293_ph.png,1006,386,1066,439,4392,3422,4452,3475,3386,3036,4730,4380,4,2861,1107
6,paraclone16,1344,62,58,1635561360_864293.png,1635561360_864293_gfp.png,1635561360_864293_ph.png,1119,510,1181,568,4505,3546,4567,3604,3386,3036,4730,4380,4,2862,1107
6,paraclone19,1344,62,63,1635561360_864293.png,1635561360_864293_gfp.png,1635561360_864293_ph.png,1078,163,1140,226,4464,3199,4526,3262,3386,3036,4730,4380,4,2863,1107
6,meroclone2,1344,85,67,1635561362_080074.png,1635561362_080074_gfp.png,1635561362_080074_ph.png,478,855,563,922,4701,2899,4786,2966,4223,2044,5567,3388,4,2864,1108
6,paraclone19,1344,62,63,1635561362_080074.png,1635561362_080074_gfp.png,1635561362_080074_ph.png,241,1155,303,1218,4464,3199,4526,3262,4223,2044,5567,3388,4,2865,1108
6,paraclone20,1344,44,51,1635561362_080074.png,1635561362_080074_gfp.png,1635561362_080074_ph.png,261,832,305,883,4484,2876,4528,2927,4223,2044,5567,3388,4,2866,1108
6,paraclone7,1344,60,53,1635561363_29026.png,1635561363_29026_gfp.png,1635561363_29026_ph.png,932,248,992,301,4392,3422,4452,3475,3460,3174,4804,4518,4,2867,1109
6,meroclone3,1344,36,44,1635561363_29026.png,1635561363_29026_gfp.png,1635561363_29026_ph.png,96,1263,132,1307,3556,4437,3592,4481,3460,3174,4804,4518,4,2868,1109
6,paraclone16,1344,62,58,1635561363_29026.png,1635561363_29026_gfp.png,1635561363_29026_ph.png,1045,372,1107,430,4505,3546,4567,3604,3460,3174,4804,4518,4,2869,1109
6,paraclone19,1344,62,63,1635561363_29026.png,1635561363_29026_gfp.png,1635561363_29026_ph.png,1004,25,1066,88,4464,3199,4526,3262,3460,3174,4804,4518,4,2870,1109
6,paraclone5,1344,15,23,1635561364_515834.png,1635561364_515834_gfp.png,1635561364_515834_ph.png,205,332,220,355,3858,2921,3873,2944,3653,2589,4997,3933,4,2871,1110
6,meroclone2,1344,85,67,1635561364_515834.png,1635561364_515834_gfp.png,1635561364_515834_ph.png,1048,310,1133,377,4701,2899,4786,2966,3653,2589,4997,3933,4,2872,1110
6,paraclone7,1344,60,53,1635561364_515834.png,1635561364_515834_gfp.png,1635561364_515834_ph.png,739,833,799,886,4392,3422,4452,3475,3653,2589,4997,3933,4,2873,1110
6,paraclone16,1344,62,58,1635561364_515834.png,1635561364_515834_gfp.png,1635561364_515834_ph.png,852,957,914,1015,4505,3546,4567,3604,3653,2589,4997,3933,4,2874,1110
6,paraclone19,1344,62,63,1635561364_515834.png,1635561364_515834_gfp.png,1635561364_515834_ph.png,811,610,873,673,4464,3199,4526,3262,3653,2589,4997,3933,4,2875,1110
6,paraclone20,1344,44,51,1635561364_515834.png,1635561364_515834_gfp.png,1635561364_515834_ph.png,831,287,875,338,4484,2876,4528,2927,3653,2589,4997,3933,4,2876,1110
6,meroclone2,1344,85,67,1635561365_734209.png,1635561365_734209_gfp.png,1635561365_734209_ph.png,287,1048,372,1115,4701,2899,4786,2966,4414,1851,5758,3195,4,2877,1111
6,paraclone20,1344,44,51,1635561365_734209.png,1635561365_734209_gfp.png,1635561365_734209_ph.png,70,1025,114,1076,4484,2876,4528,2927,4414,1851,5758,3195,4,2878,1111
6,paraclone5,1344,15,23,1635561366_946133.png,1635561366_946133_gfp.png,1635561366_946133_ph.png,138,691,153,714,3858,2921,3873,2944,3720,2230,5064,3574,4,2879,1112
6,meroclone2,1344,85,67,1635561366_946133.png,1635561366_946133_gfp.png,1635561366_946133_ph.png,981,669,1066,736,4701,2899,4786,2966,3720,2230,5064,3574,4,2880,1112
6,paraclone7,1344,60,53,1635561366_946133.png,1635561366_946133_gfp.png,1635561366_946133_ph.png,672,1192,732,1245,4392,3422,4452,3475,3720,2230,5064,3574,4,2881,1112
6,paraclone19,1344,62,63,1635561366_946133.png,1635561366_946133_gfp.png,1635561366_946133_ph.png,744,969,806,1032,4464,3199,4526,3262,3720,2230,5064,3574,4,2882,1112
6,paraclone20,1344,44,51,1635561366_946133.png,1635561366_946133_gfp.png,1635561366_946133_ph.png,764,646,808,697,4484,2876,4528,2927,3720,2230,5064,3574,4,2883,1112
6,paraclone5,1344,15,23,1635561368_156945.png,1635561368_156945_gfp.png,1635561368_156945_ph.png,294,87,309,110,3858,2921,3873,2944,3564,2834,4908,4178,4,2884,1113
6,meroclone2,1344,85,67,1635561368_156945.png,1635561368_156945_gfp.png,1635561368_156945_ph.png,1137,65,1222,132,4701,2899,4786,2966,3564,2834,4908,4178,4,2885,1113
6,paraclone7,1344,60,53,1635561368_156945.png,1635561368_156945_gfp.png,1635561368_156945_ph.png,828,588,888,641,4392,3422,4452,3475,3564,2834,4908,4178,4,2886,1113
6,paraclone16,1344,62,58,1635561368_156945.png,1635561368_156945_gfp.png,1635561368_156945_ph.png,941,712,1003,770,4505,3546,4567,3604,3564,2834,4908,4178,4,2887,1113
6,paraclone19,1344,62,63,1635561368_156945.png,1635561368_156945_gfp.png,1635561368_156945_ph.png,900,365,962,428,4464,3199,4526,3262,3564,2834,4908,4178,4,2888,1113
6,paraclone20,1344,44,51,1635561368_156945.png,1635561368_156945_gfp.png,1635561368_156945_ph.png,920,42,964,93,4484,2876,4528,2927,3564,2834,4908,4178,4,2889,1113
6,paraclone5,1344,15,23,1635561369_377701.png,1635561369_377701_gfp.png,1635561369_377701_ph.png,289,1286,304,1309,3858,2921,3873,2944,3569,1635,4913,2979,4,2890,1114
6,meroclone2,1344,85,67,1635561369_377701.png,1635561369_377701_gfp.png,1635561369_377701_ph.png,1132,1264,1217,1331,4701,2899,4786,2966,3569,1635,4913,2979,4,2891,1114
6,paraclone20,1344,44,51,1635561369_377701.png,1635561369_377701_gfp.png,1635561369_377701_ph.png,915,1241,959,1292,4484,2876,4528,2927,3569,1635,4913,2979,4,2892,1114
6,paraclone5,1344,15,23,1635561370_586675.png,1635561370_586675_gfp.png,1635561370_586675_ph.png,300,721,315,744,3858,2921,3873,2944,3558,2200,4902,3544,4,2893,1115
6,meroclone2,1344,85,67,1635561370_586675.png,1635561370_586675_gfp.png,1635561370_586675_ph.png,1143,699,1228,766,4701,2899,4786,2966,3558,2200,4902,3544,4,2894,1115
6,paraclone7,1344,60,53,1635561370_586675.png,1635561370_586675_gfp.png,1635561370_586675_ph.png,834,1222,894,1275,4392,3422,4452,3475,3558,2200,4902,3544,4,2895,1115
6,paraclone19,1344,62,63,1635561370_586675.png,1635561370_586675_gfp.png,1635561370_586675_ph.png,906,999,968,1062,4464,3199,4526,3262,3558,2200,4902,3544,4,2896,1115
6,paraclone20,1344,44,51,1635561370_586675.png,1635561370_586675_gfp.png,1635561370_586675_ph.png,926,676,970,727,4484,2876,4528,2927,3558,2200,4902,3544,4,2897,1115
6,paraclone3,1344,62,80,1635561371_79735.png,1635561371_79735_gfp.png,1635561371_79735_ph.png,975,1220,1037,1300,5364,3796,5426,3876,4389,2576,5733,3920,4,2898,1116
6,meroclone2,1344,85,67,1635561371_79735.png,1635561371_79735_gfp.png,1635561371_79735_ph.png,312,323,397,390,4701,2899,4786,2966,4389,2576,5733,3920,4,2899,1116
6,paraclone7,1344,60,53,1635561371_79735.png,1635561371_79735_gfp.png,1635561371_79735_ph.png,3,846,63,899,4392,3422,4452,3475,4389,2576,5733,3920,4,2900,1116
6,paraclone16,1344,62,58,1635561371_79735.png,1635561371_79735_gfp.png,1635561371_79735_ph.png,116,970,178,1028,4505,3546,4567,3604,4389,2576,5733,3920,4,2901,1116
6,paraclone19,1344,62,63,1635561371_79735.png,1635561371_79735_gfp.png,1635561371_79735_ph.png,75,623,137,686,4464,3199,4526,3262,4389,2576,5733,3920,4,2902,1116
6,paraclone20,1344,44,51,1635561371_79735.png,1635561371_79735_gfp.png,1635561371_79735_ph.png,95,300,139,351,4484,2876,4528,2927,4389,2576,5733,3920,4,2903,1116
6,meroclone2,1344,85,67,1635561373_012346.png,1635561373_012346_gfp.png,1635561373_012346_ph.png,746,781,831,848,4701,2899,4786,2966,3955,2118,5299,3462,4,2904,1117
6,paraclone19,1344,62,63,1635561373_012346.png,1635561373_012346_gfp.png,1635561373_012346_ph.png,509,1081,571,1144,4464,3199,4526,3262,3955,2118,5299,3462,4,2905,1117
6,paraclone20,1344,44,51,1635561373_012346.png,1635561373_012346_gfp.png,1635561373_012346_ph.png,529,758,573,809,4484,2876,4528,2927,3955,2118,5299,3462,4,2906,1117
6,paraclone5,1344,15,23,1635561374_222132.png,1635561374_222132_gfp.png,1635561374_222132_ph.png,208,507,223,530,3858,2921,3873,2944,3650,2414,4994,3758,4,2907,1118
6,meroclone2,1344,85,67,1635561374_222132.png,1635561374_222132_gfp.png,1635561374_222132_ph.png,1051,485,1136,552,4701,2899,4786,2966,3650,2414,4994,3758,4,2908,1118
6,paraclone7,1344,60,53,1635561374_222132.png,1635561374_222132_gfp.png,1635561374_222132_ph.png,742,1008,802,1061,4392,3422,4452,3475,3650,2414,4994,3758,4,2909,1118
6,paraclone16,1344,62,58,1635561374_222132.png,1635561374_222132_gfp.png,1635561374_222132_ph.png,855,1132,917,1190,4505,3546,4567,3604,3650,2414,4994,3758,4,2910,1118
6,paraclone19,1344,62,63,1635561374_222132.png,1635561374_222132_gfp.png,1635561374_222132_ph.png,814,785,876,848,4464,3199,4526,3262,3650,2414,4994,3758,4,2911,1118
6,paraclone20,1344,44,51,1635561374_222132.png,1635561374_222132_gfp.png,1635561374_222132_ph.png,834,462,878,513,4484,2876,4528,2927,3650,2414,4994,3758,4,2912,1118
6,paraclone3,1344,62,80,1635561375_434968.png,1635561375_434968_gfp.png,1635561375_434968_ph.png,1128,935,1190,1015,5364,3796,5426,3876,4236,2861,5580,4205,4,2913,1119
6,meroclone2,1344,85,67,1635561375_434968.png,1635561375_434968_gfp.png,1635561375_434968_ph.png,465,38,550,105,4701,2899,4786,2966,4236,2861,5580,4205,4,2914,1119
6,paraclone7,1344,60,53,1635561375_434968.png,1635561375_434968_gfp.png,1635561375_434968_ph.png,156,561,216,614,4392,3422,4452,3475,4236,2861,5580,4205,4,2915,1119
6,paraclone16,1344,62,58,1635561375_434968.png,1635561375_434968_gfp.png,1635561375_434968_ph.png,269,685,331,743,4505,3546,4567,3604,4236,2861,5580,4205,4,2916,1119
6,paraclone18,1344,51,54,1635561375_434968.png,1635561375_434968_gfp.png,1635561375_434968_ph.png,1020,1178,1071,1232,5256,4039,5307,4093,4236,2861,5580,4205,4,2917,1119
6,paraclone19,1344,62,63,1635561375_434968.png,1635561375_434968_gfp.png,1635561375_434968_ph.png,228,338,290,401,4464,3199,4526,3262,4236,2861,5580,4205,4,2918,1119
6,paraclone20,1344,44,51,1635561375_434968.png,1635561375_434968_gfp.png,1635561375_434968_ph.png,248,15,292,66,4484,2876,4528,2927,4236,2861,5580,4205,4,2919,1119
6,paraclone21,1344,84,77,1635561376_652215.png,1635561376_652215_gfp.png,1635561376_652215_ph.png,1201,874,1285,951,7341,6493,7425,6570,6140,5619,7484,6963,4,2920,1120
6,meroclone8,1344,60,98,1635561377_877655.png,1635561377_877655_gfp.png,1635561377_877655_ph.png,1148,662,1208,760,7561,6049,7621,6147,6413,5387,7757,6731,4,2921,1121
6,paraclone21,1344,84,77,1635561377_877655.png,1635561377_877655_gfp.png,1635561377_877655_ph.png,928,1106,1012,1183,7341,6493,7425,6570,6413,5387,7757,6731,4,2922,1121
6,meroclone8,1344,60,98,1635561379_0820549.png,1635561379_0820549_gfp.png,1635561379_0820549_ph.png,1042,341,1102,439,7561,6049,7621,6147,6519,5708,7863,7052,4,2923,1122
6,paraclone21,1344,84,77,1635561379_0820549.png,1635561379_0820549_gfp.png,1635561379_0820549_ph.png,822,785,906,862,7341,6493,7425,6570,6519,5708,7863,7052,4,2924,1122
6,meroclone8,1344,60,98,1635561380_2832599.png,1635561380_2832599_gfp.png,1635561380_2832599_ph.png,1272,470,1332,568,7561,6049,7621,6147,6289,5579,7633,6923,4,2925,1123
6,paraclone21,1344,84,77,1635561380_2832599.png,1635561380_2832599_gfp.png,1635561380_2832599_ph.png,1052,914,1136,991,7341,6493,7425,6570,6289,5579,7633,6923,4,2926,1123
6,meroclone8,1344,60,98,1635561381_478549.png,1635561381_478549_gfp.png,1635561381_478549_ph.png,1099,739,1159,837,7561,6049,7621,6147,6462,5310,7806,6654,4,2927,1124
6,paraclone21,1344,84,77,1635561381_478549.png,1635561381_478549_gfp.png,1635561381_478549_ph.png,879,1183,963,1260,7341,6493,7425,6570,6462,5310,7806,6654,4,2928,1124
6,meroclone8,1344,60,98,1635561382_6801972.png,1635561382_6801972_gfp.png,1635561382_6801972_ph.png,1284,692,1344,790,7561,6049,7621,6147,6277,5357,7621,6701,4,2929,1125
6,paraclone21,1344,84,77,1635561382_6801972.png,1635561382_6801972_gfp.png,1635561382_6801972_ph.png,1064,1136,1148,1213,7341,6493,7425,6570,6277,5357,7621,6701,4,2930,1125
6,meroclone8,1344,60,98,1635561383_8783748.png,1635561383_8783748_gfp.png,1635561383_8783748_ph.png,1178,309,1238,407,7561,6049,7621,6147,6383,5740,7727,7084,4,2931,1126
6,paraclone12,1344,91,77,1635561383_8783748.png,1635561383_8783748_gfp.png,1635561383_8783748_ph.png,18,1194,109,1271,6401,6934,6492,7011,6383,5740,7727,7084,4,2932,1126
6,paraclone21,1344,84,77,1635561383_8783748.png,1635561383_8783748_gfp.png,1635561383_8783748_ph.png,958,753,1042,830,7341,6493,7425,6570,6383,5740,7727,7084,4,2933,1126
6,meroclone8,1344,60,98,1635561385_08.png,1635561385_08_gfp.png,1635561385_08_ph.png,840,687,900,785,7561,6049,7621,6147,6721,5362,8065,6706,4,2934,1127
6,paraclone21,1344,84,77,1635561385_08.png,1635561385_08_gfp.png,1635561385_08_ph.png,620,1131,704,1208,7341,6493,7425,6570,6721,5362,8065,6706,4,2935,1127
6,meroclone8,1344,60,98,1635561386_285462.png,1635561386_285462_gfp.png,1635561386_285462_ph.png,1016,555,1076,653,7561,6049,7621,6147,6545,5494,7889,6838,4,2936,1128
6,paraclone21,1344,84,77,1635561386_285462.png,1635561386_285462_gfp.png,1635561386_285462_ph.png,796,999,880,1076,7341,6493,7425,6570,6545,5494,7889,6838,4,2937,1128
6,paraclone21,1344,84,77,1635561387_491031.png,1635561387_491031_gfp.png,1635561387_491031_ph.png,1251,1260,1335,1337,7341,6493,7425,6570,6090,5233,7434,6577,4,2938,1129
6,meroclone1,1344,129,147,1635561389_299614.png,1635561389_299614_gfp.png,1635561389_299614_ph.png,929,150,1058,297,7041,5676,7170,5823,6112,5526,7456,6870,5,2939,1130
6,meroclone1,1344,129,147,1635561390_783902.png,1635561390_783902_gfp.png,1635561390_783902_ph.png,958,1135,1087,1282,7041,5676,7170,5823,6083,4541,7427,5885,5,2940,1131
6,meroclone1,1344,129,147,1635561392_062261.png,1635561392_062261_gfp.png,1635561392_062261_ph.png,948,428,1077,575,7041,5676,7170,5823,6093,5248,7437,6592,5,2941,1132
6,meroclone1,1344,129,147,1635561393_330272.png,1635561393_330272_gfp.png,1635561393_330272_ph.png,1069,504,1198,651,7041,5676,7170,5823,5972,5172,7316,6516,5,2942,1133
6,meroclone1,1344,129,147,1635561394_606957.png,1635561394_606957_gfp.png,1635561394_606957_ph.png,1048,302,1177,449,7041,5676,7170,5823,5993,5374,7337,6718,5,2943,1134
6,meroclone1,1344,129,147,1635561395_868644.png,1635561395_868644_gfp.png,1635561395_868644_ph.png,927,744,1056,891,7041,5676,7170,5823,6114,4932,7458,6276,5,2944,1135
6,meroclone1,1344,129,147,1635561397_136915.png,1635561397_136915_gfp.png,1635561397_136915_ph.png,488,860,617,1007,7041,5676,7170,5823,6553,4816,7897,6160,5,2945,1136
6,meroclone1,1344,129,147,1635561398_400756.png,1635561398_400756_gfp.png,1635561398_400756_ph.png,450,355,579,502,7041,5676,7170,5823,6591,5321,7935,6665,5,2946,1137
6,meroclone1,1344,129,147,1635561399_6626801.png,1635561399_6626801_gfp.png,1635561399_6626801_ph.png,371,320,500,467,7041,5676,7170,5823,6670,5356,8014,6700,5,2947,1138
6,meroclone1,1344,129,147,1635561400_923816.png,1635561400_923816_gfp.png,1635561400_923816_ph.png,983,274,1112,421,7041,5676,7170,5823,6058,5402,7402,6746,5,2948,1139
6,meroclone2,1344,95,119,1635561402_391148.png,1635561402_391148_gfp.png,1635561402_391148_ph.png,754,1173,849,1292,5229,5703,5324,5822,4475,4530,5819,5874,5,2949,1140
6,meroclone2,1344,95,119,1635561403_678062.png,1635561403_678062_gfp.png,1635561403_678062_ph.png,8,531,103,650,5229,5703,5324,5822,5221,5172,6565,6516,5,2950,1141
6,meroclone2,1344,95,119,1635561404_951655.png,1635561404_951655_gfp.png,1635561404_951655_ph.png,281,495,376,614,5229,5703,5324,5822,4948,5208,6292,6552,5,2951,1142
6,meroclone2,1344,95,119,1635561406_226259.png,1635561406_226259_gfp.png,1635561406_226259_ph.png,808,923,903,1042,5229,5703,5324,5822,4421,4780,5765,6124,5,2952,1143
6,meroclone2,1344,95,119,1635561407_5038238.png,1635561407_5038238_gfp.png,1635561407_5038238_ph.png,1219,429,1314,548,5229,5703,5324,5822,4010,5274,5354,6618,5,2953,1144
6,meroclone2,1344,95,119,1635561408_779867.png,1635561408_779867_gfp.png,1635561408_779867_ph.png,56,133,151,252,5229,5703,5324,5822,5173,5570,6517,6914,5,2954,1145
6,meroclone2,1344,95,119,1635561410_049336.png,1635561410_049336_gfp.png,1635561410_049336_ph.png,862,732,957,851,5229,5703,5324,5822,4367,4971,5711,6315,5,2955,1146
6,meroclone2,1344,95,119,1635561411_323173.png,1635561411_323173_gfp.png,1635561411_323173_ph.png,1168,82,1263,201,5229,5703,5324,5822,4061,5621,5405,6965,5,2956,1147
6,meroclone2,1344,95,119,1635561412_5921059.png,1635561412_5921059_gfp.png,1635561412_5921059_ph.png,23,928,118,1047,5229,5703,5324,5822,5206,4775,6550,6119,5,2957,1148
6,meroclone2,1344,95,119,1635561413_865494.png,1635561413_865494_gfp.png,1635561413_865494_ph.png,549,711,644,830,5229,5703,5324,5822,4680,4992,6024,6336,5,2958,1149
6,paraclone8,1344,82,96,1635561415_141241.png,1635561415_141241_gfp.png,1635561415_141241_ph.png,353,624,435,720,1810,3817,1892,3913,1457,3193,2801,4537,5,2959,1150
6,paraclone8,1344,82,96,1635561416_4173498.png,1635561416_4173498_gfp.png,1635561416_4173498_ph.png,555,830,637,926,1810,3817,1892,3913,1255,2987,2599,4331,5,2960,1151
6,paraclone8,1344,82,96,1635561417_69336.png,1635561417_69336_gfp.png,1635561417_69336_ph.png,15,1122,97,1218,1810,3817,1892,3913,1795,2695,3139,4039,5,2961,1152
6,paraclone10,1344,51,46,1635561417_69336.png,1635561417_69336_gfp.png,1635561417_69336_ph.png,969,150,1020,196,2764,2845,2815,2891,1795,2695,3139,4039,5,2962,1152
6,paraclone8,1344,82,96,1635561418_973788.png,1635561418_973788_gfp.png,1635561418_973788_ph.png,3,1115,85,1211,1810,3817,1892,3913,1807,2702,3151,4046,5,2963,1153
6,paraclone10,1344,51,46,1635561418_973788.png,1635561418_973788_gfp.png,1635561418_973788_ph.png,957,143,1008,189,2764,2845,2815,2891,1807,2702,3151,4046,5,2964,1153
6,paraclone8,1344,82,96,1635561420_255818.png,1635561420_255818_gfp.png,1635561420_255818_ph.png,333,164,415,260,1810,3817,1892,3913,1477,3653,2821,4997,5,2965,1154
6,meroclone6,1344,90,103,1635561420_255818.png,1635561420_255818_gfp.png,1635561420_255818_ph.png,861,802,951,905,2338,4455,2428,4558,1477,3653,2821,4997,5,2966,1154
6,paraclone8,1344,82,96,1635561421_608788.png,1635561421_608788_gfp.png,1635561421_608788_ph.png,121,500,203,596,1810,3817,1892,3913,1689,3317,3033,4661,5,2967,1155
6,meroclone6,1344,90,103,1635561421_608788.png,1635561421_608788_gfp.png,1635561421_608788_ph.png,649,1138,739,1241,2338,4455,2428,4558,1689,3317,3033,4661,5,2968,1155
6,paraclone8,1344,82,96,1635561422_9569972.png,1635561422_9569972_gfp.png,1635561422_9569972_ph.png,436,1173,518,1269,1810,3817,1892,3913,1374,2644,2718,3988,5,2969,1156
6,paraclone8,1344,82,96,1635561424_24075.png,1635561424_24075_gfp.png,1635561424_24075_ph.png,874,194,956,290,1810,3817,1892,3913,936,3623,2280,4967,5,2970,1157
6,paraclone9,1344,53,46,1635561424_24075.png,1635561424_24075_gfp.png,1635561424_24075_ph.png,161,727,214,773,1097,4350,1150,4396,936,3623,2280,4967,5,2971,1157
6,paraclone8,1344,82,96,1635561425_522472.png,1635561425_522472_gfp.png,1635561425_522472_ph.png,687,416,769,512,1810,3817,1892,3913,1123,3401,2467,4745,5,2972,1158
6,meroclone6,1344,90,103,1635561425_522472.png,1635561425_522472_gfp.png,1635561425_522472_ph.png,1215,1054,1305,1157,2338,4455,2428,4558,1123,3401,2467,4745,5,2973,1158
6,paraclone8,1344,82,96,1635561426_802366.png,1635561426_802366_gfp.png,1635561426_802366_ph.png,582,402,664,498,1810,3817,1892,3913,1228,3415,2572,4759,5,2974,1159
6,meroclone6,1344,90,103,1635561426_802366.png,1635561426_802366_gfp.png,1635561426_802366_ph.png,1110,1040,1200,1143,2338,4455,2428,4558,1228,3415,2572,4759,5,2975,1159
6,meroclone4,1344,85,97,1635561428_127028.png,1635561428_127028_gfp.png,1635561428_127028_ph.png,424,51,509,148,1114,5390,1199,5487,690,5339,2034,6683,5,2976,1160
6,meroclone4,1344,85,97,1635561429_405909.png,1635561429_405909_gfp.png,1635561429_405909_ph.png,827,71,912,168,1114,5390,1199,5487,287,5319,1631,6663,5,2977,1161
6,meroclone4,1344,85,97,1635561430_678829.png,1635561430_678829_gfp.png,1635561430_678829_ph.png,37,446,122,543,1114,5390,1199,5487,1077,4944,2421,6288,5,2978,1162
6,meroclone4,1344,85,97,1635561431_9598022.png,1635561431_9598022_gfp.png,1635561431_9598022_ph.png,1114,298,1199,395,1114,5390,1199,5487,0,5092,1344,6436,5,2979,1163
6,meroclone4,1344,85,97,1635561433_230979.png,1635561433_230979_gfp.png,1635561433_230979_ph.png,529,629,614,726,1114,5390,1199,5487,585,4761,1929,6105,5,2980,1164
6,meroclone4,1344,85,97,1635561434_555409.png,1635561434_555409_gfp.png,1635561434_555409_ph.png,643,754,728,851,1114,5390,1199,5487,471,4636,1815,5980,5,2981,1165
6,meroclone4,1344,85,97,1635561435_833183.png,1635561435_833183_gfp.png,1635561435_833183_ph.png,333,845,418,942,1114,5390,1199,5487,781,4545,2125,5889,5,2982,1166
6,meroclone4,1344,85,97,1635561437_1129.png,1635561437_1129_gfp.png,1635561437_1129_ph.png,885,872,970,969,1114,5390,1199,5487,229,4518,1573,5862,5,2983,1167
6,meroclone4,1344,85,97,1635561438_3877199.png,1635561438_3877199_gfp.png,1635561438_3877199_ph.png,361,128,446,225,1114,5390,1199,5487,753,5262,2097,6606,5,2984,1168
6,meroclone4,1344,85,97,1635561439_665211.png,1635561439_665211_gfp.png,1635561439_665211_ph.png,793,597,878,694,1114,5390,1199,5487,321,4793,1665,6137,5,2985,1169
6,paraclone1,1344,39,24,1635561440_940852.png,1635561440_940852_gfp.png,1635561440_940852_ph.png,825,434,864,458,6531,2651,6570,2675,5706,2217,7050,3561,5,2986,1170
6,paraclone5,1344,20,35,1635561440_940852.png,1635561440_940852_gfp.png,1635561440_940852_ph.png,297,652,317,687,6003,2869,6023,2904,5706,2217,7050,3561,5,2987,1170
6,paraclone15,1344,46,42,1635561440_940852.png,1635561440_940852_gfp.png,1635561440_940852_ph.png,238,77,284,119,5944,2294,5990,2336,5706,2217,7050,3561,5,2988,1170
6,paraclone1,1344,39,24,1635561442_213561.png,1635561442_213561_gfp.png,1635561442_213561_ph.png,776,112,815,136,6531,2651,6570,2675,5755,2539,7099,3883,5,2989,1171
6,paraclone5,1344,20,35,1635561442_213561.png,1635561442_213561_gfp.png,1635561442_213561_ph.png,248,330,268,365,6003,2869,6023,2904,5755,2539,7099,3883,5,2990,1171
6,paraclone1,1344,39,24,1635561443_487693.png,1635561443_487693_gfp.png,1635561443_487693_ph.png,459,499,498,523,6531,2651,6570,2675,6072,2152,7416,3496,5,2991,1172
6,paraclone1,1344,39,24,1635561444_761764.png,1635561444_761764_gfp.png,1635561444_761764_ph.png,1093,463,1132,487,6531,2651,6570,2675,5438,2188,6782,3532,5,2992,1173
6,paraclone5,1344,20,35,1635561444_761764.png,1635561444_761764_gfp.png,1635561444_761764_ph.png,565,681,585,716,6003,2869,6023,2904,5438,2188,6782,3532,5,2993,1173
6,paraclone15,1344,46,42,1635561444_761764.png,1635561444_761764_gfp.png,1635561444_761764_ph.png,506,106,552,148,5944,2294,5990,2336,5438,2188,6782,3532,5,2994,1173
6,paraclone1,1344,39,24,1635561446_033673.png,1635561446_033673_gfp.png,1635561446_033673_ph.png,809,105,848,129,6531,2651,6570,2675,5722,2546,7066,3890,5,2995,1174
6,paraclone5,1344,20,35,1635561446_033673.png,1635561446_033673_gfp.png,1635561446_033673_ph.png,281,323,301,358,6003,2869,6023,2904,5722,2546,7066,3890,5,2996,1174
6,paraclone1,1344,39,24,1635561447_315197.png,1635561447_315197_gfp.png,1635561447_315197_ph.png,764,126,803,150,6531,2651,6570,2675,5767,2525,7111,3869,5,2997,1175
6,paraclone5,1344,20,35,1635561447_315197.png,1635561447_315197_gfp.png,1635561447_315197_ph.png,236,344,256,379,6003,2869,6023,2904,5767,2525,7111,3869,5,2998,1175
6,paraclone1,1344,39,24,1635561448_597143.png,1635561448_597143_gfp.png,1635561448_597143_ph.png,888,878,927,902,6531,2651,6570,2675,5643,1773,6987,3117,5,2999,1176
6,paraclone5,1344,20,35,1635561448_597143.png,1635561448_597143_gfp.png,1635561448_597143_ph.png,360,1096,380,1131,6003,2869,6023,2904,5643,1773,6987,3117,5,3000,1176
6,paraclone15,1344,46,42,1635561448_597143.png,1635561448_597143_gfp.png,1635561448_597143_ph.png,301,521,347,563,5944,2294,5990,2336,5643,1773,6987,3117,5,3001,1176
6,paraclone1,1344,39,24,1635561449_870628.png,1635561449_870628_gfp.png,1635561449_870628_ph.png,1049,412,1088,436,6531,2651,6570,2675,5482,2239,6826,3583,5,3002,1177
6,paraclone5,1344,20,35,1635561449_870628.png,1635561449_870628_gfp.png,1635561449_870628_ph.png,521,630,541,665,6003,2869,6023,2904,5482,2239,6826,3583,5,3003,1177
6,paraclone15,1344,46,42,1635561449_870628.png,1635561449_870628_gfp.png,1635561449_870628_ph.png,462,55,508,97,5944,2294,5990,2336,5482,2239,6826,3583,5,3004,1177
6,paraclone1,1344,39,24,1635561451_142443.png,1635561451_142443_gfp.png,1635561451_142443_ph.png,761,873,800,897,6531,2651,6570,2675,5770,1778,7114,3122,5,3005,1178
6,paraclone5,1344,20,35,1635561451_142443.png,1635561451_142443_gfp.png,1635561451_142443_ph.png,233,1091,253,1126,6003,2869,6023,2904,5770,1778,7114,3122,5,3006,1178
6,paraclone15,1344,46,42,1635561451_142443.png,1635561451_142443_gfp.png,1635561451_142443_ph.png,174,516,220,558,5944,2294,5990,2336,5770,1778,7114,3122,5,3007,1178
6,paraclone1,1344,39,24,1635561452_416172.png,1635561452_416172_gfp.png,1635561452_416172_ph.png,344,1149,383,1173,6531,2651,6570,2675,6187,1502,7531,2846,5,3008,1179
6,paraclone2,1344,51,51,1635561453_691436.png,1635561453_691436_gfp.png,1635561453_691436_ph.png,730,603,781,654,5132,2885,5183,2936,4402,2282,5746,3626,5,3009,1180
6,paraclone2,1344,51,51,1635561454_9635258.png,1635561454_9635258_gfp.png,1635561454_9635258_ph.png,1195,256,1246,307,5132,2885,5183,2936,3937,2629,5281,3973,5,3010,1181
6,paraclone11,1344,86,83,1635561454_9635258.png,1635561454_9635258_gfp.png,1635561454_9635258_ph.png,1065,1099,1151,1182,5002,3728,5088,3811,3937,2629,5281,3973,5,3011,1181
6,paraclone16,1344,27,31,1635561454_9635258.png,1635561454_9635258_gfp.png,1635561454_9635258_ph.png,825,967,852,998,4762,3596,4789,3627,3937,2629,5281,3973,5,3012,1181
6,paraclone13,1344,39,43,1635561454_9635258.png,1635561454_9635258_gfp.png,1635561454_9635258_ph.png,58,606,97,649,3995,3235,4034,3278,3937,2629,5281,3973,5,3013,1181
6,paraclone2,1344,51,51,1635561456_2433221.png,1635561456_2433221_gfp.png,1635561456_2433221_ph.png,767,1286,818,1337,5132,2885,5183,2936,4365,1599,5709,2943,5,3014,1182
6,paraclone2,1344,51,51,1635561457_5242062.png,1635561457_5242062_gfp.png,1635561457_5242062_ph.png,657,442,708,493,5132,2885,5183,2936,4475,2443,5819,3787,5,3015,1183
6,paraclone16,1344,27,31,1635561457_5242062.png,1635561457_5242062_gfp.png,1635561457_5242062_ph.png,287,1153,314,1184,4762,3596,4789,3627,4475,2443,5819,3787,5,3016,1183
6,paraclone2,1344,51,51,1635561458_803068.png,1635561458_803068_gfp.png,1635561458_803068_ph.png,1112,1182,1163,1233,5132,2885,5183,2936,4020,1703,5364,3047,5,3017,1184
6,paraclone3,1344,28,33,1635561458_803068.png,1635561458_803068_gfp.png,1635561458_803068_ph.png,130,622,158,655,4150,2325,4178,2358,4020,1703,5364,3047,5,3018,1184
6,paraclone2,1344,51,51,1635561460_090284.png,1635561460_090284_gfp.png,1635561460_090284_ph.png,535,707,586,758,5132,2885,5183,2936,4597,2178,5941,3522,5,3019,1185
6,paraclone2,1344,51,51,1635561461_362939.png,1635561461_362939_gfp.png,1635561461_362939_ph.png,414,1141,465,1192,5132,2885,5183,2936,4718,1744,6062,3088,5,3020,1186
6,paraclone5,1344,20,35,1635561461_362939.png,1635561461_362939_gfp.png,1635561461_362939_ph.png,1285,1125,1305,1160,6003,2869,6023,2904,4718,1744,6062,3088,5,3021,1186
6,paraclone15,1344,46,42,1635561461_362939.png,1635561461_362939_gfp.png,1635561461_362939_ph.png,1226,550,1272,592,5944,2294,5990,2336,4718,1744,6062,3088,5,3022,1186
6,paraclone2,1344,51,51,1635561462_64371.png,1635561462_64371_gfp.png,1635561462_64371_ph.png,213,54,264,105,5132,2885,5183,2936,4919,2831,6263,4175,5,3023,1187
6,paraclone5,1344,20,35,1635561462_64371.png,1635561462_64371_gfp.png,1635561462_64371_ph.png,1084,38,1104,73,6003,2869,6023,2904,4919,2831,6263,4175,5,3024,1187
6,paraclone11,1344,86,83,1635561462_64371.png,1635561462_64371_gfp.png,1635561462_64371_ph.png,83,897,169,980,5002,3728,5088,3811,4919,2831,6263,4175,5,3025,1187
6,paraclone2,1344,51,51,1635561463_915052.png,1635561463_915052_gfp.png,1635561463_915052_ph.png,1043,1094,1094,1145,5132,2885,5183,2936,4089,1791,5433,3135,5,3026,1188
6,paraclone3,1344,28,33,1635561463_915052.png,1635561463_915052_gfp.png,1635561463_915052_ph.png,61,534,89,567,4150,2325,4178,2358,4089,1791,5433,3135,5,3027,1188
6,paraclone2,1344,51,51,1635561465_196301.png,1635561465_196301_gfp.png,1635561465_196301_ph.png,146,1187,197,1238,5132,2885,5183,2936,4986,1698,6330,3042,5,3028,1189
6,paraclone5,1344,20,35,1635561465_196301.png,1635561465_196301_gfp.png,1635561465_196301_ph.png,1017,1171,1037,1206,6003,2869,6023,2904,4986,1698,6330,3042,5,3029,1189
6,paraclone15,1344,46,42,1635561465_196301.png,1635561465_196301_gfp.png,1635561465_196301_ph.png,958,596,1004,638,5944,2294,5990,2336,4986,1698,6330,3042,5,3030,1189
6,paraclone3,1344,28,33,1635561466_4835331.png,1635561466_4835331_gfp.png,1635561466_4835331_ph.png,948,915,976,948,4150,2325,4178,2358,3202,1410,4546,2754,5,3031,1190
6,paraclone14,1344,130,129,1635561466_4835331.png,1635561466_4835331_gfp.png,1635561466_4835331_ph.png,461,655,591,784,3663,2065,3793,2194,3202,1410,4546,2754,5,3032,1190
6,paraclone19,1344,57,62,1635561466_4835331.png,1635561466_4835331_gfp.png,1635561466_4835331_ph.png,328,675,385,737,3530,2085,3587,2147,3202,1410,4546,2754,5,3033,1190
6,paraclone2,1344,51,51,1635561467_7591932.png,1635561467_7591932_gfp.png,1635561467_7591932_ph.png,1105,632,1156,683,5132,2885,5183,2936,4027,2253,5371,3597,5,3034,1191
6,paraclone3,1344,28,33,1635561467_7591932.png,1635561467_7591932_gfp.png,1635561467_7591932_ph.png,123,72,151,105,4150,2325,4178,2358,4027,2253,5371,3597,5,3035,1191
6,paraclone3,1344,28,33,1635561469_0350459.png,1635561469_0350459_gfp.png,1635561469_0350459_ph.png,406,1028,434,1061,4150,2325,4178,2358,3744,1297,5088,2641,5,3036,1192
6,paraclone3,1344,28,33,1635561470_315246.png,1635561470_315246_gfp.png,1635561470_315246_ph.png,772,1205,800,1238,4150,2325,4178,2358,3378,1120,4722,2464,5,3037,1193
6,paraclone14,1344,130,129,1635561470_315246.png,1635561470_315246_gfp.png,1635561470_315246_ph.png,285,945,415,1074,3663,2065,3793,2194,3378,1120,4722,2464,5,3038,1193
6,paraclone19,1344,57,62,1635561470_315246.png,1635561470_315246_gfp.png,1635561470_315246_ph.png,152,965,209,1027,3530,2085,3587,2147,3378,1120,4722,2464,5,3039,1193
6,paraclone3,1344,28,33,1635561471_5966861.png,1635561471_5966861_gfp.png,1635561471_5966861_ph.png,1307,385,1335,418,4150,2325,4178,2358,2843,1940,4187,3284,5,3040,1194
6,paraclone13,1344,39,43,1635561471_5966861.png,1635561471_5966861_gfp.png,1635561471_5966861_ph.png,1152,1295,1191,1338,3995,3235,4034,3278,2843,1940,4187,3284,5,3041,1194
6,paraclone14,1344,130,129,1635561471_5966861.png,1635561471_5966861_gfp.png,1635561471_5966861_ph.png,820,125,950,254,3663,2065,3793,2194,2843,1940,4187,3284,5,3042,1194
6,meroclone12,1344,51,59,1635561471_5966861.png,1635561471_5966861_gfp.png,1635561471_5966861_ph.png,708,923,759,982,3551,2863,3602,2922,2843,1940,4187,3284,5,3043,1194
6,paraclone19,1344,57,62,1635561471_5966861.png,1635561471_5966861_gfp.png,1635561471_5966861_ph.png,687,145,744,207,3530,2085,3587,2147,2843,1940,4187,3284,5,3044,1194
6,paraclone3,1344,28,33,1635561472_894911.png,1635561472_894911_gfp.png,1635561472_894911_ph.png,1183,445,1211,478,4150,2325,4178,2358,2967,1880,4311,3224,5,3045,1195
6,paraclone14,1344,130,129,1635561472_894911.png,1635561472_894911_gfp.png,1635561472_894911_ph.png,696,185,826,314,3663,2065,3793,2194,2967,1880,4311,3224,5,3046,1195
6,meroclone12,1344,51,59,1635561472_894911.png,1635561472_894911_gfp.png,1635561472_894911_ph.png,584,983,635,1042,3551,2863,3602,2922,2967,1880,4311,3224,5,3047,1195
6,paraclone19,1344,57,62,1635561472_894911.png,1635561472_894911_gfp.png,1635561472_894911_ph.png,563,205,620,267,3530,2085,3587,2147,2967,1880,4311,3224,5,3048,1195
6,paraclone3,1344,28,33,1635561474_172708.png,1635561474_172708_gfp.png,1635561474_172708_ph.png,1280,1135,1308,1168,4150,2325,4178,2358,2870,1190,4214,2534,5,3049,1196
6,paraclone14,1344,130,129,1635561474_172708.png,1635561474_172708_gfp.png,1635561474_172708_ph.png,793,875,923,1004,3663,2065,3793,2194,2870,1190,4214,2534,5,3050,1196
6,paraclone19,1344,57,62,1635561474_172708.png,1635561474_172708_gfp.png,1635561474_172708_ph.png,660,895,717,957,3530,2085,3587,2147,2870,1190,4214,2534,5,3051,1196
6,paraclone2,1344,51,51,1635561475_473114.png,1635561475_473114_gfp.png,1635561475_473114_ph.png,1239,591,1290,642,5132,2885,5183,2936,3893,2294,5237,3638,5,3052,1197
6,paraclone3,1344,28,33,1635561475_473114.png,1635561475_473114_gfp.png,1635561475_473114_ph.png,257,31,285,64,4150,2325,4178,2358,3893,2294,5237,3638,5,3053,1197
6,paraclone16,1344,27,31,1635561475_473114.png,1635561475_473114_gfp.png,1635561475_473114_ph.png,869,1302,896,1333,4762,3596,4789,3627,3893,2294,5237,3638,5,3054,1197
6,paraclone13,1344,39,43,1635561475_473114.png,1635561475_473114_gfp.png,1635561475_473114_ph.png,102,941,141,984,3995,3235,4034,3278,3893,2294,5237,3638,5,3055,1197
6,paraclone3,1344,28,33,1635561476_751352.png,1635561476_751352_gfp.png,1635561476_751352_ph.png,1041,1005,1069,1038,4150,2325,4178,2358,3109,1320,4453,2664,5,3056,1198
6,paraclone14,1344,130,129,1635561476_751352.png,1635561476_751352_gfp.png,1635561476_751352_ph.png,554,745,684,874,3663,2065,3793,2194,3109,1320,4453,2664,5,3057,1198
6,paraclone19,1344,57,62,1635561476_751352.png,1635561476_751352_gfp.png,1635561476_751352_ph.png,421,765,478,827,3530,2085,3587,2147,3109,1320,4453,2664,5,3058,1198
6,paraclone3,1344,28,33,1635561478_066734.png,1635561478_066734_gfp.png,1635561478_066734_ph.png,487,463,515,496,4150,2325,4178,2358,3663,1862,5007,3206,5,3059,1199
6,paraclone14,1344,130,129,1635561478_066734.png,1635561478_066734_gfp.png,1635561478_066734_ph.png,0,203,130,332,3663,2065,3793,2194,3663,1862,5007,3206,5,3060,1199
6,paraclone4,1344,72,82,1635561479_348895.png,1635561479_348895_gfp.png,1635561479_348895_ph.png,266,103,338,185,5797,4595,5869,4677,5531,4492,6875,5836,5,3061,1200
6,paraclone4,1344,72,82,1635561480_63989.png,1635561480_63989_gfp.png,1635561480_63989_ph.png,709,404,781,486,5797,4595,5869,4677,5088,4191,6432,5535,5,3062,1201
6,paraclone4,1344,72,82,1635561481_9134688.png,1635561481_9134688_gfp.png,1635561481_9134688_ph.png,200,368,272,450,5797,4595,5869,4677,5597,4227,6941,5571,5,3063,1202
6,paraclone4,1344,72,82,1635561483_187733.png,1635561483_187733_gfp.png,1635561483_187733_ph.png,522,985,594,1067,5797,4595,5869,4677,5275,3610,6619,4954,5,3064,1203
6,paraclone4,1344,72,82,1635561484_487199.png,1635561484_487199_gfp.png,1635561484_487199_ph.png,282,997,354,1079,5797,4595,5869,4677,5515,3598,6859,4942,5,3065,1204
6,paraclone4,1344,72,82,1635561485_7602382.png,1635561485_7602382_gfp.png,1635561485_7602382_ph.png,686,878,758,960,5797,4595,5869,4677,5111,3717,6455,5061,5,3066,1205
6,paraclone4,1344,72,82,1635561487_033958.png,1635561487_033958_gfp.png,1635561487_033958_ph.png,628,1242,700,1324,5797,4595,5869,4677,5169,3353,6513,4697,5,3067,1206
6,paraclone4,1344,72,82,1635561488_310389.png,1635561488_310389_gfp.png,1635561488_310389_ph.png,1177,370,1249,452,5797,4595,5869,4677,4620,4225,5964,5569,5,3068,1207
6,paraclone4,1344,72,82,1635561489_5892391.png,1635561489_5892391_gfp.png,1635561489_5892391_ph.png,28,683,100,765,5797,4595,5869,4677,5769,3912,7113,5256,5,3069,1208
6,paraclone4,1344,72,82,1635561490_864087.png,1635561490_864087_gfp.png,1635561490_864087_ph.png,305,354,377,436,5797,4595,5869,4677,5492,4241,6836,5585,5,3070,1209
6,paraclone1,1344,39,24,1635561492_1427891.png,1635561492_1427891_gfp.png,1635561492_1427891_ph.png,720,470,759,494,6531,2651,6570,2675,5811,2181,7155,3525,5,3071,1210
6,paraclone5,1344,20,35,1635561492_1427891.png,1635561492_1427891_gfp.png,1635561492_1427891_ph.png,192,688,212,723,6003,2869,6023,2904,5811,2181,7155,3525,5,3072,1210
6,paraclone15,1344,46,42,1635561492_1427891.png,1635561492_1427891_gfp.png,1635561492_1427891_ph.png,133,113,179,155,5944,2294,5990,2336,5811,2181,7155,3525,5,3073,1210
6,paraclone1,1344,39,24,1635561493_416385.png,1635561493_416385_gfp.png,1635561493_416385_ph.png,969,462,1008,486,6531,2651,6570,2675,5562,2189,6906,3533,5,3074,1211
6,paraclone5,1344,20,35,1635561493_416385.png,1635561493_416385_gfp.png,1635561493_416385_ph.png,441,680,461,715,6003,2869,6023,2904,5562,2189,6906,3533,5,3075,1211
6,paraclone15,1344,46,42,1635561493_416385.png,1635561493_416385_gfp.png,1635561493_416385_ph.png,382,105,428,147,5944,2294,5990,2336,5562,2189,6906,3533,5,3076,1211
6,paraclone1,1344,39,24,1635561494_69088.png,1635561494_69088_gfp.png,1635561494_69088_ph.png,918,943,957,967,6531,2651,6570,2675,5613,1708,6957,3052,5,3077,1212
6,paraclone5,1344,20,35,1635561494_69088.png,1635561494_69088_gfp.png,1635561494_69088_ph.png,390,1161,410,1196,6003,2869,6023,2904,5613,1708,6957,3052,5,3078,1212
6,paraclone15,1344,46,42,1635561494_69088.png,1635561494_69088_gfp.png,1635561494_69088_ph.png,331,586,377,628,5944,2294,5990,2336,5613,1708,6957,3052,5,3079,1212
6,paraclone1,1344,39,24,1635561495_96675.png,1635561495_96675_gfp.png,1635561495_96675_ph.png,617,969,656,993,6531,2651,6570,2675,5914,1682,7258,3026,5,3080,1213
6,paraclone5,1344,20,35,1635561495_96675.png,1635561495_96675_gfp.png,1635561495_96675_ph.png,89,1187,109,1222,6003,2869,6023,2904,5914,1682,7258,3026,5,3081,1213
6,paraclone15,1344,46,42,1635561495_96675.png,1635561495_96675_gfp.png,1635561495_96675_ph.png,30,612,76,654,5944,2294,5990,2336,5914,1682,7258,3026,5,3082,1213
6,paraclone5,1344,20,35,1635561497_4123251.png,1635561497_4123251_gfp.png,1635561497_4123251_ph.png,852,1083,872,1118,6003,2869,6023,2904,5151,1786,6495,3130,5,3083,1214
6,paraclone15,1344,46,42,1635561497_4123251.png,1635561497_4123251_gfp.png,1635561497_4123251_ph.png,793,508,839,550,5944,2294,5990,2336,5151,1786,6495,3130,5,3084,1214
6,paraclone2,1344,51,51,1635561498_916047.png,1635561498_916047_gfp.png,1635561498_916047_ph.png,49,721,100,772,5132,2885,5183,2936,5083,2164,6427,3508,5,3085,1215
6,paraclone5,1344,20,35,1635561498_916047.png,1635561498_916047_gfp.png,1635561498_916047_ph.png,920,705,940,740,6003,2869,6023,2904,5083,2164,6427,3508,5,3086,1215
6,paraclone15,1344,46,42,1635561498_916047.png,1635561498_916047_gfp.png,1635561498_916047_ph.png,861,130,907,172,5944,2294,5990,2336,5083,2164,6427,3508,5,3087,1215
6,paraclone1,1344,39,24,1635561500_265985.png,1635561500_265985_gfp.png,1635561500_265985_ph.png,645,143,684,167,6531,2651,6570,2675,5886,2508,7230,3852,5,3088,1216
6,paraclone5,1344,20,35,1635561500_265985.png,1635561500_265985_gfp.png,1635561500_265985_ph.png,117,361,137,396,6003,2869,6023,2904,5886,2508,7230,3852,5,3089,1216
6,paraclone1,1344,39,24,1635561501_700633.png,1635561501_700633_gfp.png,1635561501_700633_ph.png,862,1055,901,1079,6531,2651,6570,2675,5669,1596,7013,2940,5,3090,1217
6,paraclone5,1344,20,35,1635561501_700633.png,1635561501_700633_gfp.png,1635561501_700633_ph.png,334,1273,354,1308,6003,2869,6023,2904,5669,1596,7013,2940,5,3091,1217
6,paraclone15,1344,46,42,1635561501_700633.png,1635561501_700633_gfp.png,1635561501_700633_ph.png,275,698,321,740,5944,2294,5990,2336,5669,1596,7013,2940,5,3092,1217
6,paraclone1,1344,39,24,1635561503_1213481.png,1635561503_1213481_gfp.png,1635561503_1213481_ph.png,948,431,987,455,6531,2651,6570,2675,5583,2220,6927,3564,5,3093,1218
6,paraclone5,1344,20,35,1635561503_1213481.png,1635561503_1213481_gfp.png,1635561503_1213481_ph.png,420,649,440,684,6003,2869,6023,2904,5583,2220,6927,3564,5,3094,1218
6,paraclone15,1344,46,42,1635561503_1213481.png,1635561503_1213481_gfp.png,1635561503_1213481_ph.png,361,74,407,116,5944,2294,5990,2336,5583,2220,6927,3564,5,3095,1218
6,paraclone5,1344,20,35,1635561504_514835.png,1635561504_514835_gfp.png,1635561504_514835_ph.png,799,685,819,720,6003,2869,6023,2904,5204,2184,6548,3528,5,3096,1219
6,paraclone15,1344,46,42,1635561504_514835.png,1635561504_514835_gfp.png,1635561504_514835_ph.png,740,110,786,152,5944,2294,5990,2336,5204,2184,6548,3528,5,3097,1219
6,paraclone6,1344,56,56,1635561506_126435.png,1635561506_126435_gfp.png,1635561506_126435_ph.png,138,135,194,191,2638,2031,2694,2087,2500,1896,3844,3240,5,3098,1220
6,paraclone10,1344,51,46,1635561506_126435.png,1635561506_126435_gfp.png,1635561506_126435_ph.png,264,949,315,995,2764,2845,2815,2891,2500,1896,3844,3240,5,3099,1220
6,paraclone14,1344,130,129,1635561506_126435.png,1635561506_126435_gfp.png,1635561506_126435_ph.png,1163,169,1293,298,3663,2065,3793,2194,2500,1896,3844,3240,5,3100,1220
6,meroclone12,1344,51,59,1635561506_126435.png,1635561506_126435_gfp.png,1635561506_126435_ph.png,1051,967,1102,1026,3551,2863,3602,2922,2500,1896,3844,3240,5,3101,1220
6,paraclone19,1344,57,62,1635561506_126435.png,1635561506_126435_gfp.png,1635561506_126435_ph.png,1030,189,1087,251,3530,2085,3587,2147,2500,1896,3844,3240,5,3102,1220
6,paraclone6,1344,56,56,1635561507_577986.png,1635561507_577986_gfp.png,1635561507_577986_ph.png,714,147,770,203,2638,2031,2694,2087,1924,1884,3268,3228,5,3103,1221
6,paraclone10,1344,51,46,1635561507_577986.png,1635561507_577986_gfp.png,1635561507_577986_ph.png,840,961,891,1007,2764,2845,2815,2891,1924,1884,3268,3228,5,3104,1221
6,paraclone16,1344,25,26,1635561507_577986.png,1635561507_577986_gfp.png,1635561507_577986_ph.png,40,306,65,332,1964,2190,1989,2216,1924,1884,3268,3228,5,3105,1221
6,paraclone6,1344,56,56,1635561509_0781498.png,1635561509_0781498_gfp.png,1635561509_0781498_ph.png,157,383,213,439,2638,2031,2694,2087,2481,1648,3825,2992,5,3106,1222
6,paraclone10,1344,51,46,1635561509_0781498.png,1635561509_0781498_gfp.png,1635561509_0781498_ph.png,283,1197,334,1243,2764,2845,2815,2891,2481,1648,3825,2992,5,3107,1222
6,paraclone14,1344,130,129,1635561509_0781498.png,1635561509_0781498_gfp.png,1635561509_0781498_ph.png,1182,417,1312,546,3663,2065,3793,2194,2481,1648,3825,2992,5,3108,1222
6,meroclone12,1344,51,59,1635561509_0781498.png,1635561509_0781498_gfp.png,1635561509_0781498_ph.png,1070,1215,1121,1274,3551,2863,3602,2922,2481,1648,3825,2992,5,3109,1222
6,paraclone19,1344,57,62,1635561509_0781498.png,1635561509_0781498_gfp.png,1635561509_0781498_ph.png,1049,437,1106,499,3530,2085,3587,2147,2481,1648,3825,2992,5,3110,1222
6,paraclone6,1344,56,56,1635561510_576341.png,1635561510_576341_gfp.png,1635561510_576341_ph.png,1054,29,1110,85,2638,2031,2694,2087,1584,2002,2928,3346,5,3111,1223
6,paraclone10,1344,51,46,1635561510_576341.png,1635561510_576341_gfp.png,1635561510_576341_ph.png,1180,843,1231,889,2764,2845,2815,2891,1584,2002,2928,3346,5,3112,1223
6,meroclone5,1344,95,121,1635561510_576341.png,1635561510_576341_gfp.png,1635561510_576341_ph.png,130,526,225,647,1714,2528,1809,2649,1584,2002,2928,3346,5,3113,1223
6,paraclone16,1344,25,26,1635561510_576341.png,1635561510_576341_gfp.png,1635561510_576341_ph.png,380,188,405,214,1964,2190,1989,2216,1584,2002,2928,3346,5,3114,1223
6,paraclone6,1344,56,56,1635561511_968553.png,1635561511_968553_gfp.png,1635561511_968553_ph.png,410,935,466,991,2638,2031,2694,2087,2228,1096,3572,2440,5,3115,1224
6,paraclone6,1344,56,56,1635561513_423157.png,1635561513_423157_gfp.png,1635561513_423157_ph.png,883,1049,939,1105,2638,2031,2694,2087,1755,982,3099,2326,5,3116,1225
6,paraclone16,1344,25,26,1635561513_423157.png,1635561513_423157_gfp.png,1635561513_423157_ph.png,209,1208,234,1234,1964,2190,1989,2216,1755,982,3099,2326,5,3117,1225
6,paraclone6,1344,56,56,1635561514_7725718.png,1635561514_7725718_gfp.png,1635561514_7725718_ph.png,1145,811,1201,867,2638,2031,2694,2087,1493,1220,2837,2564,5,3118,1226
6,paraclone16,1344,25,26,1635561514_7725718.png,1635561514_7725718_gfp.png,1635561514_7725718_ph.png,471,970,496,996,1964,2190,1989,2216,1493,1220,2837,2564,5,3119,1226
6,paraclone6,1344,56,56,1635561516_074235.png,1635561516_074235_gfp.png,1635561516_074235_ph.png,881,123,937,179,2638,2031,2694,2087,1757,1908,3101,3252,5,3120,1227
6,paraclone10,1344,51,46,1635561516_074235.png,1635561516_074235_gfp.png,1635561516_074235_ph.png,1007,937,1058,983,2764,2845,2815,2891,1757,1908,3101,3252,5,3121,1227
6,paraclone16,1344,25,26,1635561516_074235.png,1635561516_074235_gfp.png,1635561516_074235_ph.png,207,282,232,308,1964,2190,1989,2216,1757,1908,3101,3252,5,3122,1227
6,paraclone6,1344,56,56,1635561517_36538.png,1635561517_36538_gfp.png,1635561517_36538_ph.png,74,1205,130,1261,2638,2031,2694,2087,2564,826,3908,2170,5,3123,1228
6,paraclone12,1344,37,41,1635561517_36538.png,1635561517_36538_gfp.png,1635561517_36538_ph.png,639,226,676,267,3203,1052,3240,1093,2564,826,3908,2170,5,3124,1228
6,paraclone19,1344,57,62,1635561517_36538.png,1635561517_36538_gfp.png,1635561517_36538_ph.png,966,1259,1023,1321,3530,2085,3587,2147,2564,826,3908,2170,5,3125,1228
6,paraclone6,1344,56,56,1635561518_7110028.png,1635561518_7110028_gfp.png,1635561518_7110028_ph.png,726,721,782,777,2638,2031,2694,2087,1912,1310,3256,2654,5,3126,1229
6,paraclone16,1344,25,26,1635561518_7110028.png,1635561518_7110028_gfp.png,1635561518_7110028_ph.png,52,880,77,906,1964,2190,1989,2216,1912,1310,3256,2654,5,3127,1229
6,paraclone7,1344,69,70,1635561520_0439239.png,1635561520_0439239_gfp.png,1635561520_0439239_ph.png,1061,49,1130,119,3215,49,3284,119,2154,0,3498,1344,5,3128,1230
6,paraclone12,1344,37,41,1635561520_0439239.png,1635561520_0439239_gfp.png,1635561520_0439239_ph.png,1049,1052,1086,1093,3203,1052,3240,1093,2154,0,3498,1344,5,3129,1230
6,paraclone7,1344,69,70,1635561521_369497.png,1635561521_369497_gfp.png,1635561521_369497_ph.png,1270,49,1339,119,3215,49,3284,119,1945,0,3289,1344,5,3130,1231
6,paraclone12,1344,37,41,1635561521_369497.png,1635561521_369497_gfp.png,1635561521_369497_ph.png,1258,1052,1295,1093,3203,1052,3240,1093,1945,0,3289,1344,5,3131,1231
6,paraclone7,1344,69,70,1635561522_6969001.png,1635561522_6969001_gfp.png,1635561522_6969001_ph.png,410,49,479,119,3215,49,3284,119,2805,0,4149,1344,5,3132,1232
6,paraclone12,1344,37,41,1635561522_6969001.png,1635561522_6969001_gfp.png,1635561522_6969001_ph.png,398,1052,435,1093,3203,1052,3240,1093,2805,0,4149,1344,5,3133,1232
6,paraclone7,1344,69,70,1635561524_0541172.png,1635561524_0541172_gfp.png,1635561524_0541172_ph.png,1065,49,1134,119,3215,49,3284,119,2150,0,3494,1344,5,3134,1233
6,paraclone12,1344,37,41,1635561524_0541172.png,1635561524_0541172_gfp.png,1635561524_0541172_ph.png,1053,1052,1090,1093,3203,1052,3240,1093,2150,0,3494,1344,5,3135,1233
6,paraclone7,1344,69,70,1635561525_445288.png,1635561525_445288_gfp.png,1635561525_445288_ph.png,835,49,904,119,3215,49,3284,119,2380,0,3724,1344,5,3136,1234
6,paraclone12,1344,37,41,1635561525_445288.png,1635561525_445288_gfp.png,1635561525_445288_ph.png,823,1052,860,1093,3203,1052,3240,1093,2380,0,3724,1344,5,3137,1234
6,paraclone7,1344,69,70,1635561526_73028.png,1635561526_73028_gfp.png,1635561526_73028_ph.png,1077,49,1146,119,3215,49,3284,119,2138,0,3482,1344,5,3138,1235
6,paraclone12,1344,37,41,1635561526_73028.png,1635561526_73028_gfp.png,1635561526_73028_ph.png,1065,1052,1102,1093,3203,1052,3240,1093,2138,0,3482,1344,5,3139,1235
6,paraclone7,1344,69,70,1635561528_155207.png,1635561528_155207_gfp.png,1635561528_155207_ph.png,204,49,273,119,3215,49,3284,119,3011,0,4355,1344,5,3140,1236
6,paraclone12,1344,37,41,1635561528_155207.png,1635561528_155207_gfp.png,1635561528_155207_ph.png,192,1052,229,1093,3203,1052,3240,1093,3011,0,4355,1344,5,3141,1236
6,paraclone7,1344,69,70,1635561529_5427148.png,1635561529_5427148_gfp.png,1635561529_5427148_ph.png,870,49,939,119,3215,49,3284,119,2345,0,3689,1344,5,3142,1237
6,paraclone12,1344,37,41,1635561529_5427148.png,1635561529_5427148_gfp.png,1635561529_5427148_ph.png,858,1052,895,1093,3203,1052,3240,1093,2345,0,3689,1344,5,3143,1237
6,paraclone7,1344,69,70,1635561530_8903098.png,1635561530_8903098_gfp.png,1635561530_8903098_ph.png,46,49,115,119,3215,49,3284,119,3169,0,4513,1344,5,3144,1238
6,paraclone12,1344,37,41,1635561530_8903098.png,1635561530_8903098_gfp.png,1635561530_8903098_ph.png,34,1052,71,1093,3203,1052,3240,1093,3169,0,4513,1344,5,3145,1238
6,paraclone7,1344,69,70,1635561532_1794088.png,1635561532_1794088_gfp.png,1635561532_1794088_ph.png,426,49,495,119,3215,49,3284,119,2789,0,4133,1344,5,3146,1239
6,paraclone12,1344,37,41,1635561532_1794088.png,1635561532_1794088_gfp.png,1635561532_1794088_ph.png,414,1052,451,1093,3203,1052,3240,1093,2789,0,4133,1344,5,3147,1239
6,paraclone9,1344,53,46,1635561533_505467.png,1635561533_505467_gfp.png,1635561533_505467_ph.png,566,385,619,431,1097,4350,1150,4396,531,3965,1875,5309,5,3148,1240
6,paraclone8,1344,82,96,1635561534_8018339.png,1635561534_8018339_gfp.png,1635561534_8018339_ph.png,738,260,820,356,1810,3817,1892,3913,1072,3557,2416,4901,5,3149,1241
6,paraclone9,1344,53,46,1635561534_8018339.png,1635561534_8018339_gfp.png,1635561534_8018339_ph.png,25,793,78,839,1097,4350,1150,4396,1072,3557,2416,4901,5,3150,1241
6,paraclone9,1344,53,46,1635561536_086117.png,1635561536_086117_gfp.png,1635561536_086117_ph.png,1097,581,1150,627,1097,4350,1150,4396,0,3769,1344,5113,5,3151,1242
6,paraclone8,1344,82,96,1635561537_374053.png,1635561537_374053_gfp.png,1635561537_374053_ph.png,750,47,832,143,1810,3817,1892,3913,1060,3770,2404,5114,5,3152,1243
6,paraclone9,1344,53,46,1635561537_374053.png,1635561537_374053_gfp.png,1635561537_374053_ph.png,37,580,90,626,1097,4350,1150,4396,1060,3770,2404,5114,5,3153,1243
6,paraclone8,1344,82,96,1635561538_659062.png,1635561538_659062_gfp.png,1635561538_659062_ph.png,1021,269,1103,365,1810,3817,1892,3913,789,3548,2133,4892,5,3154,1244
6,paraclone9,1344,53,46,1635561538_659062.png,1635561538_659062_gfp.png,1635561538_659062_ph.png,308,802,361,848,1097,4350,1150,4396,789,3548,2133,4892,5,3155,1244
6,paraclone9,1344,53,46,1635561539_9469109.png,1635561539_9469109_gfp.png,1635561539_9469109_ph.png,586,383,639,429,1097,4350,1150,4396,511,3967,1855,5311,5,3156,1245
6,paraclone9,1344,53,46,1635561541_226807.png,1635561541_226807_gfp.png,1635561541_226807_ph.png,954,784,1007,830,1097,4350,1150,4396,143,3566,1487,4910,5,3157,1246
6,paraclone9,1344,53,46,1635561542_513062.png,1635561542_513062_gfp.png,1635561542_513062_ph.png,646,846,699,892,1097,4350,1150,4396,451,3504,1795,4848,5,3158,1247
6,paraclone9,1344,53,46,1635561543_796005.png,1635561543_796005_gfp.png,1635561543_796005_ph.png,15,523,68,569,1097,4350,1150,4396,1082,3827,2426,5171,5,3159,1248
6,meroclone4,1344,85,97,1635561545_085112.png,1635561545_085112_gfp.png,1635561545_085112_ph.png,31,1240,116,1337,1114,5390,1199,5487,1083,4150,2427,5494,5,3160,1249
6,paraclone9,1344,53,46,1635561545_085112.png,1635561545_085112_gfp.png,1635561545_085112_ph.png,14,200,67,246,1097,4350,1150,4396,1083,4150,2427,5494,5,3161,1249
6,paraclone10,1344,51,46,1635561546_427434.png,1635561546_427434_gfp.png,1635561546_427434_ph.png,1213,768,1264,814,2764,2845,2815,2891,1551,2077,2895,3421,5,3162,1250
6,meroclone5,1344,95,121,1635561546_427434.png,1635561546_427434_gfp.png,1635561546_427434_ph.png,163,451,258,572,1714,2528,1809,2649,1551,2077,2895,3421,5,3163,1250
6,paraclone16,1344,25,26,1635561546_427434.png,1635561546_427434_gfp.png,1635561546_427434_ph.png,413,113,438,139,1964,2190,1989,2216,1551,2077,2895,3421,5,3164,1250
6,paraclone10,1344,51,46,1635561547_783096.png,1635561547_783096_gfp.png,1635561547_783096_ph.png,950,35,1001,81,2764,2845,2815,2891,1814,2810,3158,4154,5,3165,1251
6,paraclone10,1344,51,46,1635561549_068303.png,1635561549_068303_gfp.png,1635561549_068303_ph.png,858,202,909,248,2764,2845,2815,2891,1906,2643,3250,3987,5,3166,1252
6,paraclone6,1344,56,56,1635561550_5105321.png,1635561550_5105321_gfp.png,1635561550_5105321_ph.png,286,309,342,365,2638,2031,2694,2087,2352,1722,3696,3066,5,3167,1253
6,paraclone10,1344,51,46,1635561550_5105321.png,1635561550_5105321_gfp.png,1635561550_5105321_ph.png,412,1123,463,1169,2764,2845,2815,2891,2352,1722,3696,3066,5,3168,1253
6,meroclone12,1344,51,59,1635561550_5105321.png,1635561550_5105321_gfp.png,1635561550_5105321_ph.png,1199,1141,1250,1200,3551,2863,3602,2922,2352,1722,3696,3066,5,3169,1253
6,paraclone19,1344,57,62,1635561550_5105321.png,1635561550_5105321_gfp.png,1635561550_5105321_ph.png,1178,363,1235,425,3530,2085,3587,2147,2352,1722,3696,3066,5,3170,1253
6,paraclone8,1344,82,96,1635561551_803513.png,1635561551_803513_gfp.png,1635561551_803513_ph.png,37,1076,119,1172,1810,3817,1892,3913,1773,2741,3117,4085,5,3171,1254
6,paraclone10,1344,51,46,1635561551_803513.png,1635561551_803513_gfp.png,1635561551_803513_ph.png,991,104,1042,150,2764,2845,2815,2891,1773,2741,3117,4085,5,3172,1254
6,paraclone10,1344,51,46,1635561553_095284.png,1635561553_095284_gfp.png,1635561553_095284_ph.png,573,380,624,426,2764,2845,2815,2891,2191,2465,3535,3809,5,3173,1255
6,paraclone10,1344,51,46,1635561554_387871.png,1635561554_387871_gfp.png,1635561554_387871_ph.png,478,505,529,551,2764,2845,2815,2891,2286,2340,3630,3684,5,3174,1256
6,meroclone12,1344,51,59,1635561554_387871.png,1635561554_387871_gfp.png,1635561554_387871_ph.png,1265,523,1316,582,3551,2863,3602,2922,2286,2340,3630,3684,5,3175,1256
6,paraclone10,1344,51,46,1635561555_6817029.png,1635561555_6817029_gfp.png,1635561555_6817029_ph.png,627,735,678,781,2764,2845,2815,2891,2137,2110,3481,3454,5,3176,1257
6,paraclone10,1344,51,46,1635561557_23927.png,1635561557_23927_gfp.png,1635561557_23927_ph.png,954,343,1005,389,2764,2845,2815,2891,1810,2502,3154,3846,5,3177,1258
6,paraclone10,1344,51,46,1635561558_569115.png,1635561558_569115_gfp.png,1635561558_569115_ph.png,742,286,793,332,2764,2845,2815,2891,2022,2559,3366,3903,5,3178,1259
6,paraclone11,1344,86,83,1635561559_8978062.png,1635561559_8978062_gfp.png,1635561559_8978062_ph.png,580,500,666,583,5002,3728,5088,3811,4422,3228,5766,4572,5,3179,1260
6,paraclone16,1344,27,31,1635561559_8978062.png,1635561559_8978062_gfp.png,1635561559_8978062_ph.png,340,368,367,399,4762,3596,4789,3627,4422,3228,5766,4572,5,3180,1260
6,meroclone15,1344,53,74,1635561559_8978062.png,1635561559_8978062_gfp.png,1635561559_8978062_ph.png,87,838,140,912,4509,4066,4562,4140,4422,3228,5766,4572,5,3181,1260
6,paraclone4,1344,72,82,1635561561_3020768.png,1635561561_3020768_gfp.png,1635561561_3020768_ph.png,1231,958,1303,1040,5797,4595,5869,4677,4566,3637,5910,4981,5,3182,1261
6,paraclone11,1344,86,83,1635561561_3020768.png,1635561561_3020768_gfp.png,1635561561_3020768_ph.png,436,91,522,174,5002,3728,5088,3811,4566,3637,5910,4981,5,3183,1261
6,paraclone2,1344,51,51,1635561562_602697.png,1635561562_602697_gfp.png,1635561562_602697_ph.png,752,39,803,90,5132,2885,5183,2936,4380,2846,5724,4190,5,3184,1262
6,paraclone11,1344,86,83,1635561562_602697.png,1635561562_602697_gfp.png,1635561562_602697_ph.png,622,882,708,965,5002,3728,5088,3811,4380,2846,5724,4190,5,3185,1262
6,paraclone16,1344,27,31,1635561562_602697.png,1635561562_602697_gfp.png,1635561562_602697_ph.png,382,750,409,781,4762,3596,4789,3627,4380,2846,5724,4190,5,3186,1262
6,meroclone15,1344,53,74,1635561562_602697.png,1635561562_602697_gfp.png,1635561562_602697_ph.png,129,1220,182,1294,4509,4066,4562,4140,4380,2846,5724,4190,5,3187,1262
6,paraclone11,1344,86,83,1635561563_893467.png,1635561563_893467_gfp.png,1635561563_893467_ph.png,778,43,864,126,5002,3728,5088,3811,4224,3685,5568,5029,5,3188,1263
6,meroclone15,1344,53,74,1635561563_893467.png,1635561563_893467_gfp.png,1635561563_893467_ph.png,285,381,338,455,4509,4066,4562,4140,4224,3685,5568,5029,5,3189,1263
6,paraclone17,1344,40,48,1635561563_893467.png,1635561563_893467_gfp.png,1635561563_893467_ph.png,67,395,107,443,4291,4080,4331,4128,4224,3685,5568,5029,5,3190,1263
6,paraclone2,1344,51,51,1635561565_413397.png,1635561565_413397_gfp.png,1635561565_413397_ph.png,513,414,564,465,5132,2885,5183,2936,4619,2471,5963,3815,5,3191,1264
6,paraclone11,1344,86,83,1635561565_413397.png,1635561565_413397_gfp.png,1635561565_413397_ph.png,383,1257,469,1340,5002,3728,5088,3811,4619,2471,5963,3815,5,3192,1264
6,paraclone16,1344,27,31,1635561565_413397.png,1635561565_413397_gfp.png,1635561565_413397_ph.png,143,1125,170,1156,4762,3596,4789,3627,4619,2471,5963,3815,5,3193,1264
6,paraclone2,1344,51,51,1635561567_131319.png,1635561567_131319_gfp.png,1635561567_131319_ph.png,946,156,997,207,5132,2885,5183,2936,4186,2729,5530,4073,5,3194,1265
6,paraclone11,1344,86,83,1635561567_131319.png,1635561567_131319_gfp.png,1635561567_131319_ph.png,816,999,902,1082,5002,3728,5088,3811,4186,2729,5530,4073,5,3195,1265
6,paraclone16,1344,27,31,1635561567_131319.png,1635561567_131319_gfp.png,1635561567_131319_ph.png,576,867,603,898,4762,3596,4789,3627,4186,2729,5530,4073,5,3196,1265
6,paraclone2,1344,51,51,1635561568_5467541.png,1635561568_5467541_gfp.png,1635561568_5467541_ph.png,255,358,306,409,5132,2885,5183,2936,4877,2527,6221,3871,5,3197,1266
6,paraclone5,1344,20,35,1635561568_5467541.png,1635561568_5467541_gfp.png,1635561568_5467541_ph.png,1126,342,1146,377,6003,2869,6023,2904,4877,2527,6221,3871,5,3198,1266
6,paraclone11,1344,86,83,1635561568_5467541.png,1635561568_5467541_gfp.png,1635561568_5467541_ph.png,125,1201,211,1284,5002,3728,5088,3811,4877,2527,6221,3871,5,3199,1266
6,paraclone4,1344,72,82,1635561569_902739.png,1635561569_902739_gfp.png,1635561569_902739_ph.png,1120,893,1192,975,5797,4595,5869,4677,4677,3702,6021,5046,5,3200,1267
6,paraclone11,1344,86,83,1635561569_902739.png,1635561569_902739_gfp.png,1635561569_902739_ph.png,325,26,411,109,5002,3728,5088,3811,4677,3702,6021,5046,5,3201,1267
6,paraclone11,1344,86,83,1635561571_244291.png,1635561571_244291_gfp.png,1635561571_244291_ph.png,1129,102,1215,185,5002,3728,5088,3811,3873,3626,5217,4970,5,3202,1268
6,meroclone15,1344,53,74,1635561571_244291.png,1635561571_244291_gfp.png,1635561571_244291_ph.png,636,440,689,514,4509,4066,4562,4140,3873,3626,5217,4970,5,3203,1268
6,paraclone17,1344,40,48,1635561571_244291.png,1635561571_244291_gfp.png,1635561571_244291_ph.png,418,454,458,502,4291,4080,4331,4128,3873,3626,5217,4970,5,3204,1268
6,paraclone11,1344,86,83,1635561573_1792939.png,1635561573_1792939_gfp.png,1635561573_1792939_ph.png,1211,191,1297,274,5002,3728,5088,3811,3791,3537,5135,4881,5,3205,1269
6,paraclone16,1344,27,31,1635561573_1792939.png,1635561573_1792939_gfp.png,1635561573_1792939_ph.png,971,59,998,90,4762,3596,4789,3627,3791,3537,5135,4881,5,3206,1269
6,meroclone15,1344,53,74,1635561573_1792939.png,1635561573_1792939_gfp.png,1635561573_1792939_ph.png,718,529,771,603,4509,4066,4562,4140,3791,3537,5135,4881,5,3207,1269
6,paraclone17,1344,40,48,1635561573_1792939.png,1635561573_1792939_gfp.png,1635561573_1792939_ph.png,500,543,540,591,4291,4080,4331,4128,3791,3537,5135,4881,5,3208,1269
6,holoclone1,1344,302,287,1635561574_5101771.png,1635561574_5101771_gfp.png,1635561574_5101771_ph.png,200,670,502,957,692,953,994,1240,492,283,1836,1627,5,3209,1270
6,holoclone1,1344,302,287,1635561575_7984262.png,1635561575_7984262_gfp.png,1635561575_7984262_ph.png,510,272,812,559,692,953,994,1240,182,681,1526,2025,5,3210,1271
6,holoclone1,1344,302,287,1635561577_089972.png,1635561577_089972_gfp.png,1635561577_089972_ph.png,10,589,312,876,692,953,994,1240,682,364,2026,1708,5,3211,1272
6,holoclone1,1344,302,287,1635561578_379717.png,1635561578_379717_gfp.png,1635561578_379717_ph.png,583,346,885,633,692,953,994,1240,109,607,1453,1951,5,3212,1273
6,holoclone1,1344,302,287,1635561579_864646.png,1635561579_864646_gfp.png,1635561579_864646_ph.png,508,176,810,463,692,953,994,1240,184,777,1528,2121,5,3213,1274
6,holoclone1,1344,302,287,1635561581_246806.png,1635561581_246806_gfp.png,1635561581_246806_ph.png,692,953,994,1240,692,953,994,1240,0,0,1344,1344,5,3214,1275
6,holoclone1,1344,302,287,1635561582_565046.png,1635561582_565046_gfp.png,1635561582_565046_ph.png,692,76,994,363,692,953,994,1240,0,877,1344,2221,5,3215,1276
6,holoclone1,1344,302,287,1635561583_956707.png,1635561583_956707_gfp.png,1635561583_956707_ph.png,584,503,886,790,692,953,994,1240,108,450,1452,1794,5,3216,1277
6,holoclone1,1344,302,287,1635561585_2477639.png,1635561585_2477639_gfp.png,1635561585_2477639_ph.png,692,665,994,952,692,953,994,1240,0,288,1344,1632,5,3217,1278
6,holoclone1,1344,302,287,1635561586_560742.png,1635561586_560742_gfp.png,1635561586_560742_ph.png,347,554,649,841,692,953,994,1240,345,399,1689,1743,5,3218,1279
6,paraclone6,1344,56,56,1635561587_844299.png,1635561587_844299_gfp.png,1635561587_844299_ph.png,1169,252,1225,308,2638,2031,2694,2087,1469,1779,2813,3123,5,3219,1280
6,meroclone5,1344,95,121,1635561587_844299.png,1635561587_844299_gfp.png,1635561587_844299_ph.png,245,749,340,870,1714,2528,1809,2649,1469,1779,2813,3123,5,3220,1280
6,paraclone16,1344,25,26,1635561587_844299.png,1635561587_844299_gfp.png,1635561587_844299_ph.png,495,411,520,437,1964,2190,1989,2216,1469,1779,2813,3123,5,3221,1280
6,paraclone6,1344,56,56,1635561589_220819.png,1635561589_220819_gfp.png,1635561589_220819_ph.png,1022,328,1078,384,2638,2031,2694,2087,1616,1703,2960,3047,5,3222,1281
6,paraclone10,1344,51,46,1635561589_220819.png,1635561589_220819_gfp.png,1635561589_220819_ph.png,1148,1142,1199,1188,2764,2845,2815,2891,1616,1703,2960,3047,5,3223,1281
6,meroclone5,1344,95,121,1635561589_220819.png,1635561589_220819_gfp.png,1635561589_220819_ph.png,98,825,193,946,1714,2528,1809,2649,1616,1703,2960,3047,5,3224,1281
6,paraclone16,1344,25,26,1635561589_220819.png,1635561589_220819_gfp.png,1635561589_220819_ph.png,348,487,373,513,1964,2190,1989,2216,1616,1703,2960,3047,5,3225,1281
6,meroclone5,1344,95,121,1635561590_564209.png,1635561590_564209_gfp.png,1635561590_564209_ph.png,1136,332,1231,453,1714,2528,1809,2649,578,2196,1922,3540,5,3226,1282
6,meroclone5,1344,95,121,1635561591_844676.png,1635561591_844676_gfp.png,1635561591_844676_ph.png,287,43,382,164,1714,2528,1809,2649,1427,2485,2771,3829,5,3227,1283
6,meroclone5,1344,95,121,1635561593_132023.png,1635561593_132023_gfp.png,1635561593_132023_ph.png,947,427,1042,548,1714,2528,1809,2649,767,2101,2111,3445,5,3228,1284
6,paraclone16,1344,25,26,1635561593_132023.png,1635561593_132023_gfp.png,1635561593_132023_ph.png,1197,89,1222,115,1964,2190,1989,2216,767,2101,2111,3445,5,3229,1284
6,paraclone6,1344,56,56,1635561594_4135659.png,1635561594_4135659_gfp.png,1635561594_4135659_ph.png,1104,236,1160,292,2638,2031,2694,2087,1534,1795,2878,3139,5,3230,1285
6,paraclone10,1344,51,46,1635561594_4135659.png,1635561594_4135659_gfp.png,1635561594_4135659_ph.png,1230,1050,1281,1096,2764,2845,2815,2891,1534,1795,2878,3139,5,3231,1285
6,meroclone5,1344,95,121,1635561594_4135659.png,1635561594_4135659_gfp.png,1635561594_4135659_ph.png,180,733,275,854,1714,2528,1809,2649,1534,1795,2878,3139,5,3232,1285
6,paraclone16,1344,25,26,1635561594_4135659.png,1635561594_4135659_gfp.png,1635561594_4135659_ph.png,430,395,455,421,1964,2190,1989,2216,1534,1795,2878,3139,5,3233,1285
6,meroclone5,1344,95,121,1635561595_701121.png,1635561595_701121_gfp.png,1635561595_701121_ph.png,829,617,924,738,1714,2528,1809,2649,885,1911,2229,3255,5,3234,1286
6,paraclone16,1344,25,26,1635561595_701121.png,1635561595_701121_gfp.png,1635561595_701121_ph.png,1079,279,1104,305,1964,2190,1989,2216,885,1911,2229,3255,5,3235,1286
6,meroclone5,1344,95,121,1635561596_9826822.png,1635561596_9826822_gfp.png,1635561596_9826822_ph.png,868,927,963,1048,1714,2528,1809,2649,846,1601,2190,2945,5,3236,1287
6,paraclone16,1344,25,26,1635561596_9826822.png,1635561596_9826822_gfp.png,1635561596_9826822_ph.png,1118,589,1143,615,1964,2190,1989,2216,846,1601,2190,2945,5,3237,1287
6,paraclone6,1344,56,56,1635561598_266091.png,1635561598_266091_gfp.png,1635561598_266091_ph.png,925,379,981,435,2638,2031,2694,2087,1713,1652,3057,2996,5,3238,1288
6,paraclone10,1344,51,46,1635561598_266091.png,1635561598_266091_gfp.png,1635561598_266091_ph.png,1051,1193,1102,1239,2764,2845,2815,2891,1713,1652,3057,2996,5,3239,1288
6,meroclone5,1344,95,121,1635561598_266091.png,1635561598_266091_gfp.png,1635561598_266091_ph.png,1,876,96,997,1714,2528,1809,2649,1713,1652,3057,2996,5,3240,1288
6,paraclone16,1344,25,26,1635561598_266091.png,1635561598_266091_gfp.png,1635561598_266091_ph.png,251,538,276,564,1964,2190,1989,2216,1713,1652,3057,2996,5,3241,1288
6,meroclone5,1344,95,121,1635561599_567474.png,1635561599_567474_gfp.png,1635561599_567474_ph.png,464,914,559,1035,1714,2528,1809,2649,1250,1614,2594,2958,5,3242,1289
6,paraclone16,1344,25,26,1635561599_567474.png,1635561599_567474_gfp.png,1635561599_567474_ph.png,714,576,739,602,1964,2190,1989,2216,1250,1614,2594,2958,5,3243,1289
6,paraclone12,1344,37,41,1635561600_8635101.png,1635561600_8635101_gfp.png,1635561600_8635101_ph.png,827,677,864,718,3203,1052,3240,1093,2376,375,3720,1719,5,3244,1290
6,paraclone7,1344,69,70,1635561602_1469178.png,1635561602_1469178_gfp.png,1635561602_1469178_ph.png,308,36,377,106,3215,49,3284,119,2907,13,4251,1357,5,3245,1291
6,paraclone12,1344,37,41,1635561602_1469178.png,1635561602_1469178_gfp.png,1635561602_1469178_ph.png,296,1039,333,1080,3203,1052,3240,1093,2907,13,4251,1357,5,3246,1291
6,paraclone12,1344,37,41,1635561603_450046.png,1635561603_450046_gfp.png,1635561603_450046_ph.png,1206,552,1243,593,3203,1052,3240,1093,1997,500,3341,1844,5,3247,1292
6,paraclone12,1344,37,41,1635561604_7391229.png,1635561604_7391229_gfp.png,1635561604_7391229_ph.png,709,751,746,792,3203,1052,3240,1093,2494,301,3838,1645,5,3248,1293
6,paraclone12,1344,37,41,1635561606_033828.png,1635561606_033828_gfp.png,1635561606_033828_ph.png,91,323,128,364,3203,1052,3240,1093,3112,729,4456,2073,5,3249,1294
6,paraclone12,1344,37,41,1635561607_3241851.png,1635561607_3241851_gfp.png,1635561607_3241851_ph.png,549,794,586,835,3203,1052,3240,1093,2654,258,3998,1602,5,3250,1295
6,paraclone12,1344,37,41,1635561608_625133.png,1635561608_625133_gfp.png,1635561608_625133_ph.png,963,514,1000,555,3203,1052,3240,1093,2240,538,3584,1882,5,3251,1296
6,paraclone12,1344,37,41,1635561609_909104.png,1635561609_909104_gfp.png,1635561609_909104_ph.png,259,418,296,459,3203,1052,3240,1093,2944,634,4288,1978,5,3252,1297
6,paraclone12,1344,37,41,1635561611_395433.png,1635561611_395433_gfp.png,1635561611_395433_ph.png,1169,741,1206,782,3203,1052,3240,1093,2034,311,3378,1655,5,3253,1298
6,paraclone7,1344,69,70,1635561612_721521.png,1635561612_721521_gfp.png,1635561612_721521_ph.png,1108,17,1177,87,3215,49,3284,119,2107,32,3451,1376,5,3254,1299
6,paraclone12,1344,37,41,1635561612_721521.png,1635561612_721521_gfp.png,1635561612_721521_ph.png,1096,1020,1133,1061,3203,1052,3240,1093,2107,32,3451,1376,5,3255,1299
6,meroclone6,1344,90,103,1635561614_015129.png,1635561614_015129_gfp.png,1635561614_015129_ph.png,3,770,93,873,2338,4455,2428,4558,2335,3685,3679,5029,5,3256,1300
6,meroclone16,1344,86,100,1635561614_015129.png,1635561614_015129_gfp.png,1635561614_015129_ph.png,1035,169,1121,269,3370,3854,3456,3954,2335,3685,3679,5029,5,3257,1300
6,meroclone6,1344,90,103,1635561615_296363.png,1635561615_296363_gfp.png,1635561615_296363_ph.png,581,586,671,689,2338,4455,2428,4558,1757,3869,3101,5213,5,3258,1301
6,holoclone4,1344,143,142,1635561615_296363.png,1635561615_296363_gfp.png,1635561615_296363_ph.png,1099,1028,1242,1170,2856,4897,2999,5039,1757,3869,3101,5213,5,3259,1301
6,paraclone8,1344,82,96,1635561616_769818.png,1635561616_769818_gfp.png,1635561616_769818_ph.png,464,35,546,131,1810,3817,1892,3913,1346,3782,2690,5126,5,3260,1302
6,meroclone6,1344,90,103,1635561616_769818.png,1635561616_769818_gfp.png,1635561616_769818_ph.png,992,673,1082,776,2338,4455,2428,4558,1346,3782,2690,5126,5,3261,1302
6,paraclone8,1344,82,96,1635561618_103075.png,1635561618_103075_gfp.png,1635561618_103075_ph.png,575,191,657,287,1810,3817,1892,3913,1235,3626,2579,4970,5,3262,1303
6,meroclone6,1344,90,103,1635561618_103075.png,1635561618_103075_gfp.png,1635561618_103075_ph.png,1103,829,1193,932,2338,4455,2428,4558,1235,3626,2579,4970,5,3263,1303
6,meroclone6,1344,90,103,1635561619_388135.png,1635561619_388135_gfp.png,1635561619_388135_ph.png,973,271,1063,374,2338,4455,2428,4558,1365,4184,2709,5528,5,3264,1304
6,meroclone6,1344,90,103,1635561620_671154.png,1635561620_671154_gfp.png,1635561620_671154_ph.png,835,158,925,261,2338,4455,2428,4558,1503,4297,2847,5641,5,3265,1305
6,meroclone6,1344,90,103,1635561621_954875.png,1635561621_954875_gfp.png,1635561621_954875_ph.png,2,816,92,919,2338,4455,2428,4558,2336,3639,3680,4983,5,3266,1306
6,meroclone16,1344,86,100,1635561621_954875.png,1635561621_954875_gfp.png,1635561621_954875_ph.png,1034,215,1120,315,3370,3854,3456,3954,2336,3639,3680,4983,5,3267,1306
6,meroclone6,1344,90,103,1635561623_23758.png,1635561623_23758_gfp.png,1635561623_23758_ph.png,382,815,472,918,2338,4455,2428,4558,1956,3640,3300,4984,5,3268,1307
6,meroclone6,1344,90,103,1635561624_52031.png,1635561624_52031_gfp.png,1635561624_52031_ph.png,457,25,547,128,2338,4455,2428,4558,1881,4430,3225,5774,5,3269,1308
6,holoclone4,1344,143,142,1635561624_52031.png,1635561624_52031_gfp.png,1635561624_52031_ph.png,975,467,1118,609,2856,4897,2999,5039,1881,4430,3225,5774,5,3270,1308
6,paraclone8,1344,82,96,1635561625_8020601.png,1635561625_8020601_gfp.png,1635561625_8020601_ph.png,249,450,331,546,1810,3817,1892,3913,1561,3367,2905,4711,5,3271,1309
6,meroclone6,1344,90,103,1635561625_8020601.png,1635561625_8020601_gfp.png,1635561625_8020601_ph.png,777,1088,867,1191,2338,4455,2428,4558,1561,3367,2905,4711,5,3272,1309
6,meroclone7,1344,82,79,1635561627_1149938.png,1635561627_1149938_gfp.png,1635561627_1149938_ph.png,162,166,244,245,162,2795,244,2874,0,2629,1344,3973,5,3273,1310
6,meroclone7,1344,82,79,1635561628_4223108.png,1635561628_4223108_gfp.png,1635561628_4223108_ph.png,162,846,244,925,162,2795,244,2874,0,1949,1344,3293,5,3274,1311
6,meroclone7,1344,82,79,1635561629_7089138.png,1635561629_7089138_gfp.png,1635561629_7089138_ph.png,105,196,187,275,162,2795,244,2874,57,2599,1401,3943,5,3275,1312
6,meroclone7,1344,82,79,1635561631_0045362.png,1635561631_0045362_gfp.png,1635561631_0045362_ph.png,162,1149,244,1228,162,2795,244,2874,0,1646,1344,2990,5,3276,1313
6,meroclone7,1344,82,79,1635561632_2884521.png,1635561632_2884521_gfp.png,1635561632_2884521_ph.png,162,152,244,231,162,2795,244,2874,0,2643,1344,3987,5,3277,1314
6,meroclone7,1344,82,79,1635561633_567822.png,1635561633_567822_gfp.png,1635561633_567822_ph.png,162,524,244,603,162,2795,244,2874,0,2271,1344,3615,5,3278,1315
6,meroclone7,1344,82,79,1635561634_850791.png,1635561634_850791_gfp.png,1635561634_850791_ph.png,162,38,244,117,162,2795,244,2874,0,2757,1344,4101,5,3279,1316
6,meroclone7,1344,82,79,1635561636_130811.png,1635561636_130811_gfp.png,1635561636_130811_ph.png,162,181,244,260,162,2795,244,2874,0,2614,1344,3958,5,3280,1317
6,meroclone7,1344,82,79,1635561637_409863.png,1635561637_409863_gfp.png,1635561637_409863_ph.png,162,562,244,641,162,2795,244,2874,0,2233,1344,3577,5,3281,1318
6,meroclone7,1344,82,79,1635561638_690613.png,1635561638_690613_gfp.png,1635561638_690613_ph.png,162,283,244,362,162,2795,244,2874,0,2512,1344,3856,5,3282,1319
6,paraclone11,1344,86,83,1635561639_973077.png,1635561639_973077_gfp.png,1635561639_973077_ph.png,785,388,871,471,5002,3728,5088,3811,4217,3340,5561,4684,5,3283,1320
6,paraclone16,1344,27,31,1635561639_973077.png,1635561639_973077_gfp.png,1635561639_973077_ph.png,545,256,572,287,4762,3596,4789,3627,4217,3340,5561,4684,5,3284,1320
6,meroclone15,1344,53,74,1635561639_973077.png,1635561639_973077_gfp.png,1635561639_973077_ph.png,292,726,345,800,4509,4066,4562,4140,4217,3340,5561,4684,5,3285,1320
6,paraclone17,1344,40,48,1635561639_973077.png,1635561639_973077_gfp.png,1635561639_973077_ph.png,74,740,114,788,4291,4080,4331,4128,4217,3340,5561,4684,5,3286,1320
6,paraclone16,1344,27,31,1635561641_251821.png,1635561641_251821_gfp.png,1635561641_251821_ph.png,1200,879,1227,910,4762,3596,4789,3627,3562,2717,4906,4061,5,3287,1321
6,paraclone13,1344,39,43,1635561641_251821.png,1635561641_251821_gfp.png,1635561641_251821_ph.png,433,518,472,561,3995,3235,4034,3278,3562,2717,4906,4061,5,3288,1321
6,paraclone11,1344,86,83,1635561642_533376.png,1635561642_533376_gfp.png,1635561642_533376_ph.png,870,418,956,501,5002,3728,5088,3811,4132,3310,5476,4654,5,3289,1322
6,paraclone16,1344,27,31,1635561642_533376.png,1635561642_533376_gfp.png,1635561642_533376_ph.png,630,286,657,317,4762,3596,4789,3627,4132,3310,5476,4654,5,3290,1322
6,meroclone15,1344,53,74,1635561642_533376.png,1635561642_533376_gfp.png,1635561642_533376_ph.png,377,756,430,830,4509,4066,4562,4140,4132,3310,5476,4654,5,3291,1322
6,paraclone17,1344,40,48,1635561642_533376.png,1635561642_533376_gfp.png,1635561642_533376_ph.png,159,770,199,818,4291,4080,4331,4128,4132,3310,5476,4654,5,3292,1322
6,paraclone2,1344,51,51,1635561643_814027.png,1635561643_814027_gfp.png,1635561643_814027_ph.png,678,104,729,155,5132,2885,5183,2936,4454,2781,5798,4125,5,3293,1323
6,paraclone11,1344,86,83,1635561643_814027.png,1635561643_814027_gfp.png,1635561643_814027_ph.png,548,947,634,1030,5002,3728,5088,3811,4454,2781,5798,4125,5,3294,1323
6,paraclone16,1344,27,31,1635561643_814027.png,1635561643_814027_gfp.png,1635561643_814027_ph.png,308,815,335,846,4762,3596,4789,3627,4454,2781,5798,4125,5,3295,1323
6,paraclone2,1344,51,51,1635561645_095945.png,1635561645_095945_gfp.png,1635561645_095945_ph.png,1137,280,1188,331,5132,2885,5183,2936,3995,2605,5339,3949,5,3296,1324
6,paraclone11,1344,86,83,1635561645_095945.png,1635561645_095945_gfp.png,1635561645_095945_ph.png,1007,1123,1093,1206,5002,3728,5088,3811,3995,2605,5339,3949,5,3297,1324
6,paraclone16,1344,27,31,1635561645_095945.png,1635561645_095945_gfp.png,1635561645_095945_ph.png,767,991,794,1022,4762,3596,4789,3627,3995,2605,5339,3949,5,3298,1324
6,paraclone13,1344,39,43,1635561645_095945.png,1635561645_095945_gfp.png,1635561645_095945_ph.png,0,630,39,673,3995,3235,4034,3278,3995,2605,5339,3949,5,3299,1324
6,paraclone11,1344,86,83,1635561646_379271.png,1635561646_379271_gfp.png,1635561646_379271_ph.png,1123,662,1209,745,5002,3728,5088,3811,3879,3066,5223,4410,5,3300,1325
6,paraclone16,1344,27,31,1635561646_379271.png,1635561646_379271_gfp.png,1635561646_379271_ph.png,883,530,910,561,4762,3596,4789,3627,3879,3066,5223,4410,5,3301,1325
6,paraclone13,1344,39,43,1635561646_379271.png,1635561646_379271_gfp.png,1635561646_379271_ph.png,116,169,155,212,3995,3235,4034,3278,3879,3066,5223,4410,5,3302,1325
6,meroclone15,1344,53,74,1635561646_379271.png,1635561646_379271_gfp.png,1635561646_379271_ph.png,630,1000,683,1074,4509,4066,4562,4140,3879,3066,5223,4410,5,3303,1325
6,paraclone17,1344,40,48,1635561646_379271.png,1635561646_379271_gfp.png,1635561646_379271_ph.png,412,1014,452,1062,4291,4080,4331,4128,3879,3066,5223,4410,5,3304,1325
6,paraclone11,1344,86,83,1635561647_662118.png,1635561647_662118_gfp.png,1635561647_662118_ph.png,1031,721,1117,804,5002,3728,5088,3811,3971,3007,5315,4351,5,3305,1326
6,paraclone16,1344,27,31,1635561647_662118.png,1635561647_662118_gfp.png,1635561647_662118_ph.png,791,589,818,620,4762,3596,4789,3627,3971,3007,5315,4351,5,3306,1326
6,paraclone13,1344,39,43,1635561647_662118.png,1635561647_662118_gfp.png,1635561647_662118_ph.png,24,228,63,271,3995,3235,4034,3278,3971,3007,5315,4351,5,3307,1326
6,meroclone15,1344,53,74,1635561647_662118.png,1635561647_662118_gfp.png,1635561647_662118_ph.png,538,1059,591,1133,4509,4066,4562,4140,3971,3007,5315,4351,5,3308,1326
6,paraclone17,1344,40,48,1635561647_662118.png,1635561647_662118_gfp.png,1635561647_662118_ph.png,320,1073,360,1121,4291,4080,4331,4128,3971,3007,5315,4351,5,3309,1326
6,paraclone11,1344,86,83,1635561648_9468448.png,1635561648_9468448_gfp.png,1635561648_9468448_ph.png,870,201,956,284,5002,3728,5088,3811,4132,3527,5476,4871,5,3310,1327
6,paraclone16,1344,27,31,1635561648_9468448.png,1635561648_9468448_gfp.png,1635561648_9468448_ph.png,630,69,657,100,4762,3596,4789,3627,4132,3527,5476,4871,5,3311,1327
6,meroclone15,1344,53,74,1635561648_9468448.png,1635561648_9468448_gfp.png,1635561648_9468448_ph.png,377,539,430,613,4509,4066,4562,4140,4132,3527,5476,4871,5,3312,1327
6,paraclone17,1344,40,48,1635561648_9468448.png,1635561648_9468448_gfp.png,1635561648_9468448_ph.png,159,553,199,601,4291,4080,4331,4128,4132,3527,5476,4871,5,3313,1327
6,paraclone4,1344,72,82,1635561650_2324831.png,1635561650_2324831_gfp.png,1635561650_2324831_ph.png,1079,1163,1151,1245,5797,4595,5869,4677,4718,3432,6062,4776,5,3314,1328
6,paraclone11,1344,86,83,1635561650_2324831.png,1635561650_2324831_gfp.png,1635561650_2324831_ph.png,284,296,370,379,5002,3728,5088,3811,4718,3432,6062,4776,5,3315,1328
6,paraclone16,1344,27,31,1635561650_2324831.png,1635561650_2324831_gfp.png,1635561650_2324831_ph.png,44,164,71,195,4762,3596,4789,3627,4718,3432,6062,4776,5,3316,1328
6,paraclone16,1344,27,31,1635561651_515865.png,1635561651_515865_gfp.png,1635561651_515865_ph.png,1313,691,1340,722,4762,3596,4789,3627,3449,2905,4793,4249,5,3317,1329
6,paraclone13,1344,39,43,1635561651_515865.png,1635561651_515865_gfp.png,1635561651_515865_ph.png,546,330,585,373,3995,3235,4034,3278,3449,2905,4793,4249,5,3318,1329
6,meroclone15,1344,53,74,1635561651_515865.png,1635561651_515865_gfp.png,1635561651_515865_ph.png,1060,1161,1113,1235,4509,4066,4562,4140,3449,2905,4793,4249,5,3319,1329
6,paraclone17,1344,40,48,1635561651_515865.png,1635561651_515865_gfp.png,1635561651_515865_ph.png,842,1175,882,1223,4291,4080,4331,4128,3449,2905,4793,4249,5,3320,1329
6,paraclone13,1344,39,43,1635561652_799406.png,1635561652_799406_gfp.png,1635561652_799406_ph.png,1180,1067,1219,1110,3995,3235,4034,3278,2815,2168,4159,3512,5,3321,1330
6,meroclone12,1344,51,59,1635561652_799406.png,1635561652_799406_gfp.png,1635561652_799406_ph.png,736,695,787,754,3551,2863,3602,2922,2815,2168,4159,3512,5,3322,1330
6,paraclone11,1344,86,83,1635561654_0972831.png,1635561654_0972831_gfp.png,1635561654_0972831_ph.png,1169,569,1255,652,5002,3728,5088,3811,3833,3159,5177,4503,5,3323,1331
6,paraclone16,1344,27,31,1635561654_0972831.png,1635561654_0972831_gfp.png,1635561654_0972831_ph.png,929,437,956,468,4762,3596,4789,3627,3833,3159,5177,4503,5,3324,1331
6,paraclone13,1344,39,43,1635561654_0972831.png,1635561654_0972831_gfp.png,1635561654_0972831_ph.png,162,76,201,119,3995,3235,4034,3278,3833,3159,5177,4503,5,3325,1331
6,meroclone15,1344,53,74,1635561654_0972831.png,1635561654_0972831_gfp.png,1635561654_0972831_ph.png,676,907,729,981,4509,4066,4562,4140,3833,3159,5177,4503,5,3326,1331
6,paraclone17,1344,40,48,1635561654_0972831.png,1635561654_0972831_gfp.png,1635561654_0972831_ph.png,458,921,498,969,4291,4080,4331,4128,3833,3159,5177,4503,5,3327,1331
6,paraclone3,1344,28,33,1635561655_379392.png,1635561655_379392_gfp.png,1635561655_379392_ph.png,1054,204,1082,237,4150,2325,4178,2358,3096,2121,4440,3465,5,3328,1332
6,paraclone13,1344,39,43,1635561655_379392.png,1635561655_379392_gfp.png,1635561655_379392_ph.png,899,1114,938,1157,3995,3235,4034,3278,3096,2121,4440,3465,5,3329,1332
6,meroclone12,1344,51,59,1635561655_379392.png,1635561655_379392_gfp.png,1635561655_379392_ph.png,455,742,506,801,3551,2863,3602,2922,3096,2121,4440,3465,5,3330,1332
6,paraclone16,1344,27,31,1635561656_664594.png,1635561656_664594_gfp.png,1635561656_664594_ph.png,1246,429,1273,460,4762,3596,4789,3627,3516,3167,4860,4511,5,3331,1333
6,paraclone13,1344,39,43,1635561656_664594.png,1635561656_664594_gfp.png,1635561656_664594_ph.png,479,68,518,111,3995,3235,4034,3278,3516,3167,4860,4511,5,3332,1333
6,meroclone15,1344,53,74,1635561656_664594.png,1635561656_664594_gfp.png,1635561656_664594_ph.png,993,899,1046,973,4509,4066,4562,4140,3516,3167,4860,4511,5,3333,1333
6,paraclone17,1344,40,48,1635561656_664594.png,1635561656_664594_gfp.png,1635561656_664594_ph.png,775,913,815,961,4291,4080,4331,4128,3516,3167,4860,4511,5,3334,1333
6,paraclone13,1344,39,43,1635561657_945089.png,1635561657_945089_gfp.png,1635561657_945089_ph.png,1195,498,1234,541,3995,3235,4034,3278,2800,2737,4144,4081,5,3335,1334
6,meroclone12,1344,51,59,1635561657_945089.png,1635561657_945089_gfp.png,1635561657_945089_ph.png,751,126,802,185,3551,2863,3602,2922,2800,2737,4144,4081,5,3336,1334
6,meroclone16,1344,86,100,1635561657_945089.png,1635561657_945089_gfp.png,1635561657_945089_ph.png,570,1117,656,1217,3370,3854,3456,3954,2800,2737,4144,4081,5,3337,1334
6,paraclone13,1344,39,43,1635561659_23488.png,1635561659_23488_gfp.png,1635561659_23488_ph.png,624,22,663,65,3995,3235,4034,3278,3371,3213,4715,4557,5,3338,1335
6,meroclone15,1344,53,74,1635561659_23488.png,1635561659_23488_gfp.png,1635561659_23488_ph.png,1138,853,1191,927,4509,4066,4562,4140,3371,3213,4715,4557,5,3339,1335
6,paraclone17,1344,40,48,1635561659_23488.png,1635561659_23488_gfp.png,1635561659_23488_ph.png,920,867,960,915,4291,4080,4331,4128,3371,3213,4715,4557,5,3340,1335
6,paraclone16,1344,27,31,1635561660_533325.png,1635561660_533325_gfp.png,1635561660_533325_ph.png,1050,1057,1077,1088,4762,3596,4789,3627,3712,2539,5056,3883,5,3341,1336
6,paraclone13,1344,39,43,1635561660_533325.png,1635561660_533325_gfp.png,1635561660_533325_ph.png,283,696,322,739,3995,3235,4034,3278,3712,2539,5056,3883,5,3342,1336
6,paraclone16,1344,27,31,1635561661_8229241.png,1635561661_8229241_gfp.png,1635561661_8229241_ph.png,1198,570,1225,601,4762,3596,4789,3627,3564,3026,4908,4370,5,3343,1337
6,paraclone13,1344,39,43,1635561661_8229241.png,1635561661_8229241_gfp.png,1635561661_8229241_ph.png,431,209,470,252,3995,3235,4034,3278,3564,3026,4908,4370,5,3344,1337
6,meroclone15,1344,53,74,1635561661_8229241.png,1635561661_8229241_gfp.png,1635561661_8229241_ph.png,945,1040,998,1114,4509,4066,4562,4140,3564,3026,4908,4370,5,3345,1337
6,paraclone17,1344,40,48,1635561661_8229241.png,1635561661_8229241_gfp.png,1635561661_8229241_ph.png,727,1054,767,1102,4291,4080,4331,4128,3564,3026,4908,4370,5,3346,1337
6,paraclone3,1344,28,33,1635561663_1069381.png,1635561663_1069381_gfp.png,1635561663_1069381_ph.png,627,262,655,295,4150,2325,4178,2358,3523,2063,4867,3407,5,3347,1338
6,paraclone13,1344,39,43,1635561663_1069381.png,1635561663_1069381_gfp.png,1635561663_1069381_ph.png,472,1172,511,1215,3995,3235,4034,3278,3523,2063,4867,3407,5,3348,1338
6,paraclone14,1344,130,129,1635561663_1069381.png,1635561663_1069381_gfp.png,1635561663_1069381_ph.png,140,2,270,131,3663,2065,3793,2194,3523,2063,4867,3407,5,3349,1338
6,meroclone12,1344,51,59,1635561663_1069381.png,1635561663_1069381_gfp.png,1635561663_1069381_ph.png,28,800,79,859,3551,2863,3602,2922,3523,2063,4867,3407,5,3350,1338
6,paraclone19,1344,57,62,1635561663_1069381.png,1635561663_1069381_gfp.png,1635561663_1069381_ph.png,7,22,64,84,3530,2085,3587,2147,3523,2063,4867,3407,5,3351,1338
6,paraclone13,1344,39,43,1635561664_3995788.png,1635561664_3995788_gfp.png,1635561664_3995788_ph.png,856,78,895,121,3995,3235,4034,3278,3139,3157,4483,4501,5,3352,1339
6,meroclone16,1344,86,100,1635561664_3995788.png,1635561664_3995788_gfp.png,1635561664_3995788_ph.png,231,697,317,797,3370,3854,3456,3954,3139,3157,4483,4501,5,3353,1339
6,paraclone17,1344,40,48,1635561664_3995788.png,1635561664_3995788_gfp.png,1635561664_3995788_ph.png,1152,923,1192,971,4291,4080,4331,4128,3139,3157,4483,4501,5,3354,1339
6,holoclone2,1344,160,187,1635561665_683635.png,1635561665_683635_gfp.png,1635561665_683635_ph.png,1125,33,1285,220,4754,850,4914,1037,3629,817,4973,2161,5,3355,1340
6,holoclone2,1344,160,187,1635561666_972694.png,1635561666_972694_gfp.png,1635561666_972694_ph.png,272,850,432,1037,4754,850,4914,1037,4482,0,5826,1344,5,3356,1341
6,paraclone18,1344,55,60,1635561666_972694.png,1635561666_972694_gfp.png,1635561666_972694_ph.png,1083,1130,1138,1190,5565,1130,5620,1190,4482,0,5826,1344,5,3357,1341
6,holoclone2,1344,160,187,1635561668_259223.png,1635561668_259223_gfp.png,1635561668_259223_ph.png,261,704,421,891,4754,850,4914,1037,4493,146,5837,1490,5,3358,1342
6,paraclone18,1344,55,60,1635561668_259223.png,1635561668_259223_gfp.png,1635561668_259223_ph.png,1072,984,1127,1044,5565,1130,5620,1190,4493,146,5837,1490,5,3359,1342
6,holoclone2,1344,160,187,1635561669_546216.png,1635561669_546216_gfp.png,1635561669_546216_ph.png,168,850,328,1037,4754,850,4914,1037,4586,0,5930,1344,5,3360,1343
6,paraclone18,1344,55,60,1635561669_546216.png,1635561669_546216_gfp.png,1635561669_546216_ph.png,979,1130,1034,1190,5565,1130,5620,1190,4586,0,5930,1344,5,3361,1343
6,holoclone2,1344,160,187,1635561670_8331761.png,1635561670_8331761_gfp.png,1635561670_8331761_ph.png,659,754,819,941,4754,850,4914,1037,4095,96,5439,1440,5,3362,1344
6,holoclone2,1344,160,187,1635561672_120558.png,1635561672_120558_gfp.png,1635561672_120558_ph.png,340,378,500,565,4754,850,4914,1037,4414,472,5758,1816,5,3363,1345
6,holoclone3,1344,311,310,1635561672_120558.png,1635561672_120558_gfp.png,1635561672_120558_ph.png,735,944,1046,1254,5149,1416,5460,1726,4414,472,5758,1816,5,3364,1345
6,paraclone18,1344,55,60,1635561672_120558.png,1635561672_120558_gfp.png,1635561672_120558_ph.png,1151,658,1206,718,5565,1130,5620,1190,4414,472,5758,1816,5,3365,1345
6,holoclone2,1344,160,187,1635561673_4037728.png,1635561673_4037728_gfp.png,1635561673_4037728_ph.png,927,850,1087,1037,4754,850,4914,1037,3827,0,5171,1344,5,3366,1346
6,holoclone2,1344,160,187,1635561674_684051.png,1635561674_684051_gfp.png,1635561674_684051_ph.png,972,850,1132,1037,4754,850,4914,1037,3782,0,5126,1344,5,3367,1347
6,holoclone2,1344,160,187,1635561675_967913.png,1635561675_967913_gfp.png,1635561675_967913_ph.png,780,850,940,1037,4754,850,4914,1037,3974,0,5318,1344,5,3368,1348
6,holoclone2,1344,160,187,1635561677_252716.png,1635561677_252716_gfp.png,1635561677_252716_ph.png,546,553,706,740,4754,850,4914,1037,4208,297,5552,1641,5,3369,1349
6,paraclone3,1344,28,33,1635561678_562041.png,1635561678_562041_gfp.png,1635561678_562041_ph.png,1140,672,1168,705,4150,2325,4178,2358,3010,1653,4354,2997,5,3370,1350
6,paraclone14,1344,130,129,1635561678_562041.png,1635561678_562041_gfp.png,1635561678_562041_ph.png,653,412,783,541,3663,2065,3793,2194,3010,1653,4354,2997,5,3371,1350
6,meroclone12,1344,51,59,1635561678_562041.png,1635561678_562041_gfp.png,1635561678_562041_ph.png,541,1210,592,1269,3551,2863,3602,2922,3010,1653,4354,2997,5,3372,1350
6,paraclone19,1344,57,62,1635561678_562041.png,1635561678_562041_gfp.png,1635561678_562041_ph.png,520,432,577,494,3530,2085,3587,2147,3010,1653,4354,2997,5,3373,1350
6,paraclone6,1344,56,56,1635561679_846316.png,1635561679_846316_gfp.png,1635561679_846316_ph.png,151,3,207,59,2638,2031,2694,2087,2487,2028,3831,3372,5,3374,1351
6,paraclone10,1344,51,46,1635561679_846316.png,1635561679_846316_gfp.png,1635561679_846316_ph.png,277,817,328,863,2764,2845,2815,2891,2487,2028,3831,3372,5,3375,1351
6,paraclone14,1344,130,129,1635561679_846316.png,1635561679_846316_gfp.png,1635561679_846316_ph.png,1176,37,1306,166,3663,2065,3793,2194,2487,2028,3831,3372,5,3376,1351
6,meroclone12,1344,51,59,1635561679_846316.png,1635561679_846316_gfp.png,1635561679_846316_ph.png,1064,835,1115,894,3551,2863,3602,2922,2487,2028,3831,3372,5,3377,1351
6,paraclone19,1344,57,62,1635561679_846316.png,1635561679_846316_gfp.png,1635561679_846316_ph.png,1043,57,1100,119,3530,2085,3587,2147,2487,2028,3831,3372,5,3378,1351
6,paraclone10,1344,51,46,1635561681_133644.png,1635561681_133644_gfp.png,1635561681_133644_ph.png,24,872,75,918,2764,2845,2815,2891,2740,1973,4084,3317,5,3379,1352
6,paraclone13,1344,39,43,1635561681_133644.png,1635561681_133644_gfp.png,1635561681_133644_ph.png,1255,1262,1294,1305,3995,3235,4034,3278,2740,1973,4084,3317,5,3380,1352
6,paraclone14,1344,130,129,1635561681_133644.png,1635561681_133644_gfp.png,1635561681_133644_ph.png,923,92,1053,221,3663,2065,3793,2194,2740,1973,4084,3317,5,3381,1352
6,meroclone12,1344,51,59,1635561681_133644.png,1635561681_133644_gfp.png,1635561681_133644_ph.png,811,890,862,949,3551,2863,3602,2922,2740,1973,4084,3317,5,3382,1352
6,paraclone19,1344,57,62,1635561681_133644.png,1635561681_133644_gfp.png,1635561681_133644_ph.png,790,112,847,174,3530,2085,3587,2147,2740,1973,4084,3317,5,3383,1352
6,paraclone3,1344,28,33,1635561682_4171.png,1635561682_4171_gfp.png,1635561682_4171_ph.png,1039,1049,1067,1082,4150,2325,4178,2358,3111,1276,4455,2620,5,3384,1353
6,paraclone14,1344,130,129,1635561682_4171.png,1635561682_4171_gfp.png,1635561682_4171_ph.png,552,789,682,918,3663,2065,3793,2194,3111,1276,4455,2620,5,3385,1353
6,paraclone19,1344,57,62,1635561682_4171.png,1635561682_4171_gfp.png,1635561682_4171_ph.png,419,809,476,871,3530,2085,3587,2147,3111,1276,4455,2620,5,3386,1353
6,paraclone6,1344,56,56,1635561683_706879.png,1635561683_706879_gfp.png,1635561683_706879_ph.png,31,19,87,75,2638,2031,2694,2087,2607,2012,3951,3356,5,3387,1354
6,paraclone10,1344,51,46,1635561683_706879.png,1635561683_706879_gfp.png,1635561683_706879_ph.png,157,833,208,879,2764,2845,2815,2891,2607,2012,3951,3356,5,3388,1354
6,paraclone14,1344,130,129,1635561683_706879.png,1635561683_706879_gfp.png,1635561683_706879_ph.png,1056,53,1186,182,3663,2065,3793,2194,2607,2012,3951,3356,5,3389,1354
6,meroclone12,1344,51,59,1635561683_706879.png,1635561683_706879_gfp.png,1635561683_706879_ph.png,944,851,995,910,3551,2863,3602,2922,2607,2012,3951,3356,5,3390,1354
6,paraclone19,1344,57,62,1635561683_706879.png,1635561683_706879_gfp.png,1635561683_706879_ph.png,923,73,980,135,3530,2085,3587,2147,2607,2012,3951,3356,5,3391,1354
6,paraclone3,1344,28,33,1635561684_99177.png,1635561684_99177_gfp.png,1635561684_99177_ph.png,1090,641,1118,674,4150,2325,4178,2358,3060,1684,4404,3028,5,3392,1355
6,paraclone14,1344,130,129,1635561684_99177.png,1635561684_99177_gfp.png,1635561684_99177_ph.png,603,381,733,510,3663,2065,3793,2194,3060,1684,4404,3028,5,3393,1355
6,meroclone12,1344,51,59,1635561684_99177.png,1635561684_99177_gfp.png,1635561684_99177_ph.png,491,1179,542,1238,3551,2863,3602,2922,3060,1684,4404,3028,5,3394,1355
6,paraclone19,1344,57,62,1635561684_99177.png,1635561684_99177_gfp.png,1635561684_99177_ph.png,470,401,527,463,3530,2085,3587,2147,3060,1684,4404,3028,5,3395,1355
6,paraclone12,1344,37,41,1635561686_277173.png,1635561686_277173_gfp.png,1635561686_277173_ph.png,236,61,273,102,3203,1052,3240,1093,2967,991,4311,2335,5,3396,1356
6,paraclone14,1344,130,129,1635561686_277173.png,1635561686_277173_gfp.png,1635561686_277173_ph.png,696,1074,826,1203,3663,2065,3793,2194,2967,991,4311,2335,5,3397,1356
6,paraclone19,1344,57,62,1635561686_277173.png,1635561686_277173_gfp.png,1635561686_277173_ph.png,563,1094,620,1156,3530,2085,3587,2147,2967,991,4311,2335,5,3398,1356
6,paraclone3,1344,28,33,1635561687_591244.png,1635561687_591244_gfp.png,1635561687_591244_ph.png,683,591,711,624,4150,2325,4178,2358,3467,1734,4811,3078,5,3399,1357
6,paraclone14,1344,130,129,1635561687_591244.png,1635561687_591244_gfp.png,1635561687_591244_ph.png,196,331,326,460,3663,2065,3793,2194,3467,1734,4811,3078,5,3400,1357
6,meroclone12,1344,51,59,1635561687_591244.png,1635561687_591244_gfp.png,1635561687_591244_ph.png,84,1129,135,1188,3551,2863,3602,2922,3467,1734,4811,3078,5,3401,1357
6,paraclone19,1344,57,62,1635561687_591244.png,1635561687_591244_gfp.png,1635561687_591244_ph.png,63,351,120,413,3530,2085,3587,2147,3467,1734,4811,3078,5,3402,1357
6,paraclone3,1344,28,33,1635561688_876357.png,1635561688_876357_gfp.png,1635561688_876357_ph.png,987,364,1015,397,4150,2325,4178,2358,3163,1961,4507,3305,5,3403,1358
6,paraclone13,1344,39,43,1635561688_876357.png,1635561688_876357_gfp.png,1635561688_876357_ph.png,832,1274,871,1317,3995,3235,4034,3278,3163,1961,4507,3305,5,3404,1358
6,paraclone14,1344,130,129,1635561688_876357.png,1635561688_876357_gfp.png,1635561688_876357_ph.png,500,104,630,233,3663,2065,3793,2194,3163,1961,4507,3305,5,3405,1358
6,meroclone12,1344,51,59,1635561688_876357.png,1635561688_876357_gfp.png,1635561688_876357_ph.png,388,902,439,961,3551,2863,3602,2922,3163,1961,4507,3305,5,3406,1358
6,paraclone19,1344,57,62,1635561688_876357.png,1635561688_876357_gfp.png,1635561688_876357_ph.png,367,124,424,186,3530,2085,3587,2147,3163,1961,4507,3305,5,3407,1358
6,paraclone6,1344,56,56,1635561690_1591659.png,1635561690_1591659_gfp.png,1635561690_1591659_ph.png,1,187,57,243,2638,2031,2694,2087,2637,1844,3981,3188,5,3408,1359
6,paraclone10,1344,51,46,1635561690_1591659.png,1635561690_1591659_gfp.png,1635561690_1591659_ph.png,127,1001,178,1047,2764,2845,2815,2891,2637,1844,3981,3188,5,3409,1359
6,paraclone14,1344,130,129,1635561690_1591659.png,1635561690_1591659_gfp.png,1635561690_1591659_ph.png,1026,221,1156,350,3663,2065,3793,2194,2637,1844,3981,3188,5,3410,1359
6,meroclone12,1344,51,59,1635561690_1591659.png,1635561690_1591659_gfp.png,1635561690_1591659_ph.png,914,1019,965,1078,3551,2863,3602,2922,2637,1844,3981,3188,5,3411,1359
6,paraclone19,1344,57,62,1635561690_1591659.png,1635561690_1591659_gfp.png,1635561690_1591659_ph.png,893,241,950,303,3530,2085,3587,2147,2637,1844,3981,3188,5,3412,1359
6,paraclone13,1344,39,43,1635561691_441837.png,1635561691_441837_gfp.png,1635561691_441837_ph.png,944,415,983,458,3995,3235,4034,3278,3051,2820,4395,4164,5,3413,1360
6,meroclone12,1344,51,59,1635561691_441837.png,1635561691_441837_gfp.png,1635561691_441837_ph.png,500,43,551,102,3551,2863,3602,2922,3051,2820,4395,4164,5,3414,1360
6,meroclone16,1344,86,100,1635561691_441837.png,1635561691_441837_gfp.png,1635561691_441837_ph.png,319,1034,405,1134,3370,3854,3456,3954,3051,2820,4395,4164,5,3415,1360
6,paraclone17,1344,40,48,1635561691_441837.png,1635561691_441837_gfp.png,1635561691_441837_ph.png,1240,1260,1280,1308,4291,4080,4331,4128,3051,2820,4395,4164,5,3416,1360
6,paraclone13,1344,39,43,1635561692_7266078.png,1635561692_7266078_gfp.png,1635561692_7266078_ph.png,773,540,812,583,3995,3235,4034,3278,3222,2695,4566,4039,5,3417,1361
6,meroclone12,1344,51,59,1635561692_7266078.png,1635561692_7266078_gfp.png,1635561692_7266078_ph.png,329,168,380,227,3551,2863,3602,2922,3222,2695,4566,4039,5,3418,1361
6,meroclone16,1344,86,100,1635561692_7266078.png,1635561692_7266078_gfp.png,1635561692_7266078_ph.png,148,1159,234,1259,3370,3854,3456,3954,3222,2695,4566,4039,5,3419,1361
6,paraclone3,1344,28,33,1635561694_012018.png,1635561694_012018_gfp.png,1635561694_012018_ph.png,1218,49,1246,82,4150,2325,4178,2358,2932,2276,4276,3620,5,3420,1362
6,paraclone13,1344,39,43,1635561694_012018.png,1635561694_012018_gfp.png,1635561694_012018_ph.png,1063,959,1102,1002,3995,3235,4034,3278,2932,2276,4276,3620,5,3421,1362
6,meroclone12,1344,51,59,1635561694_012018.png,1635561694_012018_gfp.png,1635561694_012018_ph.png,619,587,670,646,3551,2863,3602,2922,2932,2276,4276,3620,5,3422,1362
6,paraclone10,1344,51,46,1635561695_293204.png,1635561695_293204_gfp.png,1635561695_293204_ph.png,15,214,66,260,2764,2845,2815,2891,2749,2631,4093,3975,5,3423,1363
6,paraclone13,1344,39,43,1635561695_293204.png,1635561695_293204_gfp.png,1635561695_293204_ph.png,1246,604,1285,647,3995,3235,4034,3278,2749,2631,4093,3975,5,3424,1363
6,meroclone12,1344,51,59,1635561695_293204.png,1635561695_293204_gfp.png,1635561695_293204_ph.png,802,232,853,291,3551,2863,3602,2922,2749,2631,4093,3975,5,3425,1363
6,meroclone16,1344,86,100,1635561695_293204.png,1635561695_293204_gfp.png,1635561695_293204_ph.png,621,1223,707,1323,3370,3854,3456,3954,2749,2631,4093,3975,5,3426,1363
6,paraclone13,1344,39,43,1635561696_5769112.png,1635561696_5769112_gfp.png,1635561696_5769112_ph.png,875,497,914,540,3995,3235,4034,3278,3120,2738,4464,4082,5,3427,1364
6,meroclone12,1344,51,59,1635561696_5769112.png,1635561696_5769112_gfp.png,1635561696_5769112_ph.png,431,125,482,184,3551,2863,3602,2922,3120,2738,4464,4082,5,3428,1364
6,meroclone16,1344,86,100,1635561696_5769112.png,1635561696_5769112_gfp.png,1635561696_5769112_ph.png,250,1116,336,1216,3370,3854,3456,3954,3120,2738,4464,4082,5,3429,1364
6,paraclone3,1344,28,33,1635561697_8615732.png,1635561697_8615732_gfp.png,1635561697_8615732_ph.png,678,51,706,84,4150,2325,4178,2358,3472,2274,4816,3618,5,3430,1365
6,paraclone13,1344,39,43,1635561697_8615732.png,1635561697_8615732_gfp.png,1635561697_8615732_ph.png,523,961,562,1004,3995,3235,4034,3278,3472,2274,4816,3618,5,3431,1365
6,meroclone12,1344,51,59,1635561697_8615732.png,1635561697_8615732_gfp.png,1635561697_8615732_ph.png,79,589,130,648,3551,2863,3602,2922,3472,2274,4816,3618,5,3432,1365
6,paraclone16,1344,27,31,1635561699_179874.png,1635561699_179874_gfp.png,1635561699_179874_ph.png,1254,1060,1281,1091,4762,3596,4789,3627,3508,2536,4852,3880,5,3433,1366
6,paraclone13,1344,39,43,1635561699_179874.png,1635561699_179874_gfp.png,1635561699_179874_ph.png,487,699,526,742,3995,3235,4034,3278,3508,2536,4852,3880,5,3434,1366
6,meroclone12,1344,51,59,1635561699_179874.png,1635561699_179874_gfp.png,1635561699_179874_ph.png,43,327,94,386,3551,2863,3602,2922,3508,2536,4852,3880,5,3435,1366
6,paraclone3,1344,28,33,1635561700_522743.png,1635561700_522743_gfp.png,1635561700_522743_ph.png,1009,358,1037,391,4150,2325,4178,2358,3141,1967,4485,3311,5,3436,1367
6,paraclone13,1344,39,43,1635561700_522743.png,1635561700_522743_gfp.png,1635561700_522743_ph.png,854,1268,893,1311,3995,3235,4034,3278,3141,1967,4485,3311,5,3437,1367
6,paraclone14,1344,130,129,1635561700_522743.png,1635561700_522743_gfp.png,1635561700_522743_ph.png,522,98,652,227,3663,2065,3793,2194,3141,1967,4485,3311,5,3438,1367
6,meroclone12,1344,51,59,1635561700_522743.png,1635561700_522743_gfp.png,1635561700_522743_ph.png,410,896,461,955,3551,2863,3602,2922,3141,1967,4485,3311,5,3439,1367
6,paraclone19,1344,57,62,1635561700_522743.png,1635561700_522743_gfp.png,1635561700_522743_ph.png,389,118,446,180,3530,2085,3587,2147,3141,1967,4485,3311,5,3440,1367
6,paraclone13,1344,39,43,1635561701_8123279.png,1635561701_8123279_gfp.png,1635561701_8123279_ph.png,1053,494,1092,537,3995,3235,4034,3278,2942,2741,4286,4085,5,3441,1368
6,meroclone12,1344,51,59,1635561701_8123279.png,1635561701_8123279_gfp.png,1635561701_8123279_ph.png,609,122,660,181,3551,2863,3602,2922,2942,2741,4286,4085,5,3442,1368
6,meroclone16,1344,86,100,1635561701_8123279.png,1635561701_8123279_gfp.png,1635561701_8123279_ph.png,428,1113,514,1213,3370,3854,3456,3954,2942,2741,4286,4085,5,3443,1368
6,paraclone13,1344,39,43,1635561703_093673.png,1635561703_093673_gfp.png,1635561703_093673_ph.png,662,646,701,689,3995,3235,4034,3278,3333,2589,4677,3933,5,3444,1369
6,meroclone12,1344,51,59,1635561703_093673.png,1635561703_093673_gfp.png,1635561703_093673_ph.png,218,274,269,333,3551,2863,3602,2922,3333,2589,4677,3933,5,3445,1369
6,meroclone13,1344,94,114,1635561704_3780391.png,1635561704_3780391_gfp.png,1635561704_3780391_ph.png,26,137,120,251,6548,1074,6642,1188,6522,937,7866,2281,5,3446,1370
6,meroclone13,1344,94,114,1635561705_670339.png,1635561705_670339_gfp.png,1635561705_670339_ph.png,988,383,1082,497,6548,1074,6642,1188,5560,691,6904,2035,5,3447,1371
6,meroclone14,1344,64,72,1635561705_670339.png,1635561705_670339_gfp.png,1635561705_670339_ph.png,721,245,785,317,6281,936,6345,1008,5560,691,6904,2035,5,3448,1371
6,paraclone18,1344,55,60,1635561705_670339.png,1635561705_670339_gfp.png,1635561705_670339_ph.png,5,439,60,499,5565,1130,5620,1190,5560,691,6904,2035,5,3449,1371
6,meroclone13,1344,94,114,1635561706_948585.png,1635561706_948585_gfp.png,1635561706_948585_ph.png,324,160,418,274,6548,1074,6642,1188,6224,914,7568,2258,5,3450,1372
6,meroclone14,1344,64,72,1635561706_948585.png,1635561706_948585_gfp.png,1635561706_948585_ph.png,57,22,121,94,6281,936,6345,1008,6224,914,7568,2258,5,3451,1372
6,meroclone13,1344,94,114,1635561708_2362921.png,1635561708_2362921_gfp.png,1635561708_2362921_ph.png,178,842,272,956,6548,1074,6642,1188,6370,232,7714,1576,5,3452,1373
6,meroclone13,1344,94,114,1635561709_52438.png,1635561709_52438_gfp.png,1635561709_52438_ph.png,816,525,910,639,6548,1074,6642,1188,5732,549,7076,1893,5,3453,1374
6,meroclone14,1344,64,72,1635561709_52438.png,1635561709_52438_gfp.png,1635561709_52438_ph.png,549,387,613,459,6281,936,6345,1008,5732,549,7076,1893,5,3454,1374
6,meroclone13,1344,94,114,1635561710_80418.png,1635561710_80418_gfp.png,1635561710_80418_ph.png,133,672,227,786,6548,1074,6642,1188,6415,402,7759,1746,5,3455,1375
6,meroclone13,1344,94,114,1635561712_0831501.png,1635561712_0831501_gfp.png,1635561712_0831501_ph.png,659,321,753,435,6548,1074,6642,1188,5889,753,7233,2097,5,3456,1376
6,meroclone14,1344,64,72,1635561712_0831501.png,1635561712_0831501_gfp.png,1635561712_0831501_ph.png,392,183,456,255,6281,936,6345,1008,5889,753,7233,2097,5,3457,1376
6,meroclone13,1344,94,114,1635561713_360683.png,1635561713_360683_gfp.png,1635561713_360683_ph.png,275,1074,369,1188,6548,1074,6642,1188,6273,0,7617,1344,5,3458,1377
6,meroclone14,1344,64,72,1635561713_360683.png,1635561713_360683_gfp.png,1635561713_360683_ph.png,8,936,72,1008,6281,936,6345,1008,6273,0,7617,1344,5,3459,1377
6,meroclone13,1344,94,114,1635561714_642029.png,1635561714_642029_gfp.png,1635561714_642029_ph.png,723,435,817,549,6548,1074,6642,1188,5825,639,7169,1983,5,3460,1378
6,meroclone14,1344,64,72,1635561714_642029.png,1635561714_642029_gfp.png,1635561714_642029_ph.png,456,297,520,369,6281,936,6345,1008,5825,639,7169,1983,5,3461,1378
6,meroclone13,1344,94,114,1635561715_920886.png,1635561715_920886_gfp.png,1635561715_920886_ph.png,542,72,636,186,6548,1074,6642,1188,6006,1002,7350,2346,5,3462,1379
6,meroclone13,1344,94,114,1635561717_202501.png,1635561717_202501_gfp.png,1635561717_202501_ph.png,746,1074,840,1188,6548,1074,6642,1188,5802,0,7146,1344,5,3463,1380
6,meroclone14,1344,64,72,1635561717_202501.png,1635561717_202501_gfp.png,1635561717_202501_ph.png,479,936,543,1008,6281,936,6345,1008,5802,0,7146,1344,5,3464,1380
6,meroclone14,1344,64,72,1635561718_478855.png,1635561718_478855_gfp.png,1635561718_478855_ph.png,1267,375,1331,447,6281,936,6345,1008,5014,561,6358,1905,5,3465,1381
6,holoclone3,1344,311,310,1635561718_478855.png,1635561718_478855_gfp.png,1635561718_478855_ph.png,135,855,446,1165,5149,1416,5460,1726,5014,561,6358,1905,5,3466,1381
6,paraclone18,1344,55,60,1635561718_478855.png,1635561718_478855_gfp.png,1635561718_478855_ph.png,551,569,606,629,5565,1130,5620,1190,5014,561,6358,1905,5,3467,1381
6,meroclone13,1344,94,114,1635561719_75888.png,1635561719_75888_gfp.png,1635561719_75888_ph.png,868,150,962,264,6548,1074,6642,1188,5680,924,7024,2268,5,3468,1382
6,meroclone14,1344,64,72,1635561719_75888.png,1635561719_75888_gfp.png,1635561719_75888_ph.png,601,12,665,84,6281,936,6345,1008,5680,924,7024,2268,5,3469,1382
6,meroclone13,1344,94,114,1635561721_0429282.png,1635561721_0429282_gfp.png,1635561721_0429282_ph.png,1216,529,1310,643,6548,1074,6642,1188,5332,545,6676,1889,5,3470,1383
6,meroclone14,1344,64,72,1635561721_0429282.png,1635561721_0429282_gfp.png,1635561721_0429282_ph.png,949,391,1013,463,6281,936,6345,1008,5332,545,6676,1889,5,3471,1383
6,paraclone18,1344,55,60,1635561721_0429282.png,1635561721_0429282_gfp.png,1635561721_0429282_ph.png,233,585,288,645,5565,1130,5620,1190,5332,545,6676,1889,5,3472,1383
6,meroclone13,1344,94,114,1635561722_3229.png,1635561722_3229_gfp.png,1635561722_3229_ph.png,1085,858,1179,972,6548,1074,6642,1188,5463,216,6807,1560,5,3473,1384
6,meroclone14,1344,64,72,1635561722_3229.png,1635561722_3229_gfp.png,1635561722_3229_ph.png,818,720,882,792,6281,936,6345,1008,5463,216,6807,1560,5,3474,1384
6,paraclone18,1344,55,60,1635561722_3229.png,1635561722_3229_gfp.png,1635561722_3229_ph.png,102,914,157,974,5565,1130,5620,1190,5463,216,6807,1560,5,3475,1384
6,meroclone13,1344,94,114,1635561723_602245.png,1635561723_602245_gfp.png,1635561723_602245_ph.png,634,363,728,477,6548,1074,6642,1188,5914,711,7258,2055,5,3476,1385
6,meroclone14,1344,64,72,1635561723_602245.png,1635561723_602245_gfp.png,1635561723_602245_ph.png,367,225,431,297,6281,936,6345,1008,5914,711,7258,2055,5,3477,1385
6,meroclone13,1344,94,114,1635561724_88064.png,1635561724_88064_gfp.png,1635561724_88064_ph.png,392,465,486,579,6548,1074,6642,1188,6156,609,7500,1953,5,3478,1386
6,meroclone14,1344,64,72,1635561724_88064.png,1635561724_88064_gfp.png,1635561724_88064_ph.png,125,327,189,399,6281,936,6345,1008,6156,609,7500,1953,5,3479,1386
6,meroclone13,1344,94,114,1635561726_1605902.png,1635561726_1605902_gfp.png,1635561726_1605902_ph.png,951,544,1045,658,6548,1074,6642,1188,5597,530,6941,1874,5,3480,1387
6,meroclone14,1344,64,72,1635561726_1605902.png,1635561726_1605902_gfp.png,1635561726_1605902_ph.png,684,406,748,478,6281,936,6345,1008,5597,530,6941,1874,5,3481,1387
6,meroclone14,1344,64,72,1635561727_439956.png,1635561727_439956_gfp.png,1635561727_439956_ph.png,1008,660,1072,732,6281,936,6345,1008,5273,276,6617,1620,5,3482,1388
6,paraclone18,1344,55,60,1635561727_439956.png,1635561727_439956_gfp.png,1635561727_439956_ph.png,292,854,347,914,5565,1130,5620,1190,5273,276,6617,1620,5,3483,1388
6,meroclone13,1344,94,114,1635561728_722393.png,1635561728_722393_gfp.png,1635561728_722393_ph.png,663,618,757,732,6548,1074,6642,1188,5885,456,7229,1800,5,3484,1389
6,meroclone14,1344,64,72,1635561728_722393.png,1635561728_722393_gfp.png,1635561728_722393_ph.png,396,480,460,552,6281,936,6345,1008,5885,456,7229,1800,5,3485,1389
6,holoclone2,1344,160,187,1635561730_003416.png,1635561730_003416_gfp.png,1635561730_003416_ph.png,390,164,550,351,4754,850,4914,1037,4364,686,5708,2030,5,3486,1390
6,holoclone3,1344,311,310,1635561730_003416.png,1635561730_003416_gfp.png,1635561730_003416_ph.png,785,730,1096,1040,5149,1416,5460,1726,4364,686,5708,2030,5,3487,1390
6,paraclone18,1344,55,60,1635561730_003416.png,1635561730_003416_gfp.png,1635561730_003416_ph.png,1201,444,1256,504,5565,1130,5620,1190,4364,686,5708,2030,5,3488,1390
6,holoclone2,1344,160,187,1635561731_2867572.png,1635561731_2867572_gfp.png,1635561731_2867572_ph.png,50,248,210,435,4754,850,4914,1037,4704,602,6048,1946,5,3489,1391
6,holoclone3,1344,311,310,1635561731_2867572.png,1635561731_2867572_gfp.png,1635561731_2867572_ph.png,445,814,756,1124,5149,1416,5460,1726,4704,602,6048,1946,5,3490,1391
6,paraclone18,1344,55,60,1635561731_2867572.png,1635561731_2867572_gfp.png,1635561731_2867572_ph.png,861,528,916,588,5565,1130,5620,1190,4704,602,6048,1946,5,3491,1391
6,holoclone2,1344,160,187,1635561732_568162.png,1635561732_568162_gfp.png,1635561732_568162_ph.png,217,134,377,321,4754,850,4914,1037,4537,716,5881,2060,5,3492,1392
6,holoclone3,1344,311,310,1635561732_568162.png,1635561732_568162_gfp.png,1635561732_568162_ph.png,612,700,923,1010,5149,1416,5460,1726,4537,716,5881,2060,5,3493,1392
6,paraclone18,1344,55,60,1635561732_568162.png,1635561732_568162_gfp.png,1635561732_568162_ph.png,1028,414,1083,474,5565,1130,5620,1190,4537,716,5881,2060,5,3494,1392
6,holoclone3,1344,311,310,1635561733_851451.png,1635561733_851451_gfp.png,1635561733_851451_ph.png,442,411,753,721,5149,1416,5460,1726,4707,1005,6051,2349,5,3495,1393
6,paraclone15,1344,46,42,1635561733_851451.png,1635561733_851451_gfp.png,1635561733_851451_ph.png,1237,1289,1283,1331,5944,2294,5990,2336,4707,1005,6051,2349,5,3496,1393
6,paraclone18,1344,55,60,1635561733_851451.png,1635561733_851451_gfp.png,1635561733_851451_ph.png,858,125,913,185,5565,1130,5620,1190,4707,1005,6051,2349,5,3497,1393
6,holoclone2,1344,160,187,1635561735_132997.png,1635561735_132997_gfp.png,1635561735_132997_ph.png,77,0,237,187,4754,850,4914,1037,4677,850,6021,2194,5,3498,1394
6,holoclone3,1344,311,310,1635561735_132997.png,1635561735_132997_gfp.png,1635561735_132997_ph.png,472,566,783,876,5149,1416,5460,1726,4677,850,6021,2194,5,3499,1394
6,paraclone18,1344,55,60,1635561735_132997.png,1635561735_132997_gfp.png,1635561735_132997_ph.png,888,280,943,340,5565,1130,5620,1190,4677,850,6021,2194,5,3500,1394
6,holoclone3,1344,311,310,1635561736_411819.png,1635561736_411819_gfp.png,1635561736_411819_ph.png,344,488,655,798,5149,1416,5460,1726,4805,928,6149,2272,5,3501,1395
6,paraclone18,1344,55,60,1635561736_411819.png,1635561736_411819_gfp.png,1635561736_411819_ph.png,760,202,815,262,5565,1130,5620,1190,4805,928,6149,2272,5,3502,1395
6,holoclone3,1344,311,310,1635561737_7040179.png,1635561737_7040179_gfp.png,1635561737_7040179_ph.png,823,59,1134,369,5149,1416,5460,1726,4326,1357,5670,2701,5,3503,1396
6,holoclone3,1344,311,310,1635561739_004747.png,1635561739_004747_gfp.png,1635561739_004747_ph.png,568,387,879,697,5149,1416,5460,1726,4581,1029,5925,2373,5,3504,1397
6,paraclone18,1344,55,60,1635561739_004747.png,1635561739_004747_gfp.png,1635561739_004747_ph.png,984,101,1039,161,5565,1130,5620,1190,4581,1029,5925,2373,5,3505,1397
6,holoclone2,1344,160,187,1635561740_285357.png,1635561740_285357_gfp.png,1635561740_285357_ph.png,559,388,719,575,4754,850,4914,1037,4195,462,5539,1806,5,3506,1398
6,holoclone3,1344,311,310,1635561740_285357.png,1635561740_285357_gfp.png,1635561740_285357_ph.png,954,954,1265,1264,5149,1416,5460,1726,4195,462,5539,1806,5,3507,1398
6,holoclone3,1344,311,310,1635561741_566876.png,1635561741_566876_gfp.png,1635561741_566876_ph.png,315,495,626,805,5149,1416,5460,1726,4834,921,6178,2265,5,3508,1399
6,paraclone18,1344,55,60,1635561741_566876.png,1635561741_566876_gfp.png,1635561741_566876_ph.png,731,209,786,269,5565,1130,5620,1190,4834,921,6178,2265,5,3509,1399
6,paraclone1,1344,39,24,1635561742_84579.png,1635561742_84579_gfp.png,1635561742_84579_ph.png,1171,428,1210,452,6531,2651,6570,2675,5360,2223,6704,3567,5,3510,1400
6,paraclone5,1344,20,35,1635561742_84579.png,1635561742_84579_gfp.png,1635561742_84579_ph.png,643,646,663,681,6003,2869,6023,2904,5360,2223,6704,3567,5,3511,1400
6,paraclone15,1344,46,42,1635561742_84579.png,1635561742_84579_gfp.png,1635561742_84579_ph.png,584,71,630,113,5944,2294,5990,2336,5360,2223,6704,3567,5,3512,1400
6,paraclone15,1344,46,42,1635561744_1176362.png,1635561744_1176362_gfp.png,1635561744_1176362_ph.png,1261,828,1307,870,5944,2294,5990,2336,4683,1466,6027,2810,5,3513,1401
6,paraclone1,1344,39,24,1635561745_400015.png,1635561745_400015_gfp.png,1635561745_400015_ph.png,1301,461,1340,485,6531,2651,6570,2675,5230,2190,6574,3534,5,3514,1402
6,paraclone5,1344,20,35,1635561745_400015.png,1635561745_400015_gfp.png,1635561745_400015_ph.png,773,679,793,714,6003,2869,6023,2904,5230,2190,6574,3534,5,3515,1402
6,paraclone15,1344,46,42,1635561745_400015.png,1635561745_400015_gfp.png,1635561745_400015_ph.png,714,104,760,146,5944,2294,5990,2336,5230,2190,6574,3534,5,3516,1402
6,paraclone1,1344,39,24,1635561746_6790001.png,1635561746_6790001_gfp.png,1635561746_6790001_ph.png,1159,983,1198,1007,6531,2651,6570,2675,5372,1668,6716,3012,5,3517,1403
6,paraclone5,1344,20,35,1635561746_6790001.png,1635561746_6790001_gfp.png,1635561746_6790001_ph.png,631,1201,651,1236,6003,2869,6023,2904,5372,1668,6716,3012,5,3518,1403
6,paraclone15,1344,46,42,1635561746_6790001.png,1635561746_6790001_gfp.png,1635561746_6790001_ph.png,572,626,618,668,5944,2294,5990,2336,5372,1668,6716,3012,5,3519,1403
6,paraclone2,1344,51,51,1635561747_97526.png,1635561747_97526_gfp.png,1635561747_97526_ph.png,275,1244,326,1295,5132,2885,5183,2936,4857,1641,6201,2985,5,3520,1404
6,paraclone5,1344,20,35,1635561747_97526.png,1635561747_97526_gfp.png,1635561747_97526_ph.png,1146,1228,1166,1263,6003,2869,6023,2904,4857,1641,6201,2985,5,3521,1404
6,paraclone15,1344,46,42,1635561747_97526.png,1635561747_97526_gfp.png,1635561747_97526_ph.png,1087,653,1133,695,5944,2294,5990,2336,4857,1641,6201,2985,5,3522,1404
6,paraclone15,1344,46,42,1635561749_256646.png,1635561749_256646_gfp.png,1635561749_256646_ph.png,120,1093,166,1135,5944,2294,5990,2336,5824,1201,7168,2545,5,3523,1405
6,paraclone1,1344,39,24,1635561750_55713.png,1635561750_55713_gfp.png,1635561750_55713_ph.png,1037,1038,1076,1062,6531,2651,6570,2675,5494,1613,6838,2957,5,3524,1406
6,paraclone5,1344,20,35,1635561750_55713.png,1635561750_55713_gfp.png,1635561750_55713_ph.png,509,1256,529,1291,6003,2869,6023,2904,5494,1613,6838,2957,5,3525,1406
6,paraclone15,1344,46,42,1635561750_55713.png,1635561750_55713_gfp.png,1635561750_55713_ph.png,450,681,496,723,5944,2294,5990,2336,5494,1613,6838,2957,5,3526,1406
6,paraclone15,1344,46,42,1635561751_834431.png,1635561751_834431_gfp.png,1635561751_834431_ph.png,850,833,896,875,5944,2294,5990,2336,5094,1461,6438,2805,5,3527,1407
6,holoclone3,1344,311,310,1635561753_111912.png,1635561753_111912_gfp.png,1635561753_111912_ph.png,440,153,751,463,5149,1416,5460,1726,4709,1263,6053,2607,5,3528,1408
6,paraclone15,1344,46,42,1635561753_111912.png,1635561753_111912_gfp.png,1635561753_111912_ph.png,1235,1031,1281,1073,5944,2294,5990,2336,4709,1263,6053,2607,5,3529,1408
6,paraclone1,1344,39,24,1635561754_398601.png,1635561754_398601_gfp.png,1635561754_398601_ph.png,1063,529,1102,553,6531,2651,6570,2675,5468,2122,6812,3466,5,3530,1409
6,paraclone5,1344,20,35,1635561754_398601.png,1635561754_398601_gfp.png,1635561754_398601_ph.png,535,747,555,782,6003,2869,6023,2904,5468,2122,6812,3466,5,3531,1409
6,paraclone15,1344,46,42,1635561754_398601.png,1635561754_398601_gfp.png,1635561754_398601_ph.png,476,172,522,214,5944,2294,5990,2336,5468,2122,6812,3466,5,3532,1409
6,paraclone11,1344,86,83,1635561755_678999.png,1635561755_678999_gfp.png,1635561755_678999_ph.png,723,768,809,851,5002,3728,5088,3811,4279,2960,5623,4304,5,3533,1410
6,paraclone16,1344,27,31,1635561755_678999.png,1635561755_678999_gfp.png,1635561755_678999_ph.png,483,636,510,667,4762,3596,4789,3627,4279,2960,5623,4304,5,3534,1410
6,meroclone15,1344,53,74,1635561755_678999.png,1635561755_678999_gfp.png,1635561755_678999_ph.png,230,1106,283,1180,4509,4066,4562,4140,4279,2960,5623,4304,5,3535,1410
6,paraclone17,1344,40,48,1635561755_678999.png,1635561755_678999_gfp.png,1635561755_678999_ph.png,12,1120,52,1168,4291,4080,4331,4128,4279,2960,5623,4304,5,3536,1410
6,paraclone11,1344,86,83,1635561756_95392.png,1635561756_95392_gfp.png,1635561756_95392_ph.png,940,614,1026,697,5002,3728,5088,3811,4062,3114,5406,4458,5,3537,1411
6,paraclone16,1344,27,31,1635561756_95392.png,1635561756_95392_gfp.png,1635561756_95392_ph.png,700,482,727,513,4762,3596,4789,3627,4062,3114,5406,4458,5,3538,1411
6,meroclone15,1344,53,74,1635561756_95392.png,1635561756_95392_gfp.png,1635561756_95392_ph.png,447,952,500,1026,4509,4066,4562,4140,4062,3114,5406,4458,5,3539,1411
6,paraclone17,1344,40,48,1635561756_95392.png,1635561756_95392_gfp.png,1635561756_95392_ph.png,229,966,269,1014,4291,4080,4331,4128,4062,3114,5406,4458,5,3540,1411
6,meroclone15,1344,53,74,1635561758_2325141.png,1635561758_2325141_gfp.png,1635561758_2325141_ph.png,1030,429,1083,503,4509,4066,4562,4140,3479,3637,4823,4981,5,3541,1412
6,holoclone5,1344,205,223,1635561758_2325141.png,1635561758_2325141_gfp.png,1635561758_2325141_ph.png,222,921,427,1144,3701,4558,3906,4781,3479,3637,4823,4981,5,3542,1412
6,paraclone17,1344,40,48,1635561758_2325141.png,1635561758_2325141_gfp.png,1635561758_2325141_ph.png,812,443,852,491,4291,4080,4331,4128,3479,3637,4823,4981,5,3543,1412
6,paraclone11,1344,86,83,1635561759_512513.png,1635561759_512513_gfp.png,1635561759_512513_ph.png,1014,11,1100,94,5002,3728,5088,3811,3988,3717,5332,5061,5,3544,1413
6,meroclone15,1344,53,74,1635561759_512513.png,1635561759_512513_gfp.png,1635561759_512513_ph.png,521,349,574,423,4509,4066,4562,4140,3988,3717,5332,5061,5,3545,1413
6,paraclone17,1344,40,48,1635561759_512513.png,1635561759_512513_gfp.png,1635561759_512513_ph.png,303,363,343,411,4291,4080,4331,4128,3988,3717,5332,5061,5,3546,1413
6,paraclone11,1344,86,83,1635561760_793646.png,1635561760_793646_gfp.png,1635561760_793646_ph.png,1208,152,1294,235,5002,3728,5088,3811,3794,3576,5138,4920,5,3547,1414
6,paraclone16,1344,27,31,1635561760_793646.png,1635561760_793646_gfp.png,1635561760_793646_ph.png,968,20,995,51,4762,3596,4789,3627,3794,3576,5138,4920,5,3548,1414
6,meroclone15,1344,53,74,1635561760_793646.png,1635561760_793646_gfp.png,1635561760_793646_ph.png,715,490,768,564,4509,4066,4562,4140,3794,3576,5138,4920,5,3549,1414
6,paraclone17,1344,40,48,1635561760_793646.png,1635561760_793646_gfp.png,1635561760_793646_ph.png,497,504,537,552,4291,4080,4331,4128,3794,3576,5138,4920,5,3550,1414
6,paraclone13,1344,39,43,1635561762_073351.png,1635561762_073351_gfp.png,1635561762_073351_ph.png,646,274,685,317,3995,3235,4034,3278,3349,2961,4693,4305,5,3551,1415
6,meroclone15,1344,53,74,1635561762_073351.png,1635561762_073351_gfp.png,1635561762_073351_ph.png,1160,1105,1213,1179,4509,4066,4562,4140,3349,2961,4693,4305,5,3552,1415
6,meroclone16,1344,86,100,1635561762_073351.png,1635561762_073351_gfp.png,1635561762_073351_ph.png,21,893,107,993,3370,3854,3456,3954,3349,2961,4693,4305,5,3553,1415
6,paraclone17,1344,40,48,1635561762_073351.png,1635561762_073351_gfp.png,1635561762_073351_ph.png,942,1119,982,1167,4291,4080,4331,4128,3349,2961,4693,4305,5,3554,1415
6,paraclone11,1344,86,83,1635561763_381006.png,1635561763_381006_gfp.png,1635561763_381006_ph.png,1097,780,1183,863,5002,3728,5088,3811,3905,2948,5249,4292,5,3555,1416
6,paraclone16,1344,27,31,1635561763_381006.png,1635561763_381006_gfp.png,1635561763_381006_ph.png,857,648,884,679,4762,3596,4789,3627,3905,2948,5249,4292,5,3556,1416
6,paraclone13,1344,39,43,1635561763_381006.png,1635561763_381006_gfp.png,1635561763_381006_ph.png,90,287,129,330,3995,3235,4034,3278,3905,2948,5249,4292,5,3557,1416
6,meroclone15,1344,53,74,1635561763_381006.png,1635561763_381006_gfp.png,1635561763_381006_ph.png,604,1118,657,1192,4509,4066,4562,4140,3905,2948,5249,4292,5,3558,1416
6,paraclone17,1344,40,48,1635561763_381006.png,1635561763_381006_gfp.png,1635561763_381006_ph.png,386,1132,426,1180,4291,4080,4331,4128,3905,2948,5249,4292,5,3559,1416
6,paraclone11,1344,86,83,1635561764_684704.png,1635561764_684704_gfp.png,1635561764_684704_ph.png,884,417,970,500,5002,3728,5088,3811,4118,3311,5462,4655,5,3560,1417
6,paraclone16,1344,27,31,1635561764_684704.png,1635561764_684704_gfp.png,1635561764_684704_ph.png,644,285,671,316,4762,3596,4789,3627,4118,3311,5462,4655,5,3561,1417
6,meroclone15,1344,53,74,1635561764_684704.png,1635561764_684704_gfp.png,1635561764_684704_ph.png,391,755,444,829,4509,4066,4562,4140,4118,3311,5462,4655,5,3562,1417
6,paraclone17,1344,40,48,1635561764_684704.png,1635561764_684704_gfp.png,1635561764_684704_ph.png,173,769,213,817,4291,4080,4331,4128,4118,3311,5462,4655,5,3563,1417
6,paraclone11,1344,86,83,1635561765_96954.png,1635561765_96954_gfp.png,1635561765_96954_ph.png,761,613,847,696,5002,3728,5088,3811,4241,3115,5585,4459,5,3564,1418
6,paraclone16,1344,27,31,1635561765_96954.png,1635561765_96954_gfp.png,1635561765_96954_ph.png,521,481,548,512,4762,3596,4789,3627,4241,3115,5585,4459,5,3565,1418
6,meroclone15,1344,53,74,1635561765_96954.png,1635561765_96954_gfp.png,1635561765_96954_ph.png,268,951,321,1025,4509,4066,4562,4140,4241,3115,5585,4459,5,3566,1418
6,paraclone17,1344,40,48,1635561765_96954.png,1635561765_96954_gfp.png,1635561765_96954_ph.png,50,965,90,1013,4291,4080,4331,4128,4241,3115,5585,4459,5,3567,1418
6,meroclone15,1344,53,74,1635561767_2494779.png,1635561767_2494779_gfp.png,1635561767_2494779_ph.png,1281,559,1334,633,4509,4066,4562,4140,3228,3507,4572,4851,5,3568,1419
6,meroclone16,1344,86,100,1635561767_2494779.png,1635561767_2494779_gfp.png,1635561767_2494779_ph.png,142,347,228,447,3370,3854,3456,3954,3228,3507,4572,4851,5,3569,1419
6,holoclone5,1344,205,223,1635561767_2494779.png,1635561767_2494779_gfp.png,1635561767_2494779_ph.png,473,1051,678,1274,3701,4558,3906,4781,3228,3507,4572,4851,5,3570,1419
6,paraclone17,1344,40,48,1635561767_2494779.png,1635561767_2494779_gfp.png,1635561767_2494779_ph.png,1063,573,1103,621,4291,4080,4331,4128,3228,3507,4572,4851,5,3571,1419
6,paraclone13,1344,39,43,1635561768_5483909.png,1635561768_5483909_gfp.png,1635561768_5483909_ph.png,1106,212,1145,255,3995,3235,4034,3278,2889,3023,4233,4367,5,3572,1420
6,meroclone16,1344,86,100,1635561768_5483909.png,1635561768_5483909_gfp.png,1635561768_5483909_ph.png,481,831,567,931,3370,3854,3456,3954,2889,3023,4233,4367,5,3573,1420
6,paraclone13,1344,39,43,1635561769_830501.png,1635561769_830501_gfp.png,1635561769_830501_ph.png,920,249,959,292,3995,3235,4034,3278,3075,2986,4419,4330,5,3574,1421
6,meroclone16,1344,86,100,1635561769_830501.png,1635561769_830501_gfp.png,1635561769_830501_ph.png,295,868,381,968,3370,3854,3456,3954,3075,2986,4419,4330,5,3575,1421
6,paraclone17,1344,40,48,1635561769_830501.png,1635561769_830501_gfp.png,1635561769_830501_ph.png,1216,1094,1256,1142,4291,4080,4331,4128,3075,2986,4419,4330,5,3576,1421
6,meroclone15,1344,53,74,1635561771_109875.png,1635561771_109875_gfp.png,1635561771_109875_ph.png,1225,768,1278,842,4509,4066,4562,4140,3284,3298,4628,4642,5,3577,1422
6,meroclone16,1344,86,100,1635561771_109875.png,1635561771_109875_gfp.png,1635561771_109875_ph.png,86,556,172,656,3370,3854,3456,3954,3284,3298,4628,4642,5,3578,1422
6,paraclone17,1344,40,48,1635561771_109875.png,1635561771_109875_gfp.png,1635561771_109875_ph.png,1007,782,1047,830,4291,4080,4331,4128,3284,3298,4628,4642,5,3579,1422
6,meroclone16,1344,86,100,1635561772_394536.png,1635561772_394536_gfp.png,1635561772_394536_ph.png,499,30,585,130,3370,3854,3456,3954,2871,3824,4215,5168,5,3580,1423
6,holoclone5,1344,205,223,1635561772_394536.png,1635561772_394536_gfp.png,1635561772_394536_ph.png,830,734,1035,957,3701,4558,3906,4781,2871,3824,4215,5168,5,3581,1423
6,paraclone10,1344,51,46,1635561773_69104.png,1635561773_69104_gfp.png,1635561773_69104_ph.png,64,206,115,252,2764,2845,2815,2891,2700,2639,4044,3983,5,3582,1424
6,paraclone13,1344,39,43,1635561773_69104.png,1635561773_69104_gfp.png,1635561773_69104_ph.png,1295,596,1334,639,3995,3235,4034,3278,2700,2639,4044,3983,5,3583,1424
6,meroclone12,1344,51,59,1635561773_69104.png,1635561773_69104_gfp.png,1635561773_69104_ph.png,851,224,902,283,3551,2863,3602,2922,2700,2639,4044,3983,5,3584,1424
6,meroclone16,1344,86,100,1635561773_69104.png,1635561773_69104_gfp.png,1635561773_69104_ph.png,670,1215,756,1315,3370,3854,3456,3954,2700,2639,4044,3983,5,3585,1424
6,meroclone16,1344,86,100,1635561774_9777899.png,1635561774_9777899_gfp.png,1635561774_9777899_ph.png,764,680,850,780,3370,3854,3456,3954,2606,3174,3950,4518,5,3586,1425
6,paraclone10,1344,51,46,1635561776_255003.png,1635561776_255003_gfp.png,1635561776_255003_ph.png,239,33,290,79,2764,2845,2815,2891,2525,2812,3869,4156,5,3587,1426
6,meroclone12,1344,51,59,1635561776_255003.png,1635561776_255003_gfp.png,1635561776_255003_ph.png,1026,51,1077,110,3551,2863,3602,2922,2525,2812,3869,4156,5,3588,1426
6,meroclone16,1344,86,100,1635561776_255003.png,1635561776_255003_gfp.png,1635561776_255003_ph.png,845,1042,931,1142,3370,3854,3456,3954,2525,2812,3869,4156,5,3589,1426
6,paraclone13,1344,39,43,1635561777_5585349.png,1635561777_5585349_gfp.png,1635561777_5585349_ph.png,1241,86,1280,129,3995,3235,4034,3278,2754,3149,4098,4493,5,3590,1427
6,meroclone16,1344,86,100,1635561777_5585349.png,1635561777_5585349_gfp.png,1635561777_5585349_ph.png,616,705,702,805,3370,3854,3456,3954,2754,3149,4098,4493,5,3591,1427
6,paraclone13,1344,39,43,1635561778_8387141.png,1635561778_8387141_gfp.png,1635561778_8387141_ph.png,1238,340,1277,383,3995,3235,4034,3278,2757,2895,4101,4239,5,3592,1428
6,meroclone16,1344,86,100,1635561778_8387141.png,1635561778_8387141_gfp.png,1635561778_8387141_ph.png,613,959,699,1059,3370,3854,3456,3954,2757,2895,4101,4239,5,3593,1428
6,meroclone16,1344,86,100,1635561780_123549.png,1635561780_123549_gfp.png,1635561780_123549_ph.png,484,596,570,696,3370,3854,3456,3954,2886,3258,4230,4602,5,3594,1429
6,meroclone16,1344,86,100,1635561781_4014971.png,1635561781_4014971_gfp.png,1635561781_4014971_ph.png,633,133,719,233,3370,3854,3456,3954,2737,3721,4081,5065,5,3595,1430
6,holoclone4,1344,143,142,1635561781_4014971.png,1635561781_4014971_gfp.png,1635561781_4014971_ph.png,119,1176,262,1318,2856,4897,2999,5039,2737,3721,4081,5065,5,3596,1430
6,holoclone5,1344,205,223,1635561781_4014971.png,1635561781_4014971_gfp.png,1635561781_4014971_ph.png,964,837,1169,1060,3701,4558,3906,4781,2737,3721,4081,5065,5,3597,1430
6,holoclone4,1344,143,142,1635561782_680754.png,1635561782_680754_gfp.png,1635561782_680754_ph.png,501,336,644,478,2856,4897,2999,5039,2355,4561,3699,5905,5,3598,1431
6,holoclone4,1344,143,142,1635561783_9639199.png,1635561783_9639199_gfp.png,1635561783_9639199_ph.png,71,799,214,941,2856,4897,2999,5039,2785,4098,4129,5442,5,3599,1432
6,holoclone5,1344,205,223,1635561783_9639199.png,1635561783_9639199_gfp.png,1635561783_9639199_ph.png,916,460,1121,683,3701,4558,3906,4781,2785,4098,4129,5442,5,3600,1432
6,meroclone6,1344,90,103,1635561785_249877.png,1635561785_249877_gfp.png,1635561785_249877_ph.png,647,208,737,311,2338,4455,2428,4558,1691,4247,3035,5591,5,3601,1433
6,holoclone4,1344,143,142,1635561785_249877.png,1635561785_249877_gfp.png,1635561785_249877_ph.png,1165,650,1308,792,2856,4897,2999,5039,1691,4247,3035,5591,5,3602,1433
6,holoclone4,1344,143,142,1635561786_536793.png,1635561786_536793_gfp.png,1635561786_536793_ph.png,2,520,145,662,2856,4897,2999,5039,2854,4377,4198,5721,5,3603,1434
6,holoclone5,1344,205,223,1635561786_536793.png,1635561786_536793_gfp.png,1635561786_536793_ph.png,847,181,1052,404,3701,4558,3906,4781,2854,4377,4198,5721,5,3604,1434
6,holoclone4,1344,143,142,1635561787_8180218.png,1635561787_8180218_gfp.png,1635561787_8180218_ph.png,123,679,266,821,2856,4897,2999,5039,2733,4218,4077,5562,5,3605,1435
6,holoclone5,1344,205,223,1635561787_8180218.png,1635561787_8180218_gfp.png,1635561787_8180218_ph.png,968,340,1173,563,3701,4558,3906,4781,2733,4218,4077,5562,5,3606,1435
6,meroclone6,1344,90,103,1635561789_0966988.png,1635561789_0966988_gfp.png,1635561789_0966988_ph.png,23,525,113,628,2338,4455,2428,4558,2315,3930,3659,5274,5,3607,1436
6,holoclone4,1344,143,142,1635561789_0966988.png,1635561789_0966988_gfp.png,1635561789_0966988_ph.png,541,967,684,1109,2856,4897,2999,5039,2315,3930,3659,5274,5,3608,1436
6,holoclone4,1344,143,142,1635561790_375633.png,1635561790_375633_gfp.png,1635561790_375633_ph.png,1175,182,1318,324,2856,4897,2999,5039,1681,4715,3025,6059,5,3609,1437
6,meroclone6,1344,90,103,1635561791_655253.png,1635561791_655253_gfp.png,1635561791_655253_ph.png,481,654,571,757,2338,4455,2428,4558,1857,3801,3201,5145,5,3610,1438
6,holoclone4,1344,143,142,1635561791_655253.png,1635561791_655253_gfp.png,1635561791_655253_ph.png,999,1096,1142,1238,2856,4897,2999,5039,1857,3801,3201,5145,5,3611,1438
6,meroclone6,1344,90,103,1635561792_9512289.png,1635561792_9512289_gfp.png,1635561792_9512289_ph.png,392,91,482,194,2338,4455,2428,4558,1946,4364,3290,5708,5,3612,1439
6,holoclone4,1344,143,142,1635561792_9512289.png,1635561792_9512289_gfp.png,1635561792_9512289_ph.png,910,533,1053,675,2856,4897,2999,5039,1946,4364,3290,5708,5,3613,1439
6,holoclone5,1344,205,223,1635561794_229652.png,1635561794_229652_gfp.png,1635561794_229652_ph.png,306,260,511,483,3701,4558,3906,4781,3395,4298,4739,5642,5,3614,1440
6,holoclone5,1344,205,223,1635561795_512164.png,1635561795_512164_gfp.png,1635561795_512164_ph.png,701,637,906,860,3701,4558,3906,4781,3000,3921,4344,5265,5,3615,1441
6,paraclone17,1344,40,48,1635561795_512164.png,1635561795_512164_gfp.png,1635561795_512164_ph.png,1291,159,1331,207,4291,4080,4331,4128,3000,3921,4344,5265,5,3616,1441
6,holoclone5,1344,205,223,1635561796_78998.png,1635561796_78998_gfp.png,1635561796_78998_ph.png,56,349,261,572,3701,4558,3906,4781,3645,4209,4989,5553,5,3617,1442
6,holoclone4,1344,143,142,1635561798_109804.png,1635561798_109804_gfp.png,1635561798_109804_ph.png,273,655,416,797,2856,4897,2999,5039,2583,4242,3927,5586,5,3618,1443
6,holoclone5,1344,205,223,1635561798_109804.png,1635561798_109804_gfp.png,1635561798_109804_ph.png,1118,316,1323,539,3701,4558,3906,4781,2583,4242,3927,5586,5,3619,1443
6,holoclone5,1344,205,223,1635561799_3920078.png,1635561799_3920078_gfp.png,1635561799_3920078_ph.png,662,530,867,753,3701,4558,3906,4781,3039,4028,4383,5372,5,3620,1444
6,paraclone17,1344,40,48,1635561799_3920078.png,1635561799_3920078_gfp.png,1635561799_3920078_ph.png,1252,52,1292,100,4291,4080,4331,4128,3039,4028,4383,5372,5,3621,1444
6,holoclone5,1344,205,223,1635561800_674402.png,1635561800_674402_gfp.png,1635561800_674402_ph.png,29,384,234,607,3701,4558,3906,4781,3672,4174,5016,5518,5,3622,1445
6,holoclone5,1344,205,223,1635561801_9526641.png,1635561801_9526641_gfp.png,1635561801_9526641_ph.png,49,155,254,378,3701,4558,3906,4781,3652,4403,4996,5747,5,3623,1446
6,meroclone15,1344,53,74,1635561803_2297568.png,1635561803_2297568_gfp.png,1635561803_2297568_ph.png,1257,212,1310,286,4509,4066,4562,4140,3252,3854,4596,5198,5,3624,1447
6,meroclone16,1344,86,100,1635561803_2297568.png,1635561803_2297568_gfp.png,1635561803_2297568_ph.png,118,0,204,100,3370,3854,3456,3954,3252,3854,4596,5198,5,3625,1447
6,holoclone5,1344,205,223,1635561803_2297568.png,1635561803_2297568_gfp.png,1635561803_2297568_ph.png,449,704,654,927,3701,4558,3906,4781,3252,3854,4596,5198,5,3626,1447
6,paraclone17,1344,40,48,1635561803_2297568.png,1635561803_2297568_gfp.png,1635561803_2297568_ph.png,1039,226,1079,274,4291,4080,4331,4128,3252,3854,4596,5198,5,3627,1447
6,meroclone16,1344,86,100,1635561804_510615.png,1635561804_510615_gfp.png,1635561804_510615_ph.png,458,229,544,329,3370,3854,3456,3954,2912,3625,4256,4969,5,3628,1448
6,holoclone5,1344,205,223,1635561804_510615.png,1635561804_510615_gfp.png,1635561804_510615_ph.png,789,933,994,1156,3701,4558,3906,4781,2912,3625,4256,4969,5,3629,1448
6,holoclone5,1344,205,223,1635561805_7927601.png,1635561805_7927601_gfp.png,1635561805_7927601_ph.png,641,567,846,790,3701,4558,3906,4781,3060,3991,4404,5335,5,3630,1449
6,paraclone17,1344,40,48,1635561805_7927601.png,1635561805_7927601_gfp.png,1635561805_7927601_ph.png,1231,89,1271,137,4291,4080,4331,4128,3060,3991,4404,5335,5,3631,1449
6,paraclone16,1344,25,26,1635561807_076051.png,1635561807_076051_gfp.png,1635561807_076051_ph.png,1129,889,1154,915,1964,2190,1989,2216,835,1301,2179,2645,5,3632,1450
6,meroclone5,1344,95,121,1635561808_352631.png,1635561808_352631_gfp.png,1635561808_352631_ph.png,695,1086,790,1207,1714,2528,1809,2649,1019,1442,2363,2786,5,3633,1451
6,paraclone16,1344,25,26,1635561808_352631.png,1635561808_352631_gfp.png,1635561808_352631_ph.png,945,748,970,774,1964,2190,1989,2216,1019,1442,2363,2786,5,3634,1451
6,meroclone5,1344,95,121,1635561809_633096.png,1635561809_633096_gfp.png,1635561809_633096_ph.png,1050,521,1145,642,1714,2528,1809,2649,664,2007,2008,3351,5,3635,1452
6,paraclone16,1344,25,26,1635561809_633096.png,1635561809_633096_gfp.png,1635561809_633096_ph.png,1300,183,1325,209,1964,2190,1989,2216,664,2007,2008,3351,5,3636,1452
6,paraclone10,1344,51,46,1635561810_918298.png,1635561810_918298_gfp.png,1635561810_918298_ph.png,962,665,1013,711,2764,2845,2815,2891,1802,2180,3146,3524,5,3637,1453
6,paraclone16,1344,25,26,1635561810_918298.png,1635561810_918298_gfp.png,1635561810_918298_ph.png,162,10,187,36,1964,2190,1989,2216,1802,2180,3146,3524,5,3638,1453
6,paraclone6,1344,56,56,1635561812_1980438.png,1635561812_1980438_gfp.png,1635561812_1980438_ph.png,940,8,996,64,2638,2031,2694,2087,1698,2023,3042,3367,5,3639,1454
6,paraclone10,1344,51,46,1635561812_1980438.png,1635561812_1980438_gfp.png,1635561812_1980438_ph.png,1066,822,1117,868,2764,2845,2815,2891,1698,2023,3042,3367,5,3640,1454
6,meroclone5,1344,95,121,1635561812_1980438.png,1635561812_1980438_gfp.png,1635561812_1980438_ph.png,16,505,111,626,1714,2528,1809,2649,1698,2023,3042,3367,5,3641,1454
6,paraclone16,1344,25,26,1635561812_1980438.png,1635561812_1980438_gfp.png,1635561812_1980438_ph.png,266,167,291,193,1964,2190,1989,2216,1698,2023,3042,3367,5,3642,1454
6,meroclone5,1344,95,121,1635561813_477952.png,1635561813_477952_gfp.png,1635561813_477952_ph.png,391,1141,486,1262,1714,2528,1809,2649,1323,1387,2667,2731,5,3643,1455
6,paraclone16,1344,25,26,1635561813_477952.png,1635561813_477952_gfp.png,1635561813_477952_ph.png,641,803,666,829,1964,2190,1989,2216,1323,1387,2667,2731,5,3644,1455
6,paraclone6,1344,56,56,1635561814_757468.png,1635561814_757468_gfp.png,1635561814_757468_ph.png,930,974,986,1030,2638,2031,2694,2087,1708,1057,3052,2401,5,3645,1456
6,paraclone16,1344,25,26,1635561814_757468.png,1635561814_757468_gfp.png,1635561814_757468_ph.png,256,1133,281,1159,1964,2190,1989,2216,1708,1057,3052,2401,5,3646,1456
6,paraclone16,1344,25,26,1635561816_0355752.png,1635561816_0355752_gfp.png,1635561816_0355752_ph.png,743,889,768,915,1964,2190,1989,2216,1221,1301,2565,2645,5,3647,1457
6,paraclone6,1344,56,56,1635561817_312989.png,1635561817_312989_gfp.png,1635561817_312989_ph.png,1269,777,1325,833,2638,2031,2694,2087,1369,1254,2713,2598,5,3648,1458
6,paraclone16,1344,25,26,1635561817_312989.png,1635561817_312989_gfp.png,1635561817_312989_ph.png,595,936,620,962,1964,2190,1989,2216,1369,1254,2713,2598,5,3649,1458
6,paraclone6,1344,56,56,1635561818_593631.png,1635561818_593631_gfp.png,1635561818_593631_ph.png,1173,993,1229,1049,2638,2031,2694,2087,1465,1038,2809,2382,5,3650,1459
6,paraclone16,1344,25,26,1635561818_593631.png,1635561818_593631_gfp.png,1635561818_593631_ph.png,499,1152,524,1178,1964,2190,1989,2216,1465,1038,2809,2382,5,3651,1459
6,paraclone13,1344,39,43,1635561819_870941.png,1635561819_870941_gfp.png,1635561819_870941_ph.png,966,418,1005,461,3995,3235,4034,3278,3029,2817,4373,4161,5,3652,1460
6,meroclone12,1344,51,59,1635561819_870941.png,1635561819_870941_gfp.png,1635561819_870941_ph.png,522,46,573,105,3551,2863,3602,2922,3029,2817,4373,4161,5,3653,1460
6,meroclone16,1344,86,100,1635561819_870941.png,1635561819_870941_gfp.png,1635561819_870941_ph.png,341,1037,427,1137,3370,3854,3456,3954,3029,2817,4373,4161,5,3654,1460
6,paraclone17,1344,40,48,1635561819_870941.png,1635561819_870941_gfp.png,1635561819_870941_ph.png,1262,1263,1302,1311,4291,4080,4331,4128,3029,2817,4373,4161,5,3655,1460
6,meroclone15,1344,53,74,1635561821_15028.png,1635561821_15028_gfp.png,1635561821_15028_ph.png,223,174,276,248,4509,4066,4562,4140,4286,3892,5630,5236,5,3656,1461
6,paraclone17,1344,40,48,1635561821_15028.png,1635561821_15028_gfp.png,1635561821_15028_ph.png,5,188,45,236,4291,4080,4331,4128,4286,3892,5630,5236,5,3657,1461
6,paraclone11,1344,86,83,1635561822_4258718.png,1635561822_4258718_gfp.png,1635561822_4258718_ph.png,959,418,1045,501,5002,3728,5088,3811,4043,3310,5387,4654,5,3658,1462
6,paraclone16,1344,27,31,1635561822_4258718.png,1635561822_4258718_gfp.png,1635561822_4258718_ph.png,719,286,746,317,4762,3596,4789,3627,4043,3310,5387,4654,5,3659,1462
6,meroclone15,1344,53,74,1635561822_4258718.png,1635561822_4258718_gfp.png,1635561822_4258718_ph.png,466,756,519,830,4509,4066,4562,4140,4043,3310,5387,4654,5,3660,1462
6,paraclone17,1344,40,48,1635561822_4258718.png,1635561822_4258718_gfp.png,1635561822_4258718_ph.png,248,770,288,818,4291,4080,4331,4128,4043,3310,5387,4654,5,3661,1462
6,paraclone11,1344,86,83,1635561823_705455.png,1635561823_705455_gfp.png,1635561823_705455_ph.png,1087,649,1173,732,5002,3728,5088,3811,3915,3079,5259,4423,5,3662,1463
6,paraclone16,1344,27,31,1635561823_705455.png,1635561823_705455_gfp.png,1635561823_705455_ph.png,847,517,874,548,4762,3596,4789,3627,3915,3079,5259,4423,5,3663,1463
6,paraclone13,1344,39,43,1635561823_705455.png,1635561823_705455_gfp.png,1635561823_705455_ph.png,80,156,119,199,3995,3235,4034,3278,3915,3079,5259,4423,5,3664,1463
6,meroclone15,1344,53,74,1635561823_705455.png,1635561823_705455_gfp.png,1635561823_705455_ph.png,594,987,647,1061,4509,4066,4562,4140,3915,3079,5259,4423,5,3665,1463
6,paraclone17,1344,40,48,1635561823_705455.png,1635561823_705455_gfp.png,1635561823_705455_ph.png,376,1001,416,1049,4291,4080,4331,4128,3915,3079,5259,4423,5,3666,1463
6,paraclone2,1344,51,51,1635561824_985007.png,1635561824_985007_gfp.png,1635561824_985007_ph.png,884,99,935,150,5132,2885,5183,2936,4248,2786,5592,4130,5,3667,1464
6,paraclone11,1344,86,83,1635561824_985007.png,1635561824_985007_gfp.png,1635561824_985007_ph.png,754,942,840,1025,5002,3728,5088,3811,4248,2786,5592,4130,5,3668,1464
6,paraclone16,1344,27,31,1635561824_985007.png,1635561824_985007_gfp.png,1635561824_985007_ph.png,514,810,541,841,4762,3596,4789,3627,4248,2786,5592,4130,5,3669,1464
6,paraclone17,1344,40,48,1635561824_985007.png,1635561824_985007_gfp.png,1635561824_985007_ph.png,43,1294,83,1342,4291,4080,4331,4128,4248,2786,5592,4130,5,3670,1464
6,meroclone15,1344,53,74,1635561826_271307.png,1635561826_271307_gfp.png,1635561826_271307_ph.png,824,15,877,89,4509,4066,4562,4140,3685,4051,5029,5395,5,3671,1465
6,holoclone5,1344,205,223,1635561826_271307.png,1635561826_271307_gfp.png,1635561826_271307_ph.png,16,507,221,730,3701,4558,3906,4781,3685,4051,5029,5395,5,3672,1465
6,paraclone17,1344,40,48,1635561826_271307.png,1635561826_271307_gfp.png,1635561826_271307_ph.png,606,29,646,77,4291,4080,4331,4128,3685,4051,5029,5395,5,3673,1465
6,paraclone16,1344,27,31,1635561827_549254.png,1635561827_549254_gfp.png,1635561827_549254_ph.png,1067,362,1094,393,4762,3596,4789,3627,3695,3234,5039,4578,5,3674,1466
6,paraclone13,1344,39,43,1635561827_549254.png,1635561827_549254_gfp.png,1635561827_549254_ph.png,300,1,339,44,3995,3235,4034,3278,3695,3234,5039,4578,5,3675,1466
6,meroclone15,1344,53,74,1635561827_549254.png,1635561827_549254_gfp.png,1635561827_549254_ph.png,814,832,867,906,4509,4066,4562,4140,3695,3234,5039,4578,5,3676,1466
6,paraclone17,1344,40,48,1635561827_549254.png,1635561827_549254_gfp.png,1635561827_549254_ph.png,596,846,636,894,4291,4080,4331,4128,3695,3234,5039,4578,5,3677,1466
6,meroclone15,1344,53,74,1635561828_833098.png,1635561828_833098_gfp.png,1635561828_833098_ph.png,1109,320,1162,394,4509,4066,4562,4140,3400,3746,4744,5090,5,3678,1467
6,holoclone5,1344,205,223,1635561828_833098.png,1635561828_833098_gfp.png,1635561828_833098_ph.png,301,812,506,1035,3701,4558,3906,4781,3400,3746,4744,5090,5,3679,1467
6,paraclone17,1344,40,48,1635561828_833098.png,1635561828_833098_gfp.png,1635561828_833098_ph.png,891,334,931,382,4291,4080,4331,4128,3400,3746,4744,5090,5,3680,1467
6,meroclone15,1344,53,74,1635561830_1163352.png,1635561830_1163352_gfp.png,1635561830_1163352_ph.png,605,206,658,280,4509,4066,4562,4140,3904,3860,5248,5204,5,3681,1468
6,paraclone17,1344,40,48,1635561830_1163352.png,1635561830_1163352_gfp.png,1635561830_1163352_ph.png,387,220,427,268,4291,4080,4331,4128,3904,3860,5248,5204,5,3682,1468
6,paraclone16,1344,27,31,1635561831_394419.png,1635561831_394419_gfp.png,1635561831_394419_ph.png,1102,599,1129,630,4762,3596,4789,3627,3660,2997,5004,4341,5,3683,1469
6,paraclone13,1344,39,43,1635561831_394419.png,1635561831_394419_gfp.png,1635561831_394419_ph.png,335,238,374,281,3995,3235,4034,3278,3660,2997,5004,4341,5,3684,1469
6,meroclone15,1344,53,74,1635561831_394419.png,1635561831_394419_gfp.png,1635561831_394419_ph.png,849,1069,902,1143,4509,4066,4562,4140,3660,2997,5004,4341,5,3685,1469
6,paraclone17,1344,40,48,1635561831_394419.png,1635561831_394419_gfp.png,1635561831_394419_ph.png,631,1083,671,1131,4291,4080,4331,4128,3660,2997,5004,4341,5,3686,1469
6,meroclone14,1344,64,72,1635561832_673158.png,1635561832_673158_gfp.png,1635561832_673158_ph.png,1185,875,1249,947,6281,936,6345,1008,5096,61,6440,1405,5,3687,1470
6,paraclone18,1344,55,60,1635561832_673158.png,1635561832_673158_gfp.png,1635561832_673158_ph.png,469,1069,524,1129,5565,1130,5620,1190,5096,61,6440,1405,5,3688,1470
6,meroclone14,1344,64,72,1635561833_955096.png,1635561833_955096_gfp.png,1635561833_955096_ph.png,1015,936,1079,1008,6281,936,6345,1008,5266,0,6610,1344,5,3689,1471
6,paraclone18,1344,55,60,1635561833_955096.png,1635561833_955096_gfp.png,1635561833_955096_ph.png,299,1130,354,1190,5565,1130,5620,1190,5266,0,6610,1344,5,3690,1471
6,meroclone14,1344,64,72,1635561835_234097.png,1635561835_234097_gfp.png,1635561835_234097_ph.png,1155,288,1219,360,6281,936,6345,1008,5126,648,6470,1992,5,3691,1472
6,holoclone3,1344,311,310,1635561835_234097.png,1635561835_234097_gfp.png,1635561835_234097_ph.png,23,768,334,1078,5149,1416,5460,1726,5126,648,6470,1992,5,3692,1472
6,paraclone18,1344,55,60,1635561835_234097.png,1635561835_234097_gfp.png,1635561835_234097_ph.png,439,482,494,542,5565,1130,5620,1190,5126,648,6470,1992,5,3693,1472
6,holoclone2,1344,160,187,1635561836_5134568.png,1635561836_5134568_gfp.png,1635561836_5134568_ph.png,333,850,493,1037,4754,850,4914,1037,4421,0,5765,1344,5,3694,1473
6,paraclone18,1344,55,60,1635561836_5134568.png,1635561836_5134568_gfp.png,1635561836_5134568_ph.png,1144,1130,1199,1190,5565,1130,5620,1190,4421,0,5765,1344,5,3695,1473
6,paraclone18,1344,55,60,1635561837_860748.png,1635561837_860748_gfp.png,1635561837_860748_ph.png,274,147,329,207,5565,1130,5620,1190,5291,983,6635,2327,5,3696,1474
6,meroclone13,1344,94,114,1635561839_1401868.png,1635561839_1401868_gfp.png,1635561839_1401868_ph.png,1001,507,1095,621,6548,1074,6642,1188,5547,567,6891,1911,5,3697,1475
6,meroclone14,1344,64,72,1635561839_1401868.png,1635561839_1401868_gfp.png,1635561839_1401868_ph.png,734,369,798,441,6281,936,6345,1008,5547,567,6891,1911,5,3698,1475
6,paraclone18,1344,55,60,1635561839_1401868.png,1635561839_1401868_gfp.png,1635561839_1401868_ph.png,18,563,73,623,5565,1130,5620,1190,5547,567,6891,1911,5,3699,1475
6,paraclone18,1344,55,60,1635561840_4222.png,1635561840_4222_gfp.png,1635561840_4222_ph.png,666,873,721,933,5565,1130,5620,1190,4899,257,6243,1601,5,3700,1476
6,holoclone3,1344,311,310,1635561841_744226.png,1635561841_744226_gfp.png,1635561841_744226_ph.png,797,426,1108,736,5149,1416,5460,1726,4352,990,5696,2334,5,3701,1477
6,paraclone18,1344,55,60,1635561841_744226.png,1635561841_744226_gfp.png,1635561841_744226_ph.png,1213,140,1268,200,5565,1130,5620,1190,4352,990,5696,2334,5,3702,1477
6,meroclone14,1344,64,72,1635561843_0302138.png,1635561843_0302138_gfp.png,1635561843_0302138_ph.png,998,677,1062,749,6281,936,6345,1008,5283,259,6627,1603,5,3703,1478
6,paraclone18,1344,55,60,1635561843_0302138.png,1635561843_0302138_gfp.png,1635561843_0302138_ph.png,282,871,337,931,5565,1130,5620,1190,5283,259,6627,1603,5,3704,1478
6,holoclone3,1344,311,310,1635561844_310074.png,1635561844_310074_gfp.png,1635561844_310074_ph.png,675,376,986,686,5149,1416,5460,1726,4474,1040,5818,2384,5,3705,1479
6,paraclone18,1344,55,60,1635561844_310074.png,1635561844_310074_gfp.png,1635561844_310074_ph.png,1091,90,1146,150,5565,1130,5620,1190,4474,1040,5818,2384,5,3706,1479
6,paraclone3,1344,28,33,1635561845_5989919.png,1635561845_5989919_gfp.png,1635561845_5989919_ph.png,850,332,878,365,4150,2325,4178,2358,3300,1993,4644,3337,5,3707,1480
6,paraclone13,1344,39,43,1635561845_5989919.png,1635561845_5989919_gfp.png,1635561845_5989919_ph.png,695,1242,734,1285,3995,3235,4034,3278,3300,1993,4644,3337,5,3708,1480
6,paraclone14,1344,130,129,1635561845_5989919.png,1635561845_5989919_gfp.png,1635561845_5989919_ph.png,363,72,493,201,3663,2065,3793,2194,3300,1993,4644,3337,5,3709,1480
6,meroclone12,1344,51,59,1635561845_5989919.png,1635561845_5989919_gfp.png,1635561845_5989919_ph.png,251,870,302,929,3551,2863,3602,2922,3300,1993,4644,3337,5,3710,1480
6,paraclone19,1344,57,62,1635561845_5989919.png,1635561845_5989919_gfp.png,1635561845_5989919_ph.png,230,92,287,154,3530,2085,3587,2147,3300,1993,4644,3337,5,3711,1480
6,paraclone3,1344,28,33,1635561846_8827798.png,1635561846_8827798_gfp.png,1635561846_8827798_ph.png,1062,609,1090,642,4150,2325,4178,2358,3088,1716,4432,3060,5,3712,1481
6,paraclone14,1344,130,129,1635561846_8827798.png,1635561846_8827798_gfp.png,1635561846_8827798_ph.png,575,349,705,478,3663,2065,3793,2194,3088,1716,4432,3060,5,3713,1481
6,meroclone12,1344,51,59,1635561846_8827798.png,1635561846_8827798_gfp.png,1635561846_8827798_ph.png,463,1147,514,1206,3551,2863,3602,2922,3088,1716,4432,3060,5,3714,1481
6,paraclone19,1344,57,62,1635561846_8827798.png,1635561846_8827798_gfp.png,1635561846_8827798_ph.png,442,369,499,431,3530,2085,3587,2147,3088,1716,4432,3060,5,3715,1481
6,paraclone12,1344,37,41,1635561848_174549.png,1635561848_174549_gfp.png,1635561848_174549_ph.png,247,150,284,191,3203,1052,3240,1093,2956,902,4300,2246,5,3716,1482
6,paraclone14,1344,130,129,1635561848_174549.png,1635561848_174549_gfp.png,1635561848_174549_ph.png,707,1163,837,1292,3663,2065,3793,2194,2956,902,4300,2246,5,3717,1482
6,paraclone19,1344,57,62,1635561848_174549.png,1635561848_174549_gfp.png,1635561848_174549_ph.png,574,1183,631,1245,3530,2085,3587,2147,2956,902,4300,2246,5,3718,1482
6,paraclone3,1344,28,33,1635561849_468477.png,1635561849_468477_gfp.png,1635561849_468477_ph.png,652,501,680,534,4150,2325,4178,2358,3498,1824,4842,3168,5,3719,1483
6,paraclone14,1344,130,129,1635561849_468477.png,1635561849_468477_gfp.png,1635561849_468477_ph.png,165,241,295,370,3663,2065,3793,2194,3498,1824,4842,3168,5,3720,1483
6,meroclone12,1344,51,59,1635561849_468477.png,1635561849_468477_gfp.png,1635561849_468477_ph.png,53,1039,104,1098,3551,2863,3602,2922,3498,1824,4842,3168,5,3721,1483
6,paraclone19,1344,57,62,1635561849_468477.png,1635561849_468477_gfp.png,1635561849_468477_ph.png,32,261,89,323,3530,2085,3587,2147,3498,1824,4842,3168,5,3722,1483
6,paraclone19,1344,57,62,1635561850_7973912.png,1635561850_7973912_gfp.png,1635561850_7973912_ph.png,69,1256,126,1318,3530,2085,3587,2147,3461,829,4805,2173,5,3723,1484
6,paraclone3,1344,28,33,1635561852_1028.png,1635561852_1028_gfp.png,1635561852_1028_ph.png,1188,1193,1216,1226,4150,2325,4178,2358,2962,1132,4306,2476,5,3724,1485
6,paraclone14,1344,130,129,1635561852_1028.png,1635561852_1028_gfp.png,1635561852_1028_ph.png,701,933,831,1062,3663,2065,3793,2194,2962,1132,4306,2476,5,3725,1485
6,paraclone19,1344,57,62,1635561852_1028.png,1635561852_1028_gfp.png,1635561852_1028_ph.png,568,953,625,1015,3530,2085,3587,2147,2962,1132,4306,2476,5,3726,1485
6,paraclone3,1344,28,33,1635561853_39442.png,1635561853_39442_gfp.png,1635561853_39442_ph.png,1185,1079,1213,1112,4150,2325,4178,2358,2965,1246,4309,2590,5,3727,1486
6,paraclone14,1344,130,129,1635561853_39442.png,1635561853_39442_gfp.png,1635561853_39442_ph.png,698,819,828,948,3663,2065,3793,2194,2965,1246,4309,2590,5,3728,1486
6,paraclone19,1344,57,62,1635561853_39442.png,1635561853_39442_gfp.png,1635561853_39442_ph.png,565,839,622,901,3530,2085,3587,2147,2965,1246,4309,2590,5,3729,1486
6,paraclone3,1344,28,33,1635561854_690971.png,1635561854_690971_gfp.png,1635561854_690971_ph.png,778,648,806,681,4150,2325,4178,2358,3372,1677,4716,3021,5,3730,1487
6,paraclone14,1344,130,129,1635561854_690971.png,1635561854_690971_gfp.png,1635561854_690971_ph.png,291,388,421,517,3663,2065,3793,2194,3372,1677,4716,3021,5,3731,1487
6,meroclone12,1344,51,59,1635561854_690971.png,1635561854_690971_gfp.png,1635561854_690971_ph.png,179,1186,230,1245,3551,2863,3602,2922,3372,1677,4716,3021,5,3732,1487
6,paraclone19,1344,57,62,1635561854_690971.png,1635561854_690971_gfp.png,1635561854_690971_ph.png,158,408,215,470,3530,2085,3587,2147,3372,1677,4716,3021,5,3733,1487
6,paraclone3,1344,28,33,1635561855_9885771.png,1635561855_9885771_gfp.png,1635561855_9885771_ph.png,893,926,921,959,4150,2325,4178,2358,3257,1399,4601,2743,5,3734,1488
6,paraclone14,1344,130,129,1635561855_9885771.png,1635561855_9885771_gfp.png,1635561855_9885771_ph.png,406,666,536,795,3663,2065,3793,2194,3257,1399,4601,2743,5,3735,1488
6,paraclone19,1344,57,62,1635561855_9885771.png,1635561855_9885771_gfp.png,1635561855_9885771_ph.png,273,686,330,748,3530,2085,3587,2147,3257,1399,4601,2743,5,3736,1488
6,paraclone14,1344,130,129,1635561857_292062.png,1635561857_292062_gfp.png,1635561857_292062_ph.png,873,594,1003,723,3663,2065,3793,2194,2790,1471,4134,2815,5,3737,1489
6,paraclone19,1344,57,62,1635561857_292062.png,1635561857_292062_gfp.png,1635561857_292062_ph.png,740,614,797,676,3530,2085,3587,2147,2790,1471,4134,2815,5,3738,1489
6,paraclone1,1344,44,54,1635561859_206419.png,1635561859_206419_gfp.png,1635561859_206419_ph.png,477,244,521,298,1594,3861,1638,3915,1117,3617,2461,4961,6,3739,1490
6,paraclone1,1344,44,54,1635561860_731744.png,1635561860_731744_gfp.png,1635561860_731744_ph.png,419,289,463,343,1594,3861,1638,3915,1175,3572,2519,4916,6,3740,1491
6,paraclone1,1344,44,54,1635561862_023821.png,1635561862_023821_gfp.png,1635561862_023821_ph.png,887,869,931,923,1594,3861,1638,3915,707,2992,2051,4336,6,3741,1492
6,paraclone1,1344,44,54,1635561863_312881.png,1635561863_312881_gfp.png,1635561863_312881_ph.png,933,673,977,727,1594,3861,1638,3915,661,3188,2005,4532,6,3742,1493
6,paraclone1,1344,44,54,1635561864_6149812.png,1635561864_6149812_gfp.png,1635561864_6149812_ph.png,1089,659,1133,713,1594,3861,1638,3915,505,3202,1849,4546,6,3743,1494
6,paraclone1,1344,44,54,1635561865_921806.png,1635561865_921806_gfp.png,1635561865_921806_ph.png,4,593,48,647,1594,3861,1638,3915,1590,3268,2934,4612,6,3744,1495
6,paraclone1,1344,44,54,1635561867_225652.png,1635561867_225652_gfp.png,1635561867_225652_ph.png,662,550,706,604,1594,3861,1638,3915,932,3311,2276,4655,6,3745,1496
6,paraclone1,1344,44,54,1635561868_5418801.png,1635561868_5418801_gfp.png,1635561868_5418801_ph.png,1015,396,1059,450,1594,3861,1638,3915,579,3465,1923,4809,6,3746,1497
6,paraclone1,1344,44,54,1635561869_833475.png,1635561869_833475_gfp.png,1635561869_833475_ph.png,350,184,394,238,1594,3861,1638,3915,1244,3677,2588,5021,6,3747,1498
6,paraclone1,1344,44,54,1635561871_119133.png,1635561871_119133_gfp.png,1635561871_119133_ph.png,605,942,649,996,1594,3861,1638,3915,989,2919,2333,4263,6,3748,1499
6,holoclone1,1344,219,229,1635561872_404068.png,1635561872_404068_gfp.png,1635561872_404068_ph.png,730,974,949,1203,2594,2708,2813,2937,1864,1734,3208,3078,6,3749,1500
6,holoclone1,1344,219,229,1635561873_696345.png,1635561873_696345_gfp.png,1635561873_696345_ph.png,1052,809,1271,1038,2594,2708,2813,2937,1542,1899,2886,3243,6,3750,1501
6,paraclone1,1344,44,54,1635561874_993744.png,1635561874_993744_gfp.png,1635561874_993744_ph.png,68,1172,112,1226,1594,3861,1638,3915,1526,2689,2870,4033,6,3751,1502
6,holoclone1,1344,219,229,1635561874_993744.png,1635561874_993744_gfp.png,1635561874_993744_ph.png,1068,19,1287,248,2594,2708,2813,2937,1526,2689,2870,4033,6,3752,1502
6,holoclone1,1344,219,229,1635561876_2958689.png,1635561876_2958689_gfp.png,1635561876_2958689_ph.png,937,669,1156,898,2594,2708,2813,2937,1657,2039,3001,3383,6,3753,1503
6,paraclone8,1344,45,76,1635561876_2958689.png,1635561876_2958689_gfp.png,1635561876_2958689_ph.png,1216,1190,1261,1266,2873,3229,2918,3305,1657,2039,3001,3383,6,3754,1503
6,holoclone1,1344,219,229,1635561877_615634.png,1635561877_615634_gfp.png,1635561877_615634_ph.png,639,318,858,547,2594,2708,2813,2937,1955,2390,3299,3734,6,3755,1504
6,paraclone8,1344,45,76,1635561877_615634.png,1635561877_615634_gfp.png,1635561877_615634_ph.png,918,839,963,915,2873,3229,2918,3305,1955,2390,3299,3734,6,3756,1504
6,holoclone1,1344,219,229,1635561878_910007.png,1635561878_910007_gfp.png,1635561878_910007_ph.png,564,937,783,1166,2594,2708,2813,2937,2030,1771,3374,3115,6,3757,1505
6,holoclone1,1344,219,229,1635561880_199593.png,1635561880_199593_gfp.png,1635561880_199593_ph.png,783,1037,1002,1266,2594,2708,2813,2937,1811,1671,3155,3015,6,3758,1506
6,holoclone1,1344,219,229,1635561881_490377.png,1635561881_490377_gfp.png,1635561881_490377_ph.png,303,344,522,573,2594,2708,2813,2937,2291,2364,3635,3708,6,3759,1507
6,paraclone8,1344,45,76,1635561881_490377.png,1635561881_490377_gfp.png,1635561881_490377_ph.png,582,865,627,941,2873,3229,2918,3305,2291,2364,3635,3708,6,3760,1507
6,holoclone1,1344,219,229,1635561882_7743921.png,1635561882_7743921_gfp.png,1635561882_7743921_ph.png,307,790,526,1019,2594,2708,2813,2937,2287,1918,3631,3262,6,3761,1508
6,holoclone1,1344,219,229,1635561884_062651.png,1635561884_062651_gfp.png,1635561884_062651_ph.png,859,734,1078,963,2594,2708,2813,2937,1735,1974,3079,3318,6,3762,1509
6,paraclone8,1344,45,76,1635561884_062651.png,1635561884_062651_gfp.png,1635561884_062651_ph.png,1138,1255,1183,1331,2873,3229,2918,3305,1735,1974,3079,3318,6,3763,1509
6,paraclone2,1344,96,47,1635561885_350225.png,1635561885_350225_gfp.png,1635561885_350225_ph.png,1116,752,1212,799,3744,2872,3840,2919,2628,2120,3972,3464,6,3764,1510
6,paraclone8,1344,45,76,1635561885_350225.png,1635561885_350225_gfp.png,1635561885_350225_ph.png,245,1109,290,1185,2873,3229,2918,3305,2628,2120,3972,3464,6,3765,1510
6,paraclone2,1344,96,47,1635561886_641972.png,1635561886_641972_gfp.png,1635561886_641972_ph.png,649,628,745,675,3744,2872,3840,2919,3095,2244,4439,3588,6,3766,1511
6,paraclone2,1344,96,47,1635561887_945354.png,1635561887_945354_gfp.png,1635561887_945354_ph.png,243,207,339,254,3744,2872,3840,2919,3501,2665,4845,4009,6,3767,1512
6,meroclone2,1344,167,157,1635561887_945354.png,1635561887_945354_gfp.png,1635561887_945354_ph.png,657,1071,824,1228,4158,3736,4325,3893,3501,2665,4845,4009,6,3768,1512
6,paraclone2,1344,96,47,1635561889_233803.png,1635561889_233803_gfp.png,1635561889_233803_ph.png,255,127,351,174,3744,2872,3840,2919,3489,2745,4833,4089,6,3769,1513
6,meroclone2,1344,167,157,1635561889_233803.png,1635561889_233803_gfp.png,1635561889_233803_ph.png,669,991,836,1148,4158,3736,4325,3893,3489,2745,4833,4089,6,3770,1513
6,paraclone2,1344,96,47,1635561890_56218.png,1635561890_56218_gfp.png,1635561890_56218_ph.png,776,134,872,181,3744,2872,3840,2919,2968,2738,4312,4082,6,3771,1514
6,paraclone2,1344,96,47,1635561891_847245.png,1635561891_847245_gfp.png,1635561891_847245_ph.png,504,861,600,908,3744,2872,3840,2919,3240,2011,4584,3355,6,3772,1515
6,paraclone2,1344,96,47,1635561893_136363.png,1635561893_136363_gfp.png,1635561893_136363_ph.png,160,412,256,459,3744,2872,3840,2919,3584,2460,4928,3804,6,3773,1516
6,paraclone2,1344,96,47,1635561894_427379.png,1635561894_427379_gfp.png,1635561894_427379_ph.png,364,353,460,400,3744,2872,3840,2919,3380,2519,4724,3863,6,3774,1517
6,paraclone2,1344,96,47,1635561895_712876.png,1635561895_712876_gfp.png,1635561895_712876_ph.png,659,355,755,402,3744,2872,3840,2919,3085,2517,4429,3861,6,3775,1518
6,paraclone2,1344,96,47,1635561896_997631.png,1635561896_997631_gfp.png,1635561896_997631_ph.png,1090,642,1186,689,3744,2872,3840,2919,2654,2230,3998,3574,6,3776,1519
6,paraclone8,1344,45,76,1635561896_997631.png,1635561896_997631_gfp.png,1635561896_997631_ph.png,219,999,264,1075,2873,3229,2918,3305,2654,2230,3998,3574,6,3777,1519
6,meroclone1,1344,115,134,1635561898_284534.png,1635561898_284534_gfp.png,1635561898_284534_ph.png,545,909,660,1043,5540,1459,5655,1593,4995,550,6339,1894,6,3778,1520
6,meroclone1,1344,115,134,1635561899_574232.png,1635561899_574232_gfp.png,1635561899_574232_ph.png,653,393,768,527,5540,1459,5655,1593,4887,1066,6231,2410,6,3779,1521
6,meroclone1,1344,115,134,1635561900_861323.png,1635561900_861323_gfp.png,1635561900_861323_ph.png,54,912,169,1046,5540,1459,5655,1593,5486,547,6830,1891,6,3780,1522
6,meroclone1,1344,115,134,1635561902_1551082.png,1635561902_1551082_gfp.png,1635561902_1551082_ph.png,92,76,207,210,5540,1459,5655,1593,5448,1383,6792,2727,6,3781,1523
6,meroclone1,1344,115,134,1635561903_4389381.png,1635561903_4389381_gfp.png,1635561903_4389381_ph.png,627,863,742,997,5540,1459,5655,1593,4913,596,6257,1940,6,3782,1524
6,meroclone1,1344,115,134,1635561904_734317.png,1635561904_734317_gfp.png,1635561904_734317_ph.png,742,1181,857,1315,5540,1459,5655,1593,4798,278,6142,1622,6,3783,1525
6,meroclone1,1344,115,134,1635561906_039027.png,1635561906_039027_gfp.png,1635561906_039027_ph.png,902,540,1017,674,5540,1459,5655,1593,4638,919,5982,2263,6,3784,1526
6,paraclone15,1344,102,92,1635561906_039027.png,1635561906_039027_gfp.png,1635561906_039027_ph.png,100,692,202,784,4738,1611,4840,1703,4638,919,5982,2263,6,3785,1526
6,meroclone1,1344,115,134,1635561907_326139.png,1635561907_326139_gfp.png,1635561907_326139_ph.png,944,421,1059,555,5540,1459,5655,1593,4596,1038,5940,2382,6,3786,1527
6,paraclone15,1344,102,92,1635561907_326139.png,1635561907_326139_gfp.png,1635561907_326139_ph.png,142,573,244,665,4738,1611,4840,1703,4596,1038,5940,2382,6,3787,1527
6,meroclone1,1344,115,134,1635561908_614635.png,1635561908_614635_gfp.png,1635561908_614635_ph.png,1194,543,1309,677,5540,1459,5655,1593,4346,916,5690,2260,6,3788,1528
6,paraclone13,1344,81,79,1635561908_614635.png,1635561908_614635_gfp.png,1635561908_614635_ph.png,72,652,153,731,4418,1568,4499,1647,4346,916,5690,2260,6,3789,1528
6,paraclone15,1344,102,92,1635561908_614635.png,1635561908_614635_gfp.png,1635561908_614635_ph.png,392,695,494,787,4738,1611,4840,1703,4346,916,5690,2260,6,3790,1528
6,meroclone1,1344,115,134,1635561909_900268.png,1635561909_900268_gfp.png,1635561909_900268_ph.png,687,503,802,637,5540,1459,5655,1593,4853,956,6197,2300,6,3791,1529
6,paraclone3,1344,110,124,1635561911_185699.png,1635561911_185699_gfp.png,1635561911_185699_ph.png,325,225,435,349,909,2228,1019,2352,584,2003,1928,3347,6,3792,1530
6,paraclone3,1344,110,124,1635561912_4659321.png,1635561912_4659321_gfp.png,1635561912_4659321_ph.png,909,939,1019,1063,909,2228,1019,2352,0,1289,1344,2633,6,3793,1531
6,paraclone3,1344,110,124,1635561913_746359.png,1635561913_746359_gfp.png,1635561913_746359_ph.png,589,548,699,672,909,2228,1019,2352,320,1680,1664,3024,6,3794,1532
6,paraclone3,1344,110,124,1635561915_028213.png,1635561915_028213_gfp.png,1635561915_028213_ph.png,909,363,1019,487,909,2228,1019,2352,0,1865,1344,3209,6,3795,1533
6,meroclone4,1344,45,43,1635561915_028213.png,1635561915_028213_gfp.png,1635561915_028213_ph.png,218,1072,263,1115,218,2937,263,2980,0,1865,1344,3209,6,3796,1533
6,paraclone3,1344,110,124,1635561916_306408.png,1635561916_306408_gfp.png,1635561916_306408_ph.png,141,453,251,577,909,2228,1019,2352,768,1775,2112,3119,6,3797,1534
6,paraclone3,1344,110,124,1635561917_587306.png,1635561917_587306_gfp.png,1635561917_587306_ph.png,660,738,770,862,909,2228,1019,2352,249,1490,1593,2834,6,3798,1535
6,paraclone3,1344,110,124,1635561918_8657448.png,1635561918_8657448_gfp.png,1635561918_8657448_ph.png,909,1041,1019,1165,909,2228,1019,2352,0,1187,1344,2531,6,3799,1536
6,paraclone17,1344,93,104,1635561918_8657448.png,1635561918_8657448_gfp.png,1635561918_8657448_ph.png,501,11,594,115,501,1198,594,1302,0,1187,1344,2531,6,3800,1536
6,paraclone3,1344,110,124,1635561920_146336.png,1635561920_146336_gfp.png,1635561920_146336_ph.png,147,922,257,1046,909,2228,1019,2352,762,1306,2106,2650,6,3801,1537
6,paraclone3,1344,110,124,1635561921_426943.png,1635561921_426943_gfp.png,1635561921_426943_ph.png,761,922,871,1046,909,2228,1019,2352,148,1306,1492,2650,6,3802,1538
6,paraclone3,1344,110,124,1635561922_706571.png,1635561922_706571_gfp.png,1635561922_706571_ph.png,244,1111,354,1235,909,2228,1019,2352,665,1117,2009,2461,6,3803,1539
6,paraclone4,1344,93,93,1635561923_989116.png,1635561923_989116_gfp.png,1635561923_989116_ph.png,956,115,1049,208,956,4762,1049,4855,0,4647,1344,5991,6,3804,1540
6,paraclone5,1344,65,70,1635561923_989116.png,1635561923_989116_gfp.png,1635561923_989116_ph.png,416,802,481,872,416,5449,481,5519,0,4647,1344,5991,6,3805,1540
6,paraclone6,1344,71,68,1635561923_989116.png,1635561923_989116_gfp.png,1635561923_989116_ph.png,491,146,562,214,491,4793,562,4861,0,4647,1344,5991,6,3806,1540
6,paraclone16,1344,89,83,1635561923_989116.png,1635561923_989116_gfp.png,1635561923_989116_ph.png,485,433,574,516,485,5080,574,5163,0,4647,1344,5991,6,3807,1540
6,paraclone4,1344,93,93,1635561925_265547.png,1635561925_265547_gfp.png,1635561925_265547_ph.png,956,1114,1049,1207,956,4762,1049,4855,0,3648,1344,4992,6,3808,1541
6,paraclone6,1344,71,68,1635561925_265547.png,1635561925_265547_gfp.png,1635561925_265547_ph.png,491,1145,562,1213,491,4793,562,4861,0,3648,1344,4992,6,3809,1541
6,paraclone4,1344,93,93,1635561926_55708.png,1635561926_55708_gfp.png,1635561926_55708_ph.png,956,803,1049,896,956,4762,1049,4855,0,3959,1344,5303,6,3810,1542
6,paraclone6,1344,71,68,1635561926_55708.png,1635561926_55708_gfp.png,1635561926_55708_ph.png,491,834,562,902,491,4793,562,4861,0,3959,1344,5303,6,3811,1542
6,paraclone16,1344,89,83,1635561926_55708.png,1635561926_55708_gfp.png,1635561926_55708_ph.png,485,1121,574,1204,485,5080,574,5163,0,3959,1344,5303,6,3812,1542
6,paraclone4,1344,93,93,1635561927_9114938.png,1635561927_9114938_gfp.png,1635561927_9114938_ph.png,956,740,1049,833,956,4762,1049,4855,0,4022,1344,5366,6,3813,1543
6,paraclone6,1344,71,68,1635561927_9114938.png,1635561927_9114938_gfp.png,1635561927_9114938_ph.png,491,771,562,839,491,4793,562,4861,0,4022,1344,5366,6,3814,1543
6,paraclone16,1344,89,83,1635561927_9114938.png,1635561927_9114938_gfp.png,1635561927_9114938_ph.png,485,1058,574,1141,485,5080,574,5163,0,4022,1344,5366,6,3815,1543
6,paraclone4,1344,93,93,1635561929_189795.png,1635561929_189795_gfp.png,1635561929_189795_ph.png,586,533,679,626,956,4762,1049,4855,370,4229,1714,5573,6,3816,1544
6,paraclone5,1344,65,70,1635561929_189795.png,1635561929_189795_gfp.png,1635561929_189795_ph.png,46,1220,111,1290,416,5449,481,5519,370,4229,1714,5573,6,3817,1544
6,paraclone6,1344,71,68,1635561929_189795.png,1635561929_189795_gfp.png,1635561929_189795_ph.png,121,564,192,632,491,4793,562,4861,370,4229,1714,5573,6,3818,1544
6,paraclone16,1344,89,83,1635561929_189795.png,1635561929_189795_gfp.png,1635561929_189795_ph.png,115,851,204,934,485,5080,574,5163,370,4229,1714,5573,6,3819,1544
6,paraclone4,1344,93,93,1635561930_4746492.png,1635561930_4746492_gfp.png,1635561930_4746492_ph.png,956,1230,1049,1323,956,4762,1049,4855,0,3532,1344,4876,6,3820,1545
6,paraclone6,1344,71,68,1635561930_4746492.png,1635561930_4746492_gfp.png,1635561930_4746492_ph.png,491,1261,562,1329,491,4793,562,4861,0,3532,1344,4876,6,3821,1545
6,paraclone4,1344,93,93,1635561931_754267.png,1635561931_754267_gfp.png,1635561931_754267_ph.png,339,315,432,408,956,4762,1049,4855,617,4447,1961,5791,6,3822,1546
6,paraclone1,1344,44,54,1635561933_0325701.png,1635561933_0325701_gfp.png,1635561933_0325701_ph.png,774,320,818,374,1594,3861,1638,3915,820,3541,2164,4885,6,3823,1547
6,paraclone4,1344,93,93,1635561933_0325701.png,1635561933_0325701_gfp.png,1635561933_0325701_ph.png,136,1221,229,1314,956,4762,1049,4855,820,3541,2164,4885,6,3824,1547
6,paraclone4,1344,93,93,1635561934_313897.png,1635561934_313897_gfp.png,1635561934_313897_ph.png,956,338,1049,431,956,4762,1049,4855,0,4424,1344,5768,6,3825,1548
6,paraclone5,1344,65,70,1635561934_313897.png,1635561934_313897_gfp.png,1635561934_313897_ph.png,416,1025,481,1095,416,5449,481,5519,0,4424,1344,5768,6,3826,1548
6,paraclone6,1344,71,68,1635561934_313897.png,1635561934_313897_gfp.png,1635561934_313897_ph.png,491,369,562,437,491,4793,562,4861,0,4424,1344,5768,6,3827,1548
6,paraclone16,1344,89,83,1635561934_313897.png,1635561934_313897_gfp.png,1635561934_313897_ph.png,485,656,574,739,485,5080,574,5163,0,4424,1344,5768,6,3828,1548
6,paraclone4,1344,93,93,1635561935_592716.png,1635561935_592716_gfp.png,1635561935_592716_ph.png,748,887,841,980,956,4762,1049,4855,208,3875,1552,5219,6,3829,1549
6,paraclone6,1344,71,68,1635561935_592716.png,1635561935_592716_gfp.png,1635561935_592716_ph.png,283,918,354,986,491,4793,562,4861,208,3875,1552,5219,6,3830,1549
6,paraclone16,1344,89,83,1635561935_592716.png,1635561935_592716_gfp.png,1635561935_592716_ph.png,277,1205,366,1288,485,5080,574,5163,208,3875,1552,5219,6,3831,1549
6,paraclone4,1344,93,93,1635561936_871613.png,1635561936_871613_gfp.png,1635561936_871613_ph.png,956,340,1049,433,956,4762,1049,4855,0,4422,1344,5766,6,3832,1550
6,paraclone5,1344,65,70,1635561936_871613.png,1635561936_871613_gfp.png,1635561936_871613_ph.png,416,1027,481,1097,416,5449,481,5519,0,4422,1344,5766,6,3833,1550
6,paraclone6,1344,71,68,1635561936_871613.png,1635561936_871613_gfp.png,1635561936_871613_ph.png,491,371,562,439,491,4793,562,4861,0,4422,1344,5766,6,3834,1550
6,paraclone16,1344,89,83,1635561936_871613.png,1635561936_871613_gfp.png,1635561936_871613_ph.png,485,658,574,741,485,5080,574,5163,0,4422,1344,5766,6,3835,1550
6,paraclone4,1344,93,93,1635561938_148708.png,1635561938_148708_gfp.png,1635561938_148708_ph.png,866,251,959,344,956,4762,1049,4855,90,4511,1434,5855,6,3836,1551
6,paraclone5,1344,65,70,1635561938_148708.png,1635561938_148708_gfp.png,1635561938_148708_ph.png,326,938,391,1008,416,5449,481,5519,90,4511,1434,5855,6,3837,1551
6,paraclone6,1344,71,68,1635561938_148708.png,1635561938_148708_gfp.png,1635561938_148708_ph.png,401,282,472,350,491,4793,562,4861,90,4511,1434,5855,6,3838,1551
6,paraclone16,1344,89,83,1635561938_148708.png,1635561938_148708_gfp.png,1635561938_148708_ph.png,395,569,484,652,485,5080,574,5163,90,4511,1434,5855,6,3839,1551
6,paraclone5,1344,65,70,1635561939_431232.png,1635561939_431232_gfp.png,1635561939_431232_ph.png,416,26,481,96,416,5449,481,5519,0,5423,1344,6767,6,3840,1552
6,paraclone4,1344,93,93,1635561940_699679.png,1635561940_699679_gfp.png,1635561940_699679_ph.png,650,235,743,328,956,4762,1049,4855,306,4527,1650,5871,6,3841,1553
6,paraclone5,1344,65,70,1635561940_699679.png,1635561940_699679_gfp.png,1635561940_699679_ph.png,110,922,175,992,416,5449,481,5519,306,4527,1650,5871,6,3842,1553
6,paraclone6,1344,71,68,1635561940_699679.png,1635561940_699679_gfp.png,1635561940_699679_ph.png,185,266,256,334,491,4793,562,4861,306,4527,1650,5871,6,3843,1553
6,paraclone16,1344,89,83,1635561940_699679.png,1635561940_699679_gfp.png,1635561940_699679_ph.png,179,553,268,636,485,5080,574,5163,306,4527,1650,5871,6,3844,1553
6,paraclone4,1344,93,93,1635561941_97964.png,1635561941_97964_gfp.png,1635561941_97964_ph.png,956,130,1049,223,956,4762,1049,4855,0,4632,1344,5976,6,3845,1554
6,paraclone5,1344,65,70,1635561941_97964.png,1635561941_97964_gfp.png,1635561941_97964_ph.png,416,817,481,887,416,5449,481,5519,0,4632,1344,5976,6,3846,1554
6,paraclone6,1344,71,68,1635561941_97964.png,1635561941_97964_gfp.png,1635561941_97964_ph.png,491,161,562,229,491,4793,562,4861,0,4632,1344,5976,6,3847,1554
6,paraclone16,1344,89,83,1635561941_97964.png,1635561941_97964_gfp.png,1635561941_97964_ph.png,485,448,574,531,485,5080,574,5163,0,4632,1344,5976,6,3848,1554
6,paraclone4,1344,93,93,1635561943_2647529.png,1635561943_2647529_gfp.png,1635561943_2647529_ph.png,723,1,816,94,956,4762,1049,4855,233,4761,1577,6105,6,3849,1555
6,paraclone5,1344,65,70,1635561943_2647529.png,1635561943_2647529_gfp.png,1635561943_2647529_ph.png,183,688,248,758,416,5449,481,5519,233,4761,1577,6105,6,3850,1555
6,paraclone6,1344,71,68,1635561943_2647529.png,1635561943_2647529_gfp.png,1635561943_2647529_ph.png,258,32,329,100,491,4793,562,4861,233,4761,1577,6105,6,3851,1555
6,paraclone16,1344,89,83,1635561943_2647529.png,1635561943_2647529_gfp.png,1635561943_2647529_ph.png,252,319,341,402,485,5080,574,5163,233,4761,1577,6105,6,3852,1555
6,paraclone4,1344,93,93,1635561944_551554.png,1635561944_551554_gfp.png,1635561944_551554_ph.png,826,214,919,307,956,4762,1049,4855,130,4548,1474,5892,6,3853,1556
6,paraclone5,1344,65,70,1635561944_551554.png,1635561944_551554_gfp.png,1635561944_551554_ph.png,286,901,351,971,416,5449,481,5519,130,4548,1474,5892,6,3854,1556
6,paraclone6,1344,71,68,1635561944_551554.png,1635561944_551554_gfp.png,1635561944_551554_ph.png,361,245,432,313,491,4793,562,4861,130,4548,1474,5892,6,3855,1556
6,paraclone16,1344,89,83,1635561944_551554.png,1635561944_551554_gfp.png,1635561944_551554_ph.png,355,532,444,615,485,5080,574,5163,130,4548,1474,5892,6,3856,1556
6,paraclone5,1344,65,70,1635561945_840872.png,1635561945_840872_gfp.png,1635561945_840872_ph.png,416,150,481,220,416,5449,481,5519,0,5299,1344,6643,6,3857,1557
6,paraclone5,1344,65,70,1635561947_106765.png,1635561947_106765_gfp.png,1635561947_106765_ph.png,416,318,481,388,416,5449,481,5519,0,5131,1344,6475,6,3858,1558
6,paraclone5,1344,65,70,1635561948_3788311.png,1635561948_3788311_gfp.png,1635561948_3788311_ph.png,416,603,481,673,416,5449,481,5519,0,4846,1344,6190,6,3859,1559
6,paraclone16,1344,89,83,1635561948_3788311.png,1635561948_3788311_gfp.png,1635561948_3788311_ph.png,485,234,574,317,485,5080,574,5163,0,4846,1344,6190,6,3860,1559
6,paraclone4,1344,93,93,1635561949_654824.png,1635561949_654824_gfp.png,1635561949_654824_ph.png,956,42,1049,135,956,4762,1049,4855,0,4720,1344,6064,6,3861,1560
6,paraclone5,1344,65,70,1635561949_654824.png,1635561949_654824_gfp.png,1635561949_654824_ph.png,416,729,481,799,416,5449,481,5519,0,4720,1344,6064,6,3862,1560
6,paraclone6,1344,71,68,1635561949_654824.png,1635561949_654824_gfp.png,1635561949_654824_ph.png,491,73,562,141,491,4793,562,4861,0,4720,1344,6064,6,3863,1560
6,paraclone16,1344,89,83,1635561949_654824.png,1635561949_654824_gfp.png,1635561949_654824_ph.png,485,360,574,443,485,5080,574,5163,0,4720,1344,6064,6,3864,1560
6,paraclone4,1344,93,93,1635561950_933577.png,1635561950_933577_gfp.png,1635561950_933577_ph.png,894,157,987,250,956,4762,1049,4855,62,4605,1406,5949,6,3865,1561
6,paraclone5,1344,65,70,1635561950_933577.png,1635561950_933577_gfp.png,1635561950_933577_ph.png,354,844,419,914,416,5449,481,5519,62,4605,1406,5949,6,3866,1561
6,paraclone6,1344,71,68,1635561950_933577.png,1635561950_933577_gfp.png,1635561950_933577_ph.png,429,188,500,256,491,4793,562,4861,62,4605,1406,5949,6,3867,1561
6,paraclone16,1344,89,83,1635561950_933577.png,1635561950_933577_gfp.png,1635561950_933577_ph.png,423,475,512,558,485,5080,574,5163,62,4605,1406,5949,6,3868,1561
6,paraclone4,1344,93,93,1635561952_213901.png,1635561952_213901_gfp.png,1635561952_213901_ph.png,956,1020,1049,1113,956,4762,1049,4855,0,3742,1344,5086,6,3869,1562
6,paraclone6,1344,71,68,1635561952_213901.png,1635561952_213901_gfp.png,1635561952_213901_ph.png,491,1051,562,1119,491,4793,562,4861,0,3742,1344,5086,6,3870,1562
6,paraclone4,1344,93,93,1635561953_517347.png,1635561953_517347_gfp.png,1635561953_517347_ph.png,956,355,1049,448,956,4762,1049,4855,0,4407,1344,5751,6,3871,1563
6,paraclone5,1344,65,70,1635561953_517347.png,1635561953_517347_gfp.png,1635561953_517347_ph.png,416,1042,481,1112,416,5449,481,5519,0,4407,1344,5751,6,3872,1563
6,paraclone6,1344,71,68,1635561953_517347.png,1635561953_517347_gfp.png,1635561953_517347_ph.png,491,386,562,454,491,4793,562,4861,0,4407,1344,5751,6,3873,1563
6,paraclone16,1344,89,83,1635561953_517347.png,1635561953_517347_gfp.png,1635561953_517347_ph.png,485,673,574,756,485,5080,574,5163,0,4407,1344,5751,6,3874,1563
6,paraclone4,1344,93,93,1635561954_794915.png,1635561954_794915_gfp.png,1635561954_794915_ph.png,956,46,1049,139,956,4762,1049,4855,0,4716,1344,6060,6,3875,1564
6,paraclone5,1344,65,70,1635561954_794915.png,1635561954_794915_gfp.png,1635561954_794915_ph.png,416,733,481,803,416,5449,481,5519,0,4716,1344,6060,6,3876,1564
6,paraclone6,1344,71,68,1635561954_794915.png,1635561954_794915_gfp.png,1635561954_794915_ph.png,491,77,562,145,491,4793,562,4861,0,4716,1344,6060,6,3877,1564
6,paraclone16,1344,89,83,1635561954_794915.png,1635561954_794915_gfp.png,1635561954_794915_ph.png,485,364,574,447,485,5080,574,5163,0,4716,1344,6060,6,3878,1564
6,paraclone4,1344,93,93,1635561956_071088.png,1635561956_071088_gfp.png,1635561956_071088_ph.png,956,347,1049,440,956,4762,1049,4855,0,4415,1344,5759,6,3879,1565
6,paraclone5,1344,65,70,1635561956_071088.png,1635561956_071088_gfp.png,1635561956_071088_ph.png,416,1034,481,1104,416,5449,481,5519,0,4415,1344,5759,6,3880,1565
6,paraclone6,1344,71,68,1635561956_071088.png,1635561956_071088_gfp.png,1635561956_071088_ph.png,491,378,562,446,491,4793,562,4861,0,4415,1344,5759,6,3881,1565
6,paraclone16,1344,89,83,1635561956_071088.png,1635561956_071088_gfp.png,1635561956_071088_ph.png,485,665,574,748,485,5080,574,5163,0,4415,1344,5759,6,3882,1565
6,paraclone4,1344,93,93,1635561957_348002.png,1635561957_348002_gfp.png,1635561957_348002_ph.png,956,598,1049,691,956,4762,1049,4855,0,4164,1344,5508,6,3883,1566
6,paraclone6,1344,71,68,1635561957_348002.png,1635561957_348002_gfp.png,1635561957_348002_ph.png,491,629,562,697,491,4793,562,4861,0,4164,1344,5508,6,3884,1566
6,paraclone16,1344,89,83,1635561957_348002.png,1635561957_348002_gfp.png,1635561957_348002_ph.png,485,916,574,999,485,5080,574,5163,0,4164,1344,5508,6,3885,1566
6,paraclone4,1344,93,93,1635561958_62928.png,1635561958_62928_gfp.png,1635561958_62928_ph.png,646,191,739,284,956,4762,1049,4855,310,4571,1654,5915,6,3886,1567
6,paraclone5,1344,65,70,1635561958_62928.png,1635561958_62928_gfp.png,1635561958_62928_ph.png,106,878,171,948,416,5449,481,5519,310,4571,1654,5915,6,3887,1567
6,paraclone6,1344,71,68,1635561958_62928.png,1635561958_62928_gfp.png,1635561958_62928_ph.png,181,222,252,290,491,4793,562,4861,310,4571,1654,5915,6,3888,1567
6,paraclone16,1344,89,83,1635561958_62928.png,1635561958_62928_gfp.png,1635561958_62928_ph.png,175,509,264,592,485,5080,574,5163,310,4571,1654,5915,6,3889,1567
6,paraclone4,1344,93,93,1635561959_910075.png,1635561959_910075_gfp.png,1635561959_910075_ph.png,956,1029,1049,1122,956,4762,1049,4855,0,3733,1344,5077,6,3890,1568
6,paraclone6,1344,71,68,1635561959_910075.png,1635561959_910075_gfp.png,1635561959_910075_ph.png,491,1060,562,1128,491,4793,562,4861,0,3733,1344,5077,6,3891,1568
6,paraclone4,1344,93,93,1635561961_189918.png,1635561961_189918_gfp.png,1635561961_189918_ph.png,956,350,1049,443,956,4762,1049,4855,0,4412,1344,5756,6,3892,1569
6,paraclone5,1344,65,70,1635561961_189918.png,1635561961_189918_gfp.png,1635561961_189918_ph.png,416,1037,481,1107,416,5449,481,5519,0,4412,1344,5756,6,3893,1569
6,paraclone6,1344,71,68,1635561961_189918.png,1635561961_189918_gfp.png,1635561961_189918_ph.png,491,381,562,449,491,4793,562,4861,0,4412,1344,5756,6,3894,1569
6,paraclone16,1344,89,83,1635561961_189918.png,1635561961_189918_gfp.png,1635561961_189918_ph.png,485,668,574,751,485,5080,574,5163,0,4412,1344,5756,6,3895,1569
6,holoclone2,1344,138,133,1635561962_4700422.png,1635561962_4700422_gfp.png,1635561962_4700422_ph.png,1113,383,1251,516,7138,2026,7276,2159,6025,1643,7369,2987,6,3896,1570
6,holoclone2,1344,138,133,1635561963_751193.png,1635561963_751193_gfp.png,1635561963_751193_ph.png,609,246,747,379,7138,2026,7276,2159,6529,1780,7873,3124,6,3897,1571
6,holoclone2,1344,138,133,1635561965_03024.png,1635561965_03024_gfp.png,1635561965_03024_ph.png,455,1178,593,1311,7138,2026,7276,2159,6683,848,8027,2192,6,3898,1572
6,holoclone2,1344,138,133,1635561966_312504.png,1635561966_312504_gfp.png,1635561966_312504_ph.png,661,794,799,927,7138,2026,7276,2159,6477,1232,7821,2576,6,3899,1573
6,holoclone2,1344,138,133,1635561967_592501.png,1635561967_592501_gfp.png,1635561967_592501_ph.png,778,278,916,411,7138,2026,7276,2159,6360,1748,7704,3092,6,3900,1574
6,holoclone2,1344,138,133,1635561968_87343.png,1635561968_87343_gfp.png,1635561968_87343_ph.png,1201,1125,1339,1258,7138,2026,7276,2159,5937,901,7281,2245,6,3901,1575
6,holoclone2,1344,138,133,1635561970_156213.png,1635561970_156213_gfp.png,1635561970_156213_ph.png,1164,287,1302,420,7138,2026,7276,2159,5974,1739,7318,3083,6,3902,1576
6,holoclone2,1344,138,133,1635561971_436108.png,1635561971_436108_gfp.png,1635561971_436108_ph.png,974,492,1112,625,7138,2026,7276,2159,6164,1534,7508,2878,6,3903,1577
6,holoclone2,1344,138,133,1635561972_7158132.png,1635561972_7158132_gfp.png,1635561972_7158132_ph.png,815,83,953,216,7138,2026,7276,2159,6323,1943,7667,3287,6,3904,1578
6,holoclone2,1344,138,133,1635561973_994128.png,1635561973_994128_gfp.png,1635561973_994128_ph.png,685,462,823,595,7138,2026,7276,2159,6453,1564,7797,2908,6,3905,1579
6,holoclone3,1344,230,236,1635561975_27513.png,1635561975_27513_gfp.png,1635561975_27513_ph.png,255,993,485,1229,1914,6591,2144,6827,1659,5598,3003,6942,6,3906,1580
6,holoclone4,1344,148,161,1635561975_27513.png,1635561975_27513_gfp.png,1635561975_27513_ph.png,543,350,691,511,2202,5948,2350,6109,1659,5598,3003,6942,6,3907,1580
6,holoclone3,1344,230,236,1635561976_553952.png,1635561976_553952_gfp.png,1635561976_553952_ph.png,617,914,847,1150,1914,6591,2144,6827,1297,5677,2641,7021,6,3908,1581
6,holoclone4,1344,148,161,1635561976_553952.png,1635561976_553952_gfp.png,1635561976_553952_ph.png,905,271,1053,432,2202,5948,2350,6109,1297,5677,2641,7021,6,3909,1581
6,holoclone3,1344,230,236,1635561977_8397079.png,1635561977_8397079_gfp.png,1635561977_8397079_ph.png,464,955,694,1191,1914,6591,2144,6827,1450,5636,2794,6980,6,3910,1582
6,holoclone4,1344,148,161,1635561977_8397079.png,1635561977_8397079_gfp.png,1635561977_8397079_ph.png,752,312,900,473,2202,5948,2350,6109,1450,5636,2794,6980,6,3911,1582
6,holoclone3,1344,230,236,1635561979_1239371.png,1635561979_1239371_gfp.png,1635561979_1239371_ph.png,1105,877,1335,1113,1914,6591,2144,6827,809,5714,2153,7058,6,3912,1583
6,holoclone3,1344,230,236,1635561980_3967302.png,1635561980_3967302_gfp.png,1635561980_3967302_ph.png,544,926,774,1162,1914,6591,2144,6827,1370,5665,2714,7009,6,3913,1584
6,holoclone4,1344,148,161,1635561980_3967302.png,1635561980_3967302_gfp.png,1635561980_3967302_ph.png,832,283,980,444,2202,5948,2350,6109,1370,5665,2714,7009,6,3914,1584
6,holoclone3,1344,230,236,1635561981_6723368.png,1635561981_6723368_gfp.png,1635561981_6723368_ph.png,874,904,1104,1140,1914,6591,2144,6827,1040,5687,2384,7031,6,3915,1585
6,holoclone4,1344,148,161,1635561981_6723368.png,1635561981_6723368_gfp.png,1635561981_6723368_ph.png,1162,261,1310,422,2202,5948,2350,6109,1040,5687,2384,7031,6,3916,1585
6,holoclone3,1344,230,236,1635561982_950492.png,1635561982_950492_gfp.png,1635561982_950492_ph.png,4,848,234,1084,1914,6591,2144,6827,1910,5743,3254,7087,6,3917,1586
6,paraclone10,1344,46,43,1635561982_950492.png,1635561982_950492_gfp.png,1635561982_950492_ph.png,1268,938,1314,981,3178,6681,3224,6724,1910,5743,3254,7087,6,3918,1586
6,holoclone4,1344,148,161,1635561982_950492.png,1635561982_950492_gfp.png,1635561982_950492_ph.png,292,205,440,366,2202,5948,2350,6109,1910,5743,3254,7087,6,3919,1586
6,holoclone3,1344,230,236,1635561984_229811.png,1635561984_229811_gfp.png,1635561984_229811_ph.png,159,884,389,1120,1914,6591,2144,6827,1755,5707,3099,7051,6,3920,1587
6,holoclone4,1344,148,161,1635561984_229811.png,1635561984_229811_gfp.png,1635561984_229811_ph.png,447,241,595,402,2202,5948,2350,6109,1755,5707,3099,7051,6,3921,1587
6,holoclone3,1344,230,236,1635561985_508887.png,1635561985_508887_gfp.png,1635561985_508887_ph.png,224,895,454,1131,1914,6591,2144,6827,1690,5696,3034,7040,6,3922,1588
6,holoclone4,1344,148,161,1635561985_508887.png,1635561985_508887_gfp.png,1635561985_508887_ph.png,512,252,660,413,2202,5948,2350,6109,1690,5696,3034,7040,6,3923,1588
6,holoclone3,1344,230,236,1635561986_79164.png,1635561986_79164_gfp.png,1635561986_79164_ph.png,404,1071,634,1307,1914,6591,2144,6827,1510,5520,2854,6864,6,3924,1589
6,holoclone4,1344,148,161,1635561986_79164.png,1635561986_79164_gfp.png,1635561986_79164_ph.png,692,428,840,589,2202,5948,2350,6109,1510,5520,2854,6864,6,3925,1589
6,paraclone7,1344,61,67,1635561988_11667.png,1635561988_11667_gfp.png,1635561988_11667_ph.png,378,798,439,865,3063,5224,3124,5291,2685,4426,4029,5770,6,3926,1590
6,meroclone3,1344,50,65,1635561988_11667.png,1635561988_11667_gfp.png,1635561988_11667_ph.png,771,30,821,95,3456,4456,3506,4521,2685,4426,4029,5770,6,3927,1590
6,paraclone7,1344,61,67,1635561989_401314.png,1635561989_401314_gfp.png,1635561989_401314_ph.png,277,1144,338,1211,3063,5224,3124,5291,2786,4080,4130,5424,6,3928,1591
6,meroclone3,1344,50,65,1635561989_401314.png,1635561989_401314_gfp.png,1635561989_401314_ph.png,670,376,720,441,3456,4456,3506,4521,2786,4080,4130,5424,6,3929,1591
6,paraclone7,1344,61,67,1635561990_687149.png,1635561990_687149_gfp.png,1635561990_687149_ph.png,1020,1171,1081,1238,3063,5224,3124,5291,2043,4053,3387,5397,6,3930,1592
6,paraclone7,1344,61,67,1635561991_967883.png,1635561991_967883_gfp.png,1635561991_967883_ph.png,594,287,655,354,3063,5224,3124,5291,2469,4937,3813,6281,6,3931,1593
6,paraclone7,1344,61,67,1635561993_247412.png,1635561993_247412_gfp.png,1635561993_247412_ph.png,1280,241,1341,308,3063,5224,3124,5291,1783,4983,3127,6327,6,3932,1594
6,holoclone4,1344,148,161,1635561993_247412.png,1635561993_247412_gfp.png,1635561993_247412_ph.png,419,965,567,1126,2202,5948,2350,6109,1783,4983,3127,6327,6,3933,1594
6,paraclone7,1344,61,67,1635561994_530412.png,1635561994_530412_gfp.png,1635561994_530412_ph.png,789,1223,850,1290,3063,5224,3124,5291,2274,4001,3618,5345,6,3934,1595
6,meroclone3,1344,50,65,1635561994_530412.png,1635561994_530412_gfp.png,1635561994_530412_ph.png,1182,455,1232,520,3456,4456,3506,4521,2274,4001,3618,5345,6,3935,1595
6,paraclone7,1344,61,67,1635561995_8156312.png,1635561995_8156312_gfp.png,1635561995_8156312_ph.png,1031,1133,1092,1200,3063,5224,3124,5291,2032,4091,3376,5435,6,3936,1596
6,paraclone7,1344,61,67,1635561997_096993.png,1635561997_096993_gfp.png,1635561997_096993_ph.png,1027,459,1088,526,3063,5224,3124,5291,2036,4765,3380,6109,6,3937,1597
6,holoclone4,1344,148,161,1635561997_096993.png,1635561997_096993_gfp.png,1635561997_096993_ph.png,166,1183,314,1344,2202,5948,2350,6109,2036,4765,3380,6109,6,3938,1597
6,paraclone7,1344,61,67,1635561998_3762932.png,1635561998_3762932_gfp.png,1635561998_3762932_ph.png,361,551,422,618,3063,5224,3124,5291,2702,4673,4046,6017,6,3939,1598
6,paraclone7,1344,61,67,1635561999_6589172.png,1635561999_6589172_gfp.png,1635561999_6589172_ph.png,303,303,364,370,3063,5224,3124,5291,2760,4921,4104,6265,6,3940,1599
6,meroclone2,1344,167,157,1635562000_93919.png,1635562000_93919_gfp.png,1635562000_93919_ph.png,711,698,878,855,4158,3736,4325,3893,3447,3038,4791,4382,6,3941,1600
6,meroclone2,1344,167,157,1635562002_222751.png,1635562002_222751_gfp.png,1635562002_222751_ph.png,835,178,1002,335,4158,3736,4325,3893,3323,3558,4667,4902,6,3942,1601
6,meroclone3,1344,50,65,1635562002_222751.png,1635562002_222751_gfp.png,1635562002_222751_ph.png,133,898,183,963,3456,4456,3506,4521,3323,3558,4667,4902,6,3943,1601
6,meroclone2,1344,167,157,1635562003_508435.png,1635562003_508435_gfp.png,1635562003_508435_ph.png,633,377,800,534,4158,3736,4325,3893,3525,3359,4869,4703,6,3944,1602
6,meroclone2,1344,167,157,1635562004_7920058.png,1635562004_7920058_gfp.png,1635562004_7920058_ph.png,916,127,1083,284,4158,3736,4325,3893,3242,3609,4586,4953,6,3945,1603
6,meroclone3,1344,50,65,1635562004_7920058.png,1635562004_7920058_gfp.png,1635562004_7920058_ph.png,214,847,264,912,3456,4456,3506,4521,3242,3609,4586,4953,6,3946,1603
6,meroclone2,1344,167,157,1635562006_0769868.png,1635562006_0769868_gfp.png,1635562006_0769868_ph.png,642,149,809,306,4158,3736,4325,3893,3516,3587,4860,4931,6,3947,1604
6,meroclone2,1344,167,157,1635562007_3596458.png,1635562007_3596458_gfp.png,1635562007_3596458_ph.png,896,81,1063,238,4158,3736,4325,3893,3262,3655,4606,4999,6,3948,1605
6,meroclone3,1344,50,65,1635562007_3596458.png,1635562007_3596458_gfp.png,1635562007_3596458_ph.png,194,801,244,866,3456,4456,3506,4521,3262,3655,4606,4999,6,3949,1605
6,meroclone2,1344,167,157,1635562008_645432.png,1635562008_645432_gfp.png,1635562008_645432_ph.png,776,197,943,354,4158,3736,4325,3893,3382,3539,4726,4883,6,3950,1606
6,meroclone3,1344,50,65,1635562008_645432.png,1635562008_645432_gfp.png,1635562008_645432_ph.png,74,917,124,982,3456,4456,3506,4521,3382,3539,4726,4883,6,3951,1606
6,meroclone2,1344,167,157,1635562009_931686.png,1635562009_931686_gfp.png,1635562009_931686_ph.png,291,583,458,740,4158,3736,4325,3893,3867,3153,5211,4497,6,3952,1607
6,meroclone2,1344,167,157,1635562011_2148092.png,1635562011_2148092_gfp.png,1635562011_2148092_ph.png,873,267,1040,424,4158,3736,4325,3893,3285,3469,4629,4813,6,3953,1608
6,meroclone3,1344,50,65,1635562011_2148092.png,1635562011_2148092_gfp.png,1635562011_2148092_ph.png,171,987,221,1052,3456,4456,3506,4521,3285,3469,4629,4813,6,3954,1608
6,paraclone2,1344,96,47,1635562012_498867.png,1635562012_498867_gfp.png,1635562012_498867_ph.png,429,312,525,359,3744,2872,3840,2919,3315,2560,4659,3904,6,3955,1609
6,meroclone2,1344,167,157,1635562012_498867.png,1635562012_498867_gfp.png,1635562012_498867_ph.png,843,1176,1010,1333,4158,3736,4325,3893,3315,2560,4659,3904,6,3956,1609
6,meroclone2,1344,167,157,1635562013_7846441.png,1635562013_7846441_gfp.png,1635562013_7846441_ph.png,957,539,1124,696,4158,3736,4325,3893,3201,3197,4545,4541,6,3957,1610
6,meroclone3,1344,50,65,1635562013_7846441.png,1635562013_7846441_gfp.png,1635562013_7846441_ph.png,255,1259,305,1324,3456,4456,3506,4521,3201,3197,4545,4541,6,3958,1610
6,paraclone7,1344,61,67,1635562015_0745971.png,1635562015_0745971_gfp.png,1635562015_0745971_ph.png,400,852,461,919,3063,5224,3124,5291,2663,4372,4007,5716,6,3959,1611
6,meroclone3,1344,50,65,1635562015_0745971.png,1635562015_0745971_gfp.png,1635562015_0745971_ph.png,793,84,843,149,3456,4456,3506,4521,2663,4372,4007,5716,6,3960,1611
6,meroclone3,1344,50,65,1635562016_3581052.png,1635562016_3581052_gfp.png,1635562016_3581052_ph.png,89,366,139,431,3456,4456,3506,4521,3367,4090,4711,5434,6,3961,1612
6,meroclone3,1344,50,65,1635562017_6443222.png,1635562017_6443222_gfp.png,1635562017_6443222_ph.png,499,771,549,836,3456,4456,3506,4521,2957,3685,4301,5029,6,3962,1613
6,meroclone3,1344,50,65,1635562018_931148.png,1635562018_931148_gfp.png,1635562018_931148_ph.png,84,663,134,728,3456,4456,3506,4521,3372,3793,4716,5137,6,3963,1614
6,paraclone7,1344,61,67,1635562020_225131.png,1635562020_225131_gfp.png,1635562020_225131_ph.png,353,955,414,1022,3063,5224,3124,5291,2710,4269,4054,5613,6,3964,1615
6,meroclone3,1344,50,65,1635562020_225131.png,1635562020_225131_gfp.png,1635562020_225131_ph.png,746,187,796,252,3456,4456,3506,4521,2710,4269,4054,5613,6,3965,1615
6,meroclone2,1344,167,157,1635562021_509315.png,1635562021_509315_gfp.png,1635562021_509315_ph.png,1123,142,1290,299,4158,3736,4325,3893,3035,3594,4379,4938,6,3966,1616
6,meroclone3,1344,50,65,1635562021_509315.png,1635562021_509315_gfp.png,1635562021_509315_ph.png,421,862,471,927,3456,4456,3506,4521,3035,3594,4379,4938,6,3967,1616
6,paraclone7,1344,61,67,1635562022_794826.png,1635562022_794826_gfp.png,1635562022_794826_ph.png,583,997,644,1064,3063,5224,3124,5291,2480,4227,3824,5571,6,3968,1617
6,meroclone3,1344,50,65,1635562022_794826.png,1635562022_794826_gfp.png,1635562022_794826_ph.png,976,229,1026,294,3456,4456,3506,4521,2480,4227,3824,5571,6,3969,1617
6,meroclone2,1344,167,157,1635562024_079649.png,1635562024_079649_gfp.png,1635562024_079649_ph.png,902,171,1069,328,4158,3736,4325,3893,3256,3565,4600,4909,6,3970,1618
6,meroclone3,1344,50,65,1635562024_079649.png,1635562024_079649_gfp.png,1635562024_079649_ph.png,200,891,250,956,3456,4456,3506,4521,3256,3565,4600,4909,6,3971,1618
6,meroclone3,1344,50,65,1635562025_36422.png,1635562025_36422_gfp.png,1635562025_36422_ph.png,1199,708,1249,773,3456,4456,3506,4521,2257,3748,3601,5092,6,3972,1619
6,paraclone9,1344,60,53,1635562025_36422.png,1635562025_36422_gfp.png,1635562025_36422_ph.png,621,193,681,246,2878,3941,2938,3994,2257,3748,3601,5092,6,3973,1619
6,paraclone8,1344,45,76,1635562026_651691.png,1635562026_651691_gfp.png,1635562026_651691_ph.png,1273,462,1318,538,2873,3229,2918,3305,1600,2767,2944,4111,6,3974,1620
6,paraclone9,1344,60,53,1635562026_651691.png,1635562026_651691_gfp.png,1635562026_651691_ph.png,1278,1174,1338,1227,2878,3941,2938,3994,1600,2767,2944,4111,6,3975,1620
6,holoclone1,1344,219,229,1635562027_936053.png,1635562027_936053_gfp.png,1635562027_936053_ph.png,518,733,737,962,2594,2708,2813,2937,2076,1975,3420,3319,6,3976,1621
6,paraclone8,1344,45,76,1635562027_936053.png,1635562027_936053_gfp.png,1635562027_936053_ph.png,797,1254,842,1330,2873,3229,2918,3305,2076,1975,3420,3319,6,3977,1621
6,paraclone8,1344,45,76,1635562029_2222311.png,1635562029_2222311_gfp.png,1635562029_2222311_ph.png,757,69,802,145,2873,3229,2918,3305,2116,3160,3460,4504,6,3978,1622
6,paraclone9,1344,60,53,1635562029_2222311.png,1635562029_2222311_gfp.png,1635562029_2222311_ph.png,762,781,822,834,2878,3941,2938,3994,2116,3160,3460,4504,6,3979,1622
6,holoclone1,1344,219,229,1635562030_545791.png,1635562030_545791_gfp.png,1635562030_545791_ph.png,1002,287,1221,516,2594,2708,2813,2937,1592,2421,2936,3765,6,3980,1623
6,paraclone8,1344,45,76,1635562030_545791.png,1635562030_545791_gfp.png,1635562030_545791_ph.png,1281,808,1326,884,2873,3229,2918,3305,1592,2421,2936,3765,6,3981,1623
6,holoclone1,1344,219,229,1635562031_831084.png,1635562031_831084_gfp.png,1635562031_831084_ph.png,499,368,718,597,2594,2708,2813,2937,2095,2340,3439,3684,6,3982,1624
6,paraclone8,1344,45,76,1635562031_831084.png,1635562031_831084_gfp.png,1635562031_831084_ph.png,778,889,823,965,2873,3229,2918,3305,2095,2340,3439,3684,6,3983,1624
6,holoclone1,1344,219,229,1635562033_117812.png,1635562033_117812_gfp.png,1635562033_117812_ph.png,42,397,261,626,2594,2708,2813,2937,2552,2311,3896,3655,6,3984,1625
6,paraclone2,1344,96,47,1635562033_117812.png,1635562033_117812_gfp.png,1635562033_117812_ph.png,1192,561,1288,608,3744,2872,3840,2919,2552,2311,3896,3655,6,3985,1625
6,paraclone8,1344,45,76,1635562033_117812.png,1635562033_117812_gfp.png,1635562033_117812_ph.png,321,918,366,994,2873,3229,2918,3305,2552,2311,3896,3655,6,3986,1625
6,holoclone1,1344,219,229,1635562034_411995.png,1635562034_411995_gfp.png,1635562034_411995_ph.png,848,81,1067,310,2594,2708,2813,2937,1746,2627,3090,3971,6,3987,1626
6,paraclone8,1344,45,76,1635562034_411995.png,1635562034_411995_gfp.png,1635562034_411995_ph.png,1127,602,1172,678,2873,3229,2918,3305,1746,2627,3090,3971,6,3988,1626
6,paraclone8,1344,45,76,1635562035_697841.png,1635562035_697841_gfp.png,1635562035_697841_ph.png,780,362,825,438,2873,3229,2918,3305,2093,2867,3437,4211,6,3989,1627
6,paraclone9,1344,60,53,1635562035_697841.png,1635562035_697841_gfp.png,1635562035_697841_ph.png,785,1074,845,1127,2878,3941,2938,3994,2093,2867,3437,4211,6,3990,1627
6,paraclone8,1344,45,76,1635562036_984781.png,1635562036_984781_gfp.png,1635562036_984781_ph.png,188,245,233,321,2873,3229,2918,3305,2685,2984,4029,4328,6,3991,1628
6,paraclone9,1344,60,53,1635562036_984781.png,1635562036_984781_gfp.png,1635562036_984781_ph.png,193,957,253,1010,2878,3941,2938,3994,2685,2984,4029,4328,6,3992,1628
6,paraclone8,1344,45,76,1635562038_268398.png,1635562038_268398_gfp.png,1635562038_268398_ph.png,728,181,773,257,2873,3229,2918,3305,2145,3048,3489,4392,6,3993,1629
6,paraclone9,1344,60,53,1635562038_268398.png,1635562038_268398_gfp.png,1635562038_268398_ph.png,733,893,793,946,2878,3941,2938,3994,2145,3048,3489,4392,6,3994,1629
6,paraclone8,1344,45,76,1635562039_557512.png,1635562039_557512_gfp.png,1635562039_557512_ph.png,964,253,1009,329,2873,3229,2918,3305,1909,2976,3253,4320,6,3995,1630
6,paraclone9,1344,60,53,1635562039_557512.png,1635562039_557512_gfp.png,1635562039_557512_ph.png,969,965,1029,1018,2878,3941,2938,3994,1909,2976,3253,4320,6,3996,1630
6,paraclone9,1344,60,53,1635562040_842746.png,1635562040_842746_gfp.png,1635562040_842746_ph.png,1185,474,1245,527,2878,3941,2938,3994,1693,3467,3037,4811,6,3997,1631
6,paraclone8,1344,45,76,1635562042_127587.png,1635562042_127587_gfp.png,1635562042_127587_ph.png,725,410,770,486,2873,3229,2918,3305,2148,2819,3492,4163,6,3998,1632
6,paraclone9,1344,60,53,1635562042_127587.png,1635562042_127587_gfp.png,1635562042_127587_ph.png,730,1122,790,1175,2878,3941,2938,3994,2148,2819,3492,4163,6,3999,1632
6,meroclone3,1344,50,65,1635562043_4120991.png,1635562043_4120991_gfp.png,1635562043_4120991_ph.png,761,933,811,998,3456,4456,3506,4521,2695,3523,4039,4867,6,4000,1633
6,paraclone9,1344,60,53,1635562043_4120991.png,1635562043_4120991_gfp.png,1635562043_4120991_ph.png,183,418,243,471,2878,3941,2938,3994,2695,3523,4039,4867,6,4001,1633
6,meroclone3,1344,50,65,1635562044_695486.png,1635562044_695486_gfp.png,1635562044_695486_ph.png,1258,1247,1308,1312,3456,4456,3506,4521,2198,3209,3542,4553,6,4002,1634
6,paraclone8,1344,45,76,1635562044_695486.png,1635562044_695486_gfp.png,1635562044_695486_ph.png,675,20,720,96,2873,3229,2918,3305,2198,3209,3542,4553,6,4003,1634
6,paraclone9,1344,60,53,1635562044_695486.png,1635562044_695486_gfp.png,1635562044_695486_ph.png,680,732,740,785,2878,3941,2938,3994,2198,3209,3542,4553,6,4004,1634
6,paraclone8,1344,45,76,1635562045_979716.png,1635562045_979716_gfp.png,1635562045_979716_ph.png,1183,47,1228,123,2873,3229,2918,3305,1690,3182,3034,4526,6,4005,1635
6,paraclone9,1344,60,53,1635562045_979716.png,1635562045_979716_gfp.png,1635562045_979716_ph.png,1188,759,1248,812,2878,3941,2938,3994,1690,3182,3034,4526,6,4006,1635
6,paraclone8,1344,45,76,1635562047_2716842.png,1635562047_2716842_gfp.png,1635562047_2716842_ph.png,1066,468,1111,544,2873,3229,2918,3305,1807,2761,3151,4105,6,4007,1636
6,paraclone9,1344,60,53,1635562047_2716842.png,1635562047_2716842_gfp.png,1635562047_2716842_ph.png,1071,1180,1131,1233,2878,3941,2938,3994,1807,2761,3151,4105,6,4008,1636
6,meroclone3,1344,50,65,1635562048_573332.png,1635562048_573332_gfp.png,1635562048_573332_ph.png,1053,830,1103,895,3456,4456,3506,4521,2403,3626,3747,4970,6,4009,1637
6,paraclone9,1344,60,53,1635562048_573332.png,1635562048_573332_gfp.png,1635562048_573332_ph.png,475,315,535,368,2878,3941,2938,3994,2403,3626,3747,4970,6,4010,1637
6,meroclone3,1344,50,65,1635562049_861761.png,1635562049_861761_gfp.png,1635562049_861761_ph.png,806,581,856,646,3456,4456,3506,4521,2650,3875,3994,5219,6,4011,1638
6,paraclone9,1344,60,53,1635562049_861761.png,1635562049_861761_gfp.png,1635562049_861761_ph.png,228,66,288,119,2878,3941,2938,3994,2650,3875,3994,5219,6,4012,1638
6,paraclone8,1344,45,76,1635562051_144356.png,1635562051_144356_gfp.png,1635562051_144356_ph.png,390,388,435,464,2873,3229,2918,3305,2483,2841,3827,4185,6,4013,1639
6,paraclone9,1344,60,53,1635562051_144356.png,1635562051_144356_gfp.png,1635562051_144356_ph.png,395,1100,455,1153,2878,3941,2938,3994,2483,2841,3827,4185,6,4014,1639
6,paraclone10,1344,46,43,1635562052_426543.png,1635562052_426543_gfp.png,1635562052_426543_ph.png,800,965,846,1008,3178,6681,3224,6724,2378,5716,3722,7060,6,4015,1640
6,paraclone10,1344,46,43,1635562053_705361.png,1635562053_705361_gfp.png,1635562053_705361_ph.png,815,1133,861,1176,3178,6681,3224,6724,2363,5548,3707,6892,6,4016,1641
6,paraclone10,1344,46,43,1635562054_984788.png,1635562054_984788_gfp.png,1635562054_984788_ph.png,783,1044,829,1087,3178,6681,3224,6724,2395,5637,3739,6981,6,4017,1642
6,paraclone10,1344,46,43,1635562056_263183.png,1635562056_263183_gfp.png,1635562056_263183_ph.png,1200,1063,1246,1106,3178,6681,3224,6724,1978,5618,3322,6962,6,4018,1643
6,holoclone4,1344,148,161,1635562056_263183.png,1635562056_263183_gfp.png,1635562056_263183_ph.png,224,330,372,491,2202,5948,2350,6109,1978,5618,3322,6962,6,4019,1643
6,paraclone10,1344,46,43,1635562057_5425222.png,1635562057_5425222_gfp.png,1635562057_5425222_ph.png,835,934,881,977,3178,6681,3224,6724,2343,5747,3687,7091,6,4020,1644
6,paraclone10,1344,46,43,1635562058_823702.png,1635562058_823702_gfp.png,1635562058_823702_ph.png,1044,1023,1090,1066,3178,6681,3224,6724,2134,5658,3478,7002,6,4021,1645
6,holoclone4,1344,148,161,1635562058_823702.png,1635562058_823702_gfp.png,1635562058_823702_ph.png,68,290,216,451,2202,5948,2350,6109,2134,5658,3478,7002,6,4022,1645
6,paraclone10,1344,46,43,1635562060_1062121.png,1635562060_1062121_gfp.png,1635562060_1062121_ph.png,1187,1124,1233,1167,3178,6681,3224,6724,1991,5557,3335,6901,6,4023,1646
6,holoclone4,1344,148,161,1635562060_1062121.png,1635562060_1062121_gfp.png,1635562060_1062121_ph.png,211,391,359,552,2202,5948,2350,6109,1991,5557,3335,6901,6,4024,1646
6,paraclone10,1344,46,43,1635562061_385668.png,1635562061_385668_gfp.png,1635562061_385668_ph.png,896,1232,942,1275,3178,6681,3224,6724,2282,5449,3626,6793,6,4025,1647
6,paraclone10,1344,46,43,1635562062_665044.png,1635562062_665044_gfp.png,1635562062_665044_ph.png,429,1149,475,1192,3178,6681,3224,6724,2749,5532,4093,6876,6,4026,1648
6,paraclone10,1344,46,43,1635562063_946466.png,1635562063_946466_gfp.png,1635562063_946466_ph.png,103,1112,149,1155,3178,6681,3224,6724,3075,5569,4419,6913,6,4027,1649
6,holoclone4,1344,148,161,1635562065_230711.png,1635562065_230711_gfp.png,1635562065_230711_ph.png,851,780,999,941,2202,5948,2350,6109,1351,5168,2695,6512,6,4028,1650
6,holoclone4,1344,148,161,1635562066_5257769.png,1635562066_5257769_gfp.png,1635562066_5257769_ph.png,452,511,600,672,2202,5948,2350,6109,1750,5437,3094,6781,6,4029,1651
6,paraclone10,1344,46,43,1635562067_816913.png,1635562067_816913_gfp.png,1635562067_816913_ph.png,1149,1030,1195,1073,3178,6681,3224,6724,2029,5651,3373,6995,6,4030,1652
6,holoclone4,1344,148,161,1635562067_816913.png,1635562067_816913_gfp.png,1635562067_816913_ph.png,173,297,321,458,2202,5948,2350,6109,2029,5651,3373,6995,6,4031,1652
6,holoclone3,1344,230,236,1635562069_099731.png,1635562069_099731_gfp.png,1635562069_099731_ph.png,547,832,777,1068,1914,6591,2144,6827,1367,5759,2711,7103,6,4032,1653
6,holoclone4,1344,148,161,1635562069_099731.png,1635562069_099731_gfp.png,1635562069_099731_ph.png,835,189,983,350,2202,5948,2350,6109,1367,5759,2711,7103,6,4033,1653
6,holoclone3,1344,230,236,1635562070_401087.png,1635562070_401087_gfp.png,1635562070_401087_ph.png,27,948,257,1184,1914,6591,2144,6827,1887,5643,3231,6987,6,4034,1654
6,paraclone10,1344,46,43,1635562070_401087.png,1635562070_401087_gfp.png,1635562070_401087_ph.png,1291,1038,1337,1081,3178,6681,3224,6724,1887,5643,3231,6987,6,4035,1654
6,holoclone4,1344,148,161,1635562070_401087.png,1635562070_401087_gfp.png,1635562070_401087_ph.png,315,305,463,466,2202,5948,2350,6109,1887,5643,3231,6987,6,4036,1654
6,holoclone4,1344,148,161,1635562071_681181.png,1635562071_681181_gfp.png,1635562071_681181_ph.png,1146,993,1294,1154,2202,5948,2350,6109,1056,4955,2400,6299,6,4037,1655
6,holoclone4,1344,148,161,1635562072_962336.png,1635562072_962336_gfp.png,1635562072_962336_ph.png,557,1134,705,1295,2202,5948,2350,6109,1645,4814,2989,6158,6,4038,1656
6,holoclone4,1344,148,161,1635562074_244427.png,1635562074_244427_gfp.png,1635562074_244427_ph.png,313,644,461,805,2202,5948,2350,6109,1889,5304,3233,6648,6,4039,1657
6,holoclone4,1344,148,161,1635562075_5255082.png,1635562075_5255082_gfp.png,1635562075_5255082_ph.png,1122,1091,1270,1252,2202,5948,2350,6109,1080,4857,2424,6201,6,4040,1658
6,holoclone4,1344,148,161,1635562076_806268.png,1635562076_806268_gfp.png,1635562076_806268_ph.png,419,682,567,843,2202,5948,2350,6109,1783,5266,3127,6610,6,4041,1659
6,paraclone11,1344,75,84,1635562078_128268.png,1635562078_128268_gfp.png,1635562078_128268_ph.png,7,873,82,957,515,3182,590,3266,508,2309,1852,3653,6,4042,1660
6,paraclone11,1344,75,84,1635562079_42662.png,1635562079_42662_gfp.png,1635562079_42662_ph.png,515,386,590,470,515,3182,590,3266,0,2796,1344,4140,6,4043,1661
6,meroclone4,1344,45,43,1635562079_42662.png,1635562079_42662_gfp.png,1635562079_42662_ph.png,218,141,263,184,218,2937,263,2980,0,2796,1344,4140,6,4044,1661
6,paraclone1,1344,44,54,1635562080_709661.png,1635562080_709661_gfp.png,1635562080_709661_ph.png,1201,695,1245,749,1594,3861,1638,3915,393,3166,1737,4510,6,4045,1662
6,paraclone11,1344,75,84,1635562080_709661.png,1635562080_709661_gfp.png,1635562080_709661_ph.png,122,16,197,100,515,3182,590,3266,393,3166,1737,4510,6,4046,1662
6,paraclone11,1344,75,84,1635562081_997109.png,1635562081_997109_gfp.png,1635562081_997109_ph.png,515,129,590,213,515,3182,590,3266,0,3053,1344,4397,6,4047,1663
6,paraclone3,1344,110,124,1635562083_277455.png,1635562083_277455_gfp.png,1635562083_277455_ph.png,530,78,640,202,909,2228,1019,2352,379,2150,1723,3494,6,4048,1664
6,paraclone11,1344,75,84,1635562083_277455.png,1635562083_277455_gfp.png,1635562083_277455_ph.png,136,1032,211,1116,515,3182,590,3266,379,2150,1723,3494,6,4049,1664
6,paraclone11,1344,75,84,1635562084_567967.png,1635562084_567967_gfp.png,1635562084_567967_ph.png,515,886,590,970,515,3182,590,3266,0,2296,1344,3640,6,4050,1665
6,meroclone4,1344,45,43,1635562084_567967.png,1635562084_567967_gfp.png,1635562084_567967_ph.png,218,641,263,684,218,2937,263,2980,0,2296,1344,3640,6,4051,1665
6,paraclone11,1344,75,84,1635562085_855772.png,1635562085_855772_gfp.png,1635562085_855772_ph.png,515,61,590,145,515,3182,590,3266,0,3121,1344,4465,6,4052,1666
6,paraclone11,1344,75,84,1635562087_135691.png,1635562087_135691_gfp.png,1635562087_135691_ph.png,515,756,590,840,515,3182,590,3266,0,2426,1344,3770,6,4053,1667
6,meroclone4,1344,45,43,1635562087_135691.png,1635562087_135691_gfp.png,1635562087_135691_ph.png,218,511,263,554,218,2937,263,2980,0,2426,1344,3770,6,4054,1667
6,paraclone11,1344,75,84,1635562088_4180532.png,1635562088_4180532_gfp.png,1635562088_4180532_ph.png,355,47,430,131,515,3182,590,3266,160,3135,1504,4479,6,4055,1668
6,paraclone1,1344,44,54,1635562089_700369.png,1635562089_700369_gfp.png,1635562089_700369_ph.png,1269,760,1313,814,1594,3861,1638,3915,325,3101,1669,4445,6,4056,1669
6,paraclone11,1344,75,84,1635562089_700369.png,1635562089_700369_gfp.png,1635562089_700369_ph.png,190,81,265,165,515,3182,590,3266,325,3101,1669,4445,6,4057,1669
6,paraclone11,1344,75,84,1635562090_981471.png,1635562090_981471_gfp.png,1635562090_981471_ph.png,515,707,590,791,515,3182,590,3266,0,2475,1344,3819,6,4058,1670
6,meroclone4,1344,45,43,1635562090_981471.png,1635562090_981471_gfp.png,1635562090_981471_ph.png,218,462,263,505,218,2937,263,2980,0,2475,1344,3819,6,4059,1670
6,paraclone11,1344,75,84,1635562092_262798.png,1635562092_262798_gfp.png,1635562092_262798_ph.png,515,407,590,491,515,3182,590,3266,0,2775,1344,4119,6,4060,1671
6,meroclone4,1344,45,43,1635562092_262798.png,1635562092_262798_gfp.png,1635562092_262798_ph.png,218,162,263,205,218,2937,263,2980,0,2775,1344,4119,6,4061,1671
6,paraclone3,1344,110,124,1635562093_54066.png,1635562093_54066_gfp.png,1635562093_54066_ph.png,909,462,1019,586,909,2228,1019,2352,0,1766,1344,3110,6,4062,1672
6,meroclone4,1344,45,43,1635562093_54066.png,1635562093_54066_gfp.png,1635562093_54066_ph.png,218,1171,263,1214,218,2937,263,2980,0,1766,1344,3110,6,4063,1672
6,paraclone11,1344,75,84,1635562094_820736.png,1635562094_820736_gfp.png,1635562094_820736_ph.png,515,421,590,505,515,3182,590,3266,0,2761,1344,4105,6,4064,1673
6,meroclone4,1344,45,43,1635562094_820736.png,1635562094_820736_gfp.png,1635562094_820736_ph.png,218,176,263,219,218,2937,263,2980,0,2761,1344,4105,6,4065,1673
6,paraclone11,1344,75,84,1635562096_101795.png,1635562096_101795_gfp.png,1635562096_101795_ph.png,515,440,590,524,515,3182,590,3266,0,2742,1344,4086,6,4066,1674
6,meroclone4,1344,45,43,1635562096_101795.png,1635562096_101795_gfp.png,1635562096_101795_ph.png,218,195,263,238,218,2937,263,2980,0,2742,1344,4086,6,4067,1674
6,paraclone11,1344,75,84,1635562097_389251.png,1635562097_389251_gfp.png,1635562097_389251_ph.png,515,292,590,376,515,3182,590,3266,0,2890,1344,4234,6,4068,1675
6,meroclone4,1344,45,43,1635562097_389251.png,1635562097_389251_gfp.png,1635562097_389251_ph.png,218,47,263,90,218,2937,263,2980,0,2890,1344,4234,6,4069,1675
6,paraclone3,1344,110,124,1635562098_67402.png,1635562098_67402_gfp.png,1635562098_67402_ph.png,909,454,1019,578,909,2228,1019,2352,0,1774,1344,3118,6,4070,1676
6,meroclone4,1344,45,43,1635562098_67402.png,1635562098_67402_gfp.png,1635562098_67402_ph.png,218,1163,263,1206,218,2937,263,2980,0,1774,1344,3118,6,4071,1676
6,paraclone11,1344,75,84,1635562099_9597719.png,1635562099_9597719_gfp.png,1635562099_9597719_ph.png,515,408,590,492,515,3182,590,3266,0,2774,1344,4118,6,4072,1677
6,meroclone4,1344,45,43,1635562099_9597719.png,1635562099_9597719_gfp.png,1635562099_9597719_ph.png,218,163,263,206,218,2937,263,2980,0,2774,1344,4118,6,4073,1677
6,paraclone3,1344,110,124,1635562101_3355489.png,1635562101_3355489_gfp.png,1635562101_3355489_ph.png,909,235,1019,359,909,2228,1019,2352,0,1993,1344,3337,6,4074,1678
6,paraclone11,1344,75,84,1635562101_3355489.png,1635562101_3355489_gfp.png,1635562101_3355489_ph.png,515,1189,590,1273,515,3182,590,3266,0,1993,1344,3337,6,4075,1678
6,meroclone4,1344,45,43,1635562101_3355489.png,1635562101_3355489_gfp.png,1635562101_3355489_ph.png,218,944,263,987,218,2937,263,2980,0,1993,1344,3337,6,4076,1678
6,paraclone11,1344,75,84,1635562102_624382.png,1635562102_624382_gfp.png,1635562102_624382_ph.png,404,872,479,956,515,3182,590,3266,111,2310,1455,3654,6,4077,1679
6,meroclone4,1344,45,43,1635562102_624382.png,1635562102_624382_gfp.png,1635562102_624382_ph.png,107,627,152,670,218,2937,263,2980,111,2310,1455,3654,6,4078,1679
6,meroclone5,1344,50,74,1635562103_913302.png,1635562103_913302_gfp.png,1635562103_913302_ph.png,873,165,923,239,6957,165,7007,239,6084,0,7428,1344,6,4079,1680
6,meroclone5,1344,50,74,1635562105_202934.png,1635562105_202934_gfp.png,1635562105_202934_ph.png,1137,165,1187,239,6957,165,7007,239,5820,0,7164,1344,6,4080,1681
6,meroclone5,1344,50,74,1635562106_4970481.png,1635562106_4970481_gfp.png,1635562106_4970481_ph.png,666,165,716,239,6957,165,7007,239,6291,0,7635,1344,6,4081,1682
6,meroclone5,1344,50,74,1635562107_7835908.png,1635562107_7835908_gfp.png,1635562107_7835908_ph.png,296,165,346,239,6957,165,7007,239,6661,0,8005,1344,6,4082,1683
6,meroclone5,1344,50,74,1635562109_0710888.png,1635562109_0710888_gfp.png,1635562109_0710888_ph.png,261,165,311,239,6957,165,7007,239,6696,0,8040,1344,6,4083,1684
6,meroclone5,1344,50,74,1635562110_392867.png,1635562110_392867_gfp.png,1635562110_392867_ph.png,482,165,532,239,6957,165,7007,239,6475,0,7819,1344,6,4084,1685
6,meroclone5,1344,50,74,1635562111_674516.png,1635562111_674516_gfp.png,1635562111_674516_ph.png,1288,165,1338,239,6957,165,7007,239,5669,0,7013,1344,6,4085,1686
6,meroclone5,1344,50,74,1635562112_982868.png,1635562112_982868_gfp.png,1635562112_982868_ph.png,782,165,832,239,6957,165,7007,239,6175,0,7519,1344,6,4086,1687
6,meroclone5,1344,50,74,1635562114_267039.png,1635562114_267039_gfp.png,1635562114_267039_ph.png,985,165,1035,239,6957,165,7007,239,5972,0,7316,1344,6,4087,1688
6,meroclone5,1344,50,74,1635562115_552267.png,1635562115_552267_gfp.png,1635562115_552267_ph.png,967,165,1017,239,6957,165,7007,239,5990,0,7334,1344,6,4088,1689
6,holoclone5,1344,149,234,1635562116_8386078.png,1635562116_8386078_gfp.png,1635562116_8386078_ph.png,1,597,150,831,1,597,150,831,0,0,1344,1344,6,4089,1690
6,paraclone17,1344,93,104,1635562116_8386078.png,1635562116_8386078_gfp.png,1635562116_8386078_ph.png,501,1198,594,1302,501,1198,594,1302,0,0,1344,1344,6,4090,1690
6,meroclone11,1344,153,104,1635562116_8386078.png,1635562116_8386078_gfp.png,1635562116_8386078_ph.png,131,834,284,938,131,834,284,938,0,0,1344,1344,6,4091,1690
6,holoclone5,1344,149,234,1635562118_126944.png,1635562118_126944_gfp.png,1635562118_126944_ph.png,1,597,150,831,1,597,150,831,0,0,1344,1344,6,4092,1691
6,paraclone17,1344,93,104,1635562118_126944.png,1635562118_126944_gfp.png,1635562118_126944_ph.png,501,1198,594,1302,501,1198,594,1302,0,0,1344,1344,6,4093,1691
6,meroclone11,1344,153,104,1635562118_126944.png,1635562118_126944_gfp.png,1635562118_126944_ph.png,131,834,284,938,131,834,284,938,0,0,1344,1344,6,4094,1691
6,holoclone5,1344,149,234,1635562119_413669.png,1635562119_413669_gfp.png,1635562119_413669_ph.png,1,597,150,831,1,597,150,831,0,0,1344,1344,6,4095,1692
6,paraclone17,1344,93,104,1635562119_413669.png,1635562119_413669_gfp.png,1635562119_413669_ph.png,501,1198,594,1302,501,1198,594,1302,0,0,1344,1344,6,4096,1692
6,meroclone11,1344,153,104,1635562119_413669.png,1635562119_413669_gfp.png,1635562119_413669_ph.png,131,834,284,938,131,834,284,938,0,0,1344,1344,6,4097,1692
6,holoclone5,1344,149,234,1635562120_691757.png,1635562120_691757_gfp.png,1635562120_691757_ph.png,1,252,150,486,1,597,150,831,0,345,1344,1689,6,4098,1693
6,paraclone17,1344,93,104,1635562120_691757.png,1635562120_691757_gfp.png,1635562120_691757_ph.png,501,853,594,957,501,1198,594,1302,0,345,1344,1689,6,4099,1693
6,meroclone11,1344,153,104,1635562120_691757.png,1635562120_691757_gfp.png,1635562120_691757_ph.png,131,489,284,593,131,834,284,938,0,345,1344,1689,6,4100,1693
6,holoclone5,1344,149,234,1635562121_976869.png,1635562121_976869_gfp.png,1635562121_976869_ph.png,1,597,150,831,1,597,150,831,0,0,1344,1344,6,4101,1694
6,paraclone17,1344,93,104,1635562121_976869.png,1635562121_976869_gfp.png,1635562121_976869_ph.png,501,1198,594,1302,501,1198,594,1302,0,0,1344,1344,6,4102,1694
6,meroclone11,1344,153,104,1635562121_976869.png,1635562121_976869_gfp.png,1635562121_976869_ph.png,131,834,284,938,131,834,284,938,0,0,1344,1344,6,4103,1694
6,holoclone5,1344,149,234,1635562123_263273.png,1635562123_263273_gfp.png,1635562123_263273_ph.png,1,597,150,831,1,597,150,831,0,0,1344,1344,6,4104,1695
6,paraclone17,1344,93,104,1635562123_263273.png,1635562123_263273_gfp.png,1635562123_263273_ph.png,501,1198,594,1302,501,1198,594,1302,0,0,1344,1344,6,4105,1695
6,meroclone11,1344,153,104,1635562123_263273.png,1635562123_263273_gfp.png,1635562123_263273_ph.png,131,834,284,938,131,834,284,938,0,0,1344,1344,6,4106,1695
6,holoclone5,1344,149,234,1635562124_550841.png,1635562124_550841_gfp.png,1635562124_550841_ph.png,1,10,150,244,1,597,150,831,0,587,1344,1931,6,4107,1696
6,paraclone17,1344,93,104,1635562124_550841.png,1635562124_550841_gfp.png,1635562124_550841_ph.png,501,611,594,715,501,1198,594,1302,0,587,1344,1931,6,4108,1696
6,meroclone11,1344,153,104,1635562124_550841.png,1635562124_550841_gfp.png,1635562124_550841_ph.png,131,247,284,351,131,834,284,938,0,587,1344,1931,6,4109,1696
6,holoclone5,1344,149,234,1635562125_8328671.png,1635562125_8328671_gfp.png,1635562125_8328671_ph.png,1,51,150,285,1,597,150,831,0,546,1344,1890,6,4110,1697
6,paraclone17,1344,93,104,1635562125_8328671.png,1635562125_8328671_gfp.png,1635562125_8328671_ph.png,501,652,594,756,501,1198,594,1302,0,546,1344,1890,6,4111,1697
6,meroclone11,1344,153,104,1635562125_8328671.png,1635562125_8328671_gfp.png,1635562125_8328671_ph.png,131,288,284,392,131,834,284,938,0,546,1344,1890,6,4112,1697
6,holoclone5,1344,149,234,1635562127_118627.png,1635562127_118627_gfp.png,1635562127_118627_ph.png,1,503,150,737,1,597,150,831,0,94,1344,1438,6,4113,1698
6,paraclone17,1344,93,104,1635562127_118627.png,1635562127_118627_gfp.png,1635562127_118627_ph.png,501,1104,594,1208,501,1198,594,1302,0,94,1344,1438,6,4114,1698
6,meroclone11,1344,153,104,1635562127_118627.png,1635562127_118627_gfp.png,1635562127_118627_ph.png,131,740,284,844,131,834,284,938,0,94,1344,1438,6,4115,1698
6,holoclone5,1344,149,234,1635562128_401072.png,1635562128_401072_gfp.png,1635562128_401072_ph.png,1,597,150,831,1,597,150,831,0,0,1344,1344,6,4116,1699
6,paraclone17,1344,93,104,1635562128_401072.png,1635562128_401072_gfp.png,1635562128_401072_ph.png,501,1198,594,1302,501,1198,594,1302,0,0,1344,1344,6,4117,1699
6,meroclone11,1344,153,104,1635562128_401072.png,1635562128_401072_gfp.png,1635562128_401072_ph.png,131,834,284,938,131,834,284,938,0,0,1344,1344,6,4118,1699
6,paraclone12,1344,64,63,1635562129_683996.png,1635562129_683996_gfp.png,1635562129_683996_ph.png,119,332,183,395,2288,1653,2352,1716,2169,1321,3513,2665,6,4119,1700
6,paraclone12,1344,64,63,1635562130_970262.png,1635562130_970262_gfp.png,1635562130_970262_ph.png,409,355,473,418,2288,1653,2352,1716,1879,1298,3223,2642,6,4120,1701
6,paraclone12,1344,64,63,1635562132_256844.png,1635562132_256844_gfp.png,1635562132_256844_ph.png,372,819,436,882,2288,1653,2352,1716,1916,834,3260,2178,6,4121,1702
6,holoclone6,1344,124,141,1635562132_256844.png,1635562132_256844_gfp.png,1635562132_256844_ph.png,587,46,711,187,2503,880,2627,1021,1916,834,3260,2178,6,4122,1702
6,paraclone18,1344,52,65,1635562132_256844.png,1635562132_256844_gfp.png,1635562132_256844_ph.png,976,275,1028,340,2892,1109,2944,1174,1916,834,3260,2178,6,4123,1702
6,paraclone12,1344,64,63,1635562133_541621.png,1635562133_541621_gfp.png,1635562133_541621_ph.png,507,333,571,396,2288,1653,2352,1716,1781,1320,3125,2664,6,4124,1703
6,paraclone12,1344,64,63,1635562134_828725.png,1635562134_828725_gfp.png,1635562134_828725_ph.png,55,941,119,1004,2288,1653,2352,1716,2233,712,3577,2056,6,4125,1704
6,holoclone6,1344,124,141,1635562134_828725.png,1635562134_828725_gfp.png,1635562134_828725_ph.png,270,168,394,309,2503,880,2627,1021,2233,712,3577,2056,6,4126,1704
6,paraclone18,1344,52,65,1635562134_828725.png,1635562134_828725_gfp.png,1635562134_828725_ph.png,659,397,711,462,2892,1109,2944,1174,2233,712,3577,2056,6,4127,1704
6,paraclone12,1344,64,63,1635562136_115663.png,1635562136_115663_gfp.png,1635562136_115663_ph.png,505,760,569,823,2288,1653,2352,1716,1783,893,3127,2237,6,4128,1705
6,paraclone18,1344,52,65,1635562136_115663.png,1635562136_115663_gfp.png,1635562136_115663_ph.png,1109,216,1161,281,2892,1109,2944,1174,1783,893,3127,2237,6,4129,1705
6,paraclone12,1344,64,63,1635562137_4028769.png,1635562137_4028769_gfp.png,1635562137_4028769_ph.png,570,342,634,405,2288,1653,2352,1716,1718,1311,3062,2655,6,4130,1706
6,paraclone12,1344,64,63,1635562138_68987.png,1635562138_68987_gfp.png,1635562138_68987_ph.png,1062,962,1126,1025,2288,1653,2352,1716,1226,691,2570,2035,6,4131,1707
6,paraclone12,1344,64,63,1635562139_974187.png,1635562139_974187_gfp.png,1635562139_974187_ph.png,1079,305,1143,368,2288,1653,2352,1716,1209,1348,2553,2692,6,4132,1708
6,paraclone12,1344,64,63,1635562141_257938.png,1635562141_257938_gfp.png,1635562141_257938_ph.png,699,651,763,714,2288,1653,2352,1716,1589,1002,2933,2346,6,4133,1709
6,paraclone12,1344,64,63,1635562142_5456681.png,1635562142_5456681_gfp.png,1635562142_5456681_ph.png,212,936,276,999,2288,1653,2352,1716,2076,717,3420,2061,6,4134,1710
6,holoclone6,1344,124,141,1635562142_5456681.png,1635562142_5456681_gfp.png,1635562142_5456681_ph.png,427,163,551,304,2503,880,2627,1021,2076,717,3420,2061,6,4135,1710
6,paraclone18,1344,52,65,1635562142_5456681.png,1635562142_5456681_gfp.png,1635562142_5456681_ph.png,816,392,868,457,2892,1109,2944,1174,2076,717,3420,2061,6,4136,1710
6,paraclone12,1344,64,63,1635562143_8330371.png,1635562143_8330371_gfp.png,1635562143_8330371_ph.png,757,1020,821,1083,2288,1653,2352,1716,1531,633,2875,1977,6,4137,1711
6,holoclone6,1344,124,141,1635562143_8330371.png,1635562143_8330371_gfp.png,1635562143_8330371_ph.png,972,247,1096,388,2503,880,2627,1021,1531,633,2875,1977,6,4138,1711
6,holoclone6,1344,124,141,1635562145_1199841.png,1635562145_1199841_gfp.png,1635562145_1199841_ph.png,433,880,557,1021,2503,880,2627,1021,2070,0,3414,1344,6,4139,1712
6,meroclone7,1344,90,94,1635562145_1199841.png,1635562145_1199841_gfp.png,1635562145_1199841_ph.png,527,218,617,312,2597,218,2687,312,2070,0,3414,1344,6,4140,1712
6,paraclone18,1344,52,65,1635562145_1199841.png,1635562145_1199841_gfp.png,1635562145_1199841_ph.png,822,1109,874,1174,2892,1109,2944,1174,2070,0,3414,1344,6,4141,1712
6,holoclone6,1344,124,141,1635562146_41018.png,1635562146_41018_gfp.png,1635562146_41018_ph.png,601,880,725,1021,2503,880,2627,1021,1902,0,3246,1344,6,4142,1713
6,meroclone7,1344,90,94,1635562146_41018.png,1635562146_41018_gfp.png,1635562146_41018_ph.png,695,218,785,312,2597,218,2687,312,1902,0,3246,1344,6,4143,1713
6,paraclone18,1344,52,65,1635562146_41018.png,1635562146_41018_gfp.png,1635562146_41018_ph.png,990,1109,1042,1174,2892,1109,2944,1174,1902,0,3246,1344,6,4144,1713
6,paraclone12,1344,64,63,1635562147_692781.png,1635562147_692781_gfp.png,1635562147_692781_ph.png,172,1025,236,1088,2288,1653,2352,1716,2116,628,3460,1972,6,4145,1714
6,holoclone6,1344,124,141,1635562147_692781.png,1635562147_692781_gfp.png,1635562147_692781_ph.png,387,252,511,393,2503,880,2627,1021,2116,628,3460,1972,6,4146,1714
6,paraclone18,1344,52,65,1635562147_692781.png,1635562147_692781_gfp.png,1635562147_692781_ph.png,776,481,828,546,2892,1109,2944,1174,2116,628,3460,1972,6,4147,1714
6,holoclone6,1344,124,141,1635562148_989693.png,1635562148_989693_gfp.png,1635562148_989693_ph.png,772,612,896,753,2503,880,2627,1021,1731,268,3075,1612,6,4148,1715
6,paraclone18,1344,52,65,1635562148_989693.png,1635562148_989693_gfp.png,1635562148_989693_ph.png,1161,841,1213,906,2892,1109,2944,1174,1731,268,3075,1612,6,4149,1715
6,paraclone12,1344,64,63,1635562150_274165.png,1635562150_274165_gfp.png,1635562150_274165_ph.png,858,1253,922,1316,2288,1653,2352,1716,1430,400,2774,1744,6,4150,1716
6,holoclone6,1344,124,141,1635562150_274165.png,1635562150_274165_gfp.png,1635562150_274165_ph.png,1073,480,1197,621,2503,880,2627,1021,1430,400,2774,1744,6,4151,1716
6,holoclone6,1344,124,141,1635562151_561462.png,1635562151_561462_gfp.png,1635562151_561462_ph.png,619,741,743,882,2503,880,2627,1021,1884,139,3228,1483,6,4152,1717
6,meroclone7,1344,90,94,1635562151_561462.png,1635562151_561462_gfp.png,1635562151_561462_ph.png,713,79,803,173,2597,218,2687,312,1884,139,3228,1483,6,4153,1717
6,paraclone18,1344,52,65,1635562151_561462.png,1635562151_561462_gfp.png,1635562151_561462_ph.png,1008,970,1060,1035,2892,1109,2944,1174,1884,139,3228,1483,6,4154,1717
6,holoclone6,1344,124,141,1635562152_852201.png,1635562152_852201_gfp.png,1635562152_852201_ph.png,331,880,455,1021,2503,880,2627,1021,2172,0,3516,1344,6,4155,1718
6,meroclone7,1344,90,94,1635562152_852201.png,1635562152_852201_gfp.png,1635562152_852201_ph.png,425,218,515,312,2597,218,2687,312,2172,0,3516,1344,6,4156,1718
6,paraclone18,1344,52,65,1635562152_852201.png,1635562152_852201_gfp.png,1635562152_852201_ph.png,720,1109,772,1174,2892,1109,2944,1174,2172,0,3516,1344,6,4157,1718
6,holoclone6,1344,124,141,1635562154_142668.png,1635562154_142668_gfp.png,1635562154_142668_ph.png,282,789,406,930,2503,880,2627,1021,2221,91,3565,1435,6,4158,1719
6,meroclone7,1344,90,94,1635562154_142668.png,1635562154_142668_gfp.png,1635562154_142668_ph.png,376,127,466,221,2597,218,2687,312,2221,91,3565,1435,6,4159,1719
6,paraclone18,1344,52,65,1635562154_142668.png,1635562154_142668_gfp.png,1635562154_142668_ph.png,671,1018,723,1083,2892,1109,2944,1174,2221,91,3565,1435,6,4160,1719
6,holoclone7,1344,108,111,1635562155_447773.png,1635562155_447773_gfp.png,1635562155_447773_ph.png,818,281,926,392,3713,832,3821,943,2895,551,4239,1895,6,4161,1720
6,meroclone10,1344,55,56,1635562155_447773.png,1635562155_447773_gfp.png,1635562155_447773_ph.png,1121,421,1176,477,4016,972,4071,1028,2895,551,4239,1895,6,4162,1720
6,holoclone7,1344,108,111,1635562156_736216.png,1635562156_736216_gfp.png,1635562156_736216_ph.png,522,832,630,943,3713,832,3821,943,3191,0,4535,1344,6,4163,1721
6,meroclone6,1344,167,60,1635562156_736216.png,1635562156_736216_gfp.png,1635562156_736216_ph.png,1100,14,1267,74,4291,14,4458,74,3191,0,4535,1344,6,4164,1721
6,meroclone10,1344,55,56,1635562156_736216.png,1635562156_736216_gfp.png,1635562156_736216_ph.png,825,972,880,1028,4016,972,4071,1028,3191,0,4535,1344,6,4165,1721
6,holoclone7,1344,108,111,1635562158_061904.png,1635562158_061904_gfp.png,1635562158_061904_ph.png,285,406,393,517,3713,832,3821,943,3428,426,4772,1770,6,4166,1722
6,paraclone13,1344,81,79,1635562158_061904.png,1635562158_061904_gfp.png,1635562158_061904_ph.png,990,1142,1071,1221,4418,1568,4499,1647,3428,426,4772,1770,6,4167,1722
6,meroclone10,1344,55,56,1635562158_061904.png,1635562158_061904_gfp.png,1635562158_061904_ph.png,588,546,643,602,4016,972,4071,1028,3428,426,4772,1770,6,4168,1722
6,holoclone7,1344,108,111,1635562159_36127.png,1635562159_36127_gfp.png,1635562159_36127_ph.png,941,832,1049,943,3713,832,3821,943,2772,0,4116,1344,6,4169,1723
6,paraclone18,1344,52,65,1635562159_36127.png,1635562159_36127_gfp.png,1635562159_36127_ph.png,120,1109,172,1174,2892,1109,2944,1174,2772,0,4116,1344,6,4170,1723
6,meroclone10,1344,55,56,1635562159_36127.png,1635562159_36127_gfp.png,1635562159_36127_ph.png,1244,972,1299,1028,4016,972,4071,1028,2772,0,4116,1344,6,4171,1723
6,holoclone7,1344,108,111,1635562160_6816.png,1635562160_6816_gfp.png,1635562160_6816_ph.png,994,710,1102,821,3713,832,3821,943,2719,122,4063,1466,6,4172,1724
6,paraclone18,1344,52,65,1635562160_6816.png,1635562160_6816_gfp.png,1635562160_6816_ph.png,173,987,225,1052,2892,1109,2944,1174,2719,122,4063,1466,6,4173,1724
6,holoclone7,1344,108,111,1635562161_968786.png,1635562161_968786_gfp.png,1635562161_968786_ph.png,213,832,321,943,3713,832,3821,943,3500,0,4844,1344,6,4174,1725
6,meroclone6,1344,167,60,1635562161_968786.png,1635562161_968786_gfp.png,1635562161_968786_ph.png,791,14,958,74,4291,14,4458,74,3500,0,4844,1344,6,4175,1725
6,meroclone10,1344,55,56,1635562161_968786.png,1635562161_968786_gfp.png,1635562161_968786_ph.png,516,972,571,1028,4016,972,4071,1028,3500,0,4844,1344,6,4176,1725
6,holoclone7,1344,108,111,1635562163_2563531.png,1635562163_2563531_gfp.png,1635562163_2563531_ph.png,409,832,517,943,3713,832,3821,943,3304,0,4648,1344,6,4177,1726
6,meroclone6,1344,167,60,1635562163_2563531.png,1635562163_2563531_gfp.png,1635562163_2563531_ph.png,987,14,1154,74,4291,14,4458,74,3304,0,4648,1344,6,4178,1726
6,meroclone10,1344,55,56,1635562163_2563531.png,1635562163_2563531_gfp.png,1635562163_2563531_ph.png,712,972,767,1028,4016,972,4071,1028,3304,0,4648,1344,6,4179,1726
6,holoclone7,1344,108,111,1635562164_5456269.png,1635562164_5456269_gfp.png,1635562164_5456269_ph.png,727,496,835,607,3713,832,3821,943,2986,336,4330,1680,6,4180,1727
6,meroclone10,1344,55,56,1635562164_5456269.png,1635562164_5456269_gfp.png,1635562164_5456269_ph.png,1030,636,1085,692,4016,972,4071,1028,2986,336,4330,1680,6,4181,1727
6,holoclone7,1344,108,111,1635562165_835456.png,1635562165_835456_gfp.png,1635562165_835456_ph.png,1189,472,1297,583,3713,832,3821,943,2524,360,3868,1704,6,4182,1728
6,paraclone18,1344,52,65,1635562165_835456.png,1635562165_835456_gfp.png,1635562165_835456_ph.png,368,749,420,814,2892,1109,2944,1174,2524,360,3868,1704,6,4183,1728
6,holoclone7,1344,108,111,1635562167_1341.png,1635562167_1341_gfp.png,1635562167_1341_ph.png,53,832,161,943,3713,832,3821,943,3660,0,5004,1344,6,4184,1729
6,meroclone6,1344,167,60,1635562167_1341.png,1635562167_1341_gfp.png,1635562167_1341_ph.png,631,14,798,74,4291,14,4458,74,3660,0,5004,1344,6,4185,1729
6,meroclone10,1344,55,56,1635562167_1341.png,1635562167_1341_gfp.png,1635562167_1341_ph.png,356,972,411,1028,4016,972,4071,1028,3660,0,5004,1344,6,4186,1729
6,paraclone13,1344,81,79,1635562168_419371.png,1635562168_419371_gfp.png,1635562168_419371_ph.png,157,620,238,699,4418,1568,4499,1647,4261,948,5605,2292,6,4187,1730
6,paraclone15,1344,102,92,1635562168_419371.png,1635562168_419371_gfp.png,1635562168_419371_ph.png,477,663,579,755,4738,1611,4840,1703,4261,948,5605,2292,6,4188,1730
6,holoclone7,1344,108,111,1635562169_706073.png,1635562169_706073_gfp.png,1635562169_706073_ph.png,432,349,540,460,3713,832,3821,943,3281,483,4625,1827,6,4189,1731
6,paraclone13,1344,81,79,1635562169_706073.png,1635562169_706073_gfp.png,1635562169_706073_ph.png,1137,1085,1218,1164,4418,1568,4499,1647,3281,483,4625,1827,6,4190,1731
6,meroclone10,1344,55,56,1635562169_706073.png,1635562169_706073_gfp.png,1635562169_706073_ph.png,735,489,790,545,4016,972,4071,1028,3281,483,4625,1827,6,4191,1731
6,paraclone13,1344,81,79,1635562170_9933922.png,1635562170_9933922_gfp.png,1635562170_9933922_ph.png,235,976,316,1055,4418,1568,4499,1647,4183,592,5527,1936,6,4192,1732
6,paraclone15,1344,102,92,1635562170_9933922.png,1635562170_9933922_gfp.png,1635562170_9933922_ph.png,555,1019,657,1111,4738,1611,4840,1703,4183,592,5527,1936,6,4193,1732
6,paraclone13,1344,81,79,1635562172_279742.png,1635562172_279742_gfp.png,1635562172_279742_ph.png,527,37,608,116,4418,1568,4499,1647,3891,1531,5235,2875,6,4194,1733
6,paraclone15,1344,102,92,1635562172_279742.png,1635562172_279742_gfp.png,1635562172_279742_ph.png,847,80,949,172,4738,1611,4840,1703,3891,1531,5235,2875,6,4195,1733
6,paraclone13,1344,81,79,1635562173_568152.png,1635562173_568152_gfp.png,1635562173_568152_ph.png,218,1173,299,1252,4418,1568,4499,1647,4200,395,5544,1739,6,4196,1734
6,paraclone15,1344,102,92,1635562173_568152.png,1635562173_568152_gfp.png,1635562173_568152_ph.png,538,1216,640,1308,4738,1611,4840,1703,4200,395,5544,1739,6,4197,1734
6,holoclone7,1344,108,111,1635562175_052576.png,1635562175_052576_gfp.png,1635562175_052576_ph.png,519,246,627,357,3713,832,3821,943,3194,586,4538,1930,6,4198,1735
6,paraclone13,1344,81,79,1635562175_052576.png,1635562175_052576_gfp.png,1635562175_052576_ph.png,1224,982,1305,1061,4418,1568,4499,1647,3194,586,4538,1930,6,4199,1735
6,meroclone10,1344,55,56,1635562175_052576.png,1635562175_052576_gfp.png,1635562175_052576_ph.png,822,386,877,442,4016,972,4071,1028,3194,586,4538,1930,6,4200,1735
6,holoclone7,1344,108,111,1635562176_40583.png,1635562176_40583_gfp.png,1635562176_40583_ph.png,83,149,191,260,3713,832,3821,943,3630,683,4974,2027,6,4201,1736
6,paraclone13,1344,81,79,1635562176_40583.png,1635562176_40583_gfp.png,1635562176_40583_ph.png,788,885,869,964,4418,1568,4499,1647,3630,683,4974,2027,6,4202,1736
6,paraclone15,1344,102,92,1635562176_40583.png,1635562176_40583_gfp.png,1635562176_40583_ph.png,1108,928,1210,1020,4738,1611,4840,1703,3630,683,4974,2027,6,4203,1736
6,meroclone10,1344,55,56,1635562176_40583.png,1635562176_40583_gfp.png,1635562176_40583_ph.png,386,289,441,345,4016,972,4071,1028,3630,683,4974,2027,6,4204,1736
6,holoclone7,1344,108,111,1635562177_74405.png,1635562177_74405_gfp.png,1635562177_74405_ph.png,279,297,387,408,3713,832,3821,943,3434,535,4778,1879,6,4205,1737
6,paraclone13,1344,81,79,1635562177_74405.png,1635562177_74405_gfp.png,1635562177_74405_ph.png,984,1033,1065,1112,4418,1568,4499,1647,3434,535,4778,1879,6,4206,1737
6,meroclone10,1344,55,56,1635562177_74405.png,1635562177_74405_gfp.png,1635562177_74405_ph.png,582,437,637,493,4016,972,4071,1028,3434,535,4778,1879,6,4207,1737
6,paraclone13,1344,81,79,1635562179_141131.png,1635562179_141131_gfp.png,1635562179_141131_ph.png,493,215,574,294,4418,1568,4499,1647,3925,1353,5269,2697,6,4208,1738
6,paraclone15,1344,102,92,1635562179_141131.png,1635562179_141131_gfp.png,1635562179_141131_ph.png,813,258,915,350,4738,1611,4840,1703,3925,1353,5269,2697,6,4209,1738
6,holoclone7,1344,108,111,1635562180_501633.png,1635562180_501633_gfp.png,1635562180_501633_ph.png,61,503,169,614,3713,832,3821,943,3652,329,4996,1673,6,4210,1739
6,paraclone13,1344,81,79,1635562180_501633.png,1635562180_501633_gfp.png,1635562180_501633_ph.png,766,1239,847,1318,4418,1568,4499,1647,3652,329,4996,1673,6,4211,1739
6,meroclone10,1344,55,56,1635562180_501633.png,1635562180_501633_gfp.png,1635562180_501633_ph.png,364,643,419,699,4016,972,4071,1028,3652,329,4996,1673,6,4212,1739
6,holoclone7,1344,108,111,1635562181_787868.png,1635562181_787868_gfp.png,1635562181_787868_ph.png,167,832,275,943,3713,832,3821,943,3546,0,4890,1344,6,4213,1740
6,meroclone6,1344,167,60,1635562181_787868.png,1635562181_787868_gfp.png,1635562181_787868_ph.png,745,14,912,74,4291,14,4458,74,3546,0,4890,1344,6,4214,1740
6,meroclone10,1344,55,56,1635562181_787868.png,1635562181_787868_gfp.png,1635562181_787868_ph.png,470,972,525,1028,4016,972,4071,1028,3546,0,4890,1344,6,4215,1740
6,holoclone7,1344,108,111,1635562183_079037.png,1635562183_079037_gfp.png,1635562183_079037_ph.png,584,832,692,943,3713,832,3821,943,3129,0,4473,1344,6,4216,1741
6,meroclone6,1344,167,60,1635562183_079037.png,1635562183_079037_gfp.png,1635562183_079037_ph.png,1162,14,1329,74,4291,14,4458,74,3129,0,4473,1344,6,4217,1741
6,meroclone10,1344,55,56,1635562183_079037.png,1635562183_079037_gfp.png,1635562183_079037_ph.png,887,972,942,1028,4016,972,4071,1028,3129,0,4473,1344,6,4218,1741
6,holoclone7,1344,108,111,1635562184_367947.png,1635562184_367947_gfp.png,1635562184_367947_ph.png,83,832,191,943,3713,832,3821,943,3630,0,4974,1344,6,4219,1742
6,meroclone6,1344,167,60,1635562184_367947.png,1635562184_367947_gfp.png,1635562184_367947_ph.png,661,14,828,74,4291,14,4458,74,3630,0,4974,1344,6,4220,1742
6,meroclone10,1344,55,56,1635562184_367947.png,1635562184_367947_gfp.png,1635562184_367947_ph.png,386,972,441,1028,4016,972,4071,1028,3630,0,4974,1344,6,4221,1742
6,meroclone6,1344,167,60,1635562185_669334.png,1635562185_669334_gfp.png,1635562185_669334_ph.png,171,14,338,74,4291,14,4458,74,4120,0,5464,1344,6,4222,1743
6,meroclone6,1344,167,60,1635562186_972239.png,1635562186_972239_gfp.png,1635562186_972239_ph.png,338,14,505,74,4291,14,4458,74,3953,0,5297,1344,6,4223,1744
6,meroclone10,1344,55,56,1635562186_972239.png,1635562186_972239_gfp.png,1635562186_972239_ph.png,63,972,118,1028,4016,972,4071,1028,3953,0,5297,1344,6,4224,1744
6,meroclone6,1344,167,60,1635562188_266057.png,1635562188_266057_gfp.png,1635562188_266057_ph.png,100,14,267,74,4291,14,4458,74,4191,0,5535,1344,6,4225,1745
6,holoclone7,1344,108,111,1635562189_689595.png,1635562189_689595_gfp.png,1635562189_689595_ph.png,133,832,241,943,3713,832,3821,943,3580,0,4924,1344,6,4226,1746
6,meroclone6,1344,167,60,1635562189_689595.png,1635562189_689595_gfp.png,1635562189_689595_ph.png,711,14,878,74,4291,14,4458,74,3580,0,4924,1344,6,4227,1746
6,meroclone10,1344,55,56,1635562189_689595.png,1635562189_689595_gfp.png,1635562189_689595_ph.png,436,972,491,1028,4016,972,4071,1028,3580,0,4924,1344,6,4228,1746
6,meroclone6,1344,167,60,1635562191_1225102.png,1635562191_1225102_gfp.png,1635562191_1225102_ph.png,328,14,495,74,4291,14,4458,74,3963,0,5307,1344,6,4229,1747
6,meroclone10,1344,55,56,1635562191_1225102.png,1635562191_1225102_gfp.png,1635562191_1225102_ph.png,53,972,108,1028,4016,972,4071,1028,3963,0,5307,1344,6,4230,1747
6,meroclone6,1344,167,60,1635562192_779024.png,1635562192_779024_gfp.png,1635562192_779024_ph.png,55,14,222,74,4291,14,4458,74,4236,0,5580,1344,6,4231,1748
6,meroclone6,1344,167,60,1635562194_142868.png,1635562194_142868_gfp.png,1635562194_142868_ph.png,184,14,351,74,4291,14,4458,74,4107,0,5451,1344,6,4232,1749
6,meroclone1,1344,115,134,1635562195_6426508.png,1635562195_6426508_gfp.png,1635562195_6426508_ph.png,948,1005,1063,1139,5540,1459,5655,1593,4592,454,5936,1798,6,4233,1750
6,paraclone15,1344,102,92,1635562195_6426508.png,1635562195_6426508_gfp.png,1635562195_6426508_ph.png,146,1157,248,1249,4738,1611,4840,1703,4592,454,5936,1798,6,4234,1750
6,meroclone1,1344,115,134,1635562197_0430698.png,1635562197_0430698_gfp.png,1635562197_0430698_ph.png,1082,709,1197,843,5540,1459,5655,1593,4458,750,5802,2094,6,4235,1751
6,paraclone15,1344,102,92,1635562197_0430698.png,1635562197_0430698_gfp.png,1635562197_0430698_ph.png,280,861,382,953,4738,1611,4840,1703,4458,750,5802,2094,6,4236,1751
6,paraclone13,1344,81,79,1635562198_494773.png,1635562198_494773_gfp.png,1635562198_494773_ph.png,525,46,606,125,4418,1568,4499,1647,3893,1522,5237,2866,6,4237,1752
6,paraclone15,1344,102,92,1635562198_494773.png,1635562198_494773_gfp.png,1635562198_494773_ph.png,845,89,947,181,4738,1611,4840,1703,3893,1522,5237,2866,6,4238,1752
6,meroclone1,1344,115,134,1635562199_791235.png,1635562199_791235_gfp.png,1635562199_791235_ph.png,1130,268,1245,402,5540,1459,5655,1593,4410,1191,5754,2535,6,4239,1753
6,paraclone13,1344,81,79,1635562199_791235.png,1635562199_791235_gfp.png,1635562199_791235_ph.png,8,377,89,456,4418,1568,4499,1647,4410,1191,5754,2535,6,4240,1753
6,paraclone15,1344,102,92,1635562199_791235.png,1635562199_791235_gfp.png,1635562199_791235_ph.png,328,420,430,512,4738,1611,4840,1703,4410,1191,5754,2535,6,4241,1753
6,meroclone1,1344,115,134,1635562201_1591911.png,1635562201_1591911_gfp.png,1635562201_1591911_ph.png,1219,51,1334,185,5540,1459,5655,1593,4321,1408,5665,2752,6,4242,1754
6,paraclone13,1344,81,79,1635562201_1591911.png,1635562201_1591911_gfp.png,1635562201_1591911_ph.png,97,160,178,239,4418,1568,4499,1647,4321,1408,5665,2752,6,4243,1754
6,paraclone15,1344,102,92,1635562201_1591911.png,1635562201_1591911_gfp.png,1635562201_1591911_ph.png,417,203,519,295,4738,1611,4840,1703,4321,1408,5665,2752,6,4244,1754
6,paraclone2,1344,96,47,1635562202_483825.png,1635562202_483825_gfp.png,1635562202_483825_ph.png,212,1297,308,1344,3744,2872,3840,2919,3532,1575,4876,2919,6,4245,1755
6,paraclone15,1344,102,92,1635562202_483825.png,1635562202_483825_gfp.png,1635562202_483825_ph.png,1206,36,1308,128,4738,1611,4840,1703,3532,1575,4876,2919,6,4246,1755
6,meroclone1,1344,115,134,1635562203_787593.png,1635562203_787593_gfp.png,1635562203_787593_ph.png,944,660,1059,794,5540,1459,5655,1593,4596,799,5940,2143,6,4247,1756
6,paraclone15,1344,102,92,1635562203_787593.png,1635562203_787593_gfp.png,1635562203_787593_ph.png,142,812,244,904,4738,1611,4840,1703,4596,799,5940,2143,6,4248,1756
6,meroclone1,1344,115,134,1635562205_080252.png,1635562205_080252_gfp.png,1635562205_080252_ph.png,846,373,961,507,5540,1459,5655,1593,4694,1086,6038,2430,6,4249,1757
6,paraclone15,1344,102,92,1635562205_080252.png,1635562205_080252_gfp.png,1635562205_080252_ph.png,44,525,146,617,4738,1611,4840,1703,4694,1086,6038,2430,6,4250,1757
6,paraclone13,1344,81,79,1635562206_369371.png,1635562206_369371_gfp.png,1635562206_369371_ph.png,825,164,906,243,4418,1568,4499,1647,3593,1404,4937,2748,6,4251,1758
6,paraclone15,1344,102,92,1635562206_369371.png,1635562206_369371_gfp.png,1635562206_369371_ph.png,1145,207,1247,299,4738,1611,4840,1703,3593,1404,4937,2748,6,4252,1758
6,paraclone13,1344,81,79,1635562207_664955.png,1635562207_664955_gfp.png,1635562207_664955_ph.png,544,435,625,514,4418,1568,4499,1647,3874,1133,5218,2477,6,4253,1759
6,paraclone15,1344,102,92,1635562207_664955.png,1635562207_664955_gfp.png,1635562207_664955_ph.png,864,478,966,570,4738,1611,4840,1703,3874,1133,5218,2477,6,4254,1759
6,holoclone6,1344,124,141,1635562209_058742.png,1635562209_058742_gfp.png,1635562209_058742_ph.png,427,880,551,1021,2503,880,2627,1021,2076,0,3420,1344,6,4255,1760
6,meroclone7,1344,90,94,1635562209_058742.png,1635562209_058742_gfp.png,1635562209_058742_ph.png,521,218,611,312,2597,218,2687,312,2076,0,3420,1344,6,4256,1760
6,paraclone18,1344,52,65,1635562209_058742.png,1635562209_058742_gfp.png,1635562209_058742_ph.png,816,1109,868,1174,2892,1109,2944,1174,2076,0,3420,1344,6,4257,1760
6,holoclone6,1344,124,141,1635562210_400527.png,1635562210_400527_gfp.png,1635562210_400527_ph.png,675,880,799,1021,2503,880,2627,1021,1828,0,3172,1344,6,4258,1761
6,meroclone7,1344,90,94,1635562210_400527.png,1635562210_400527_gfp.png,1635562210_400527_ph.png,769,218,859,312,2597,218,2687,312,1828,0,3172,1344,6,4259,1761
6,paraclone18,1344,52,65,1635562210_400527.png,1635562210_400527_gfp.png,1635562210_400527_ph.png,1064,1109,1116,1174,2892,1109,2944,1174,1828,0,3172,1344,6,4260,1761
6,holoclone6,1344,124,141,1635562211_970346.png,1635562211_970346_gfp.png,1635562211_970346_ph.png,950,880,1074,1021,2503,880,2627,1021,1553,0,2897,1344,6,4261,1762
6,meroclone7,1344,90,94,1635562211_970346.png,1635562211_970346_gfp.png,1635562211_970346_ph.png,1044,218,1134,312,2597,218,2687,312,1553,0,2897,1344,6,4262,1762
6,holoclone6,1344,124,141,1635562213_3080251.png,1635562213_3080251_gfp.png,1635562213_3080251_ph.png,700,880,824,1021,2503,880,2627,1021,1803,0,3147,1344,6,4263,1763
6,meroclone7,1344,90,94,1635562213_3080251.png,1635562213_3080251_gfp.png,1635562213_3080251_ph.png,794,218,884,312,2597,218,2687,312,1803,0,3147,1344,6,4264,1763
6,paraclone18,1344,52,65,1635562213_3080251.png,1635562213_3080251_gfp.png,1635562213_3080251_ph.png,1089,1109,1141,1174,2892,1109,2944,1174,1803,0,3147,1344,6,4265,1763
6,holoclone6,1344,124,141,1635562214_616864.png,1635562214_616864_gfp.png,1635562214_616864_ph.png,28,880,152,1021,2503,880,2627,1021,2475,0,3819,1344,6,4266,1764
6,meroclone7,1344,90,94,1635562214_616864.png,1635562214_616864_gfp.png,1635562214_616864_ph.png,122,218,212,312,2597,218,2687,312,2475,0,3819,1344,6,4267,1764
6,paraclone18,1344,52,65,1635562214_616864.png,1635562214_616864_gfp.png,1635562214_616864_ph.png,417,1109,469,1174,2892,1109,2944,1174,2475,0,3819,1344,6,4268,1764
6,holoclone6,1344,124,141,1635562215_9197161.png,1635562215_9197161_gfp.png,1635562215_9197161_ph.png,477,880,601,1021,2503,880,2627,1021,2026,0,3370,1344,6,4269,1765
6,meroclone7,1344,90,94,1635562215_9197161.png,1635562215_9197161_gfp.png,1635562215_9197161_ph.png,571,218,661,312,2597,218,2687,312,2026,0,3370,1344,6,4270,1765
6,paraclone18,1344,52,65,1635562215_9197161.png,1635562215_9197161_gfp.png,1635562215_9197161_ph.png,866,1109,918,1174,2892,1109,2944,1174,2026,0,3370,1344,6,4271,1765
6,holoclone6,1344,124,141,1635562217_242473.png,1635562217_242473_gfp.png,1635562217_242473_ph.png,1111,880,1235,1021,2503,880,2627,1021,1392,0,2736,1344,6,4272,1766
6,meroclone7,1344,90,94,1635562217_242473.png,1635562217_242473_gfp.png,1635562217_242473_ph.png,1205,218,1295,312,2597,218,2687,312,1392,0,2736,1344,6,4273,1766
6,holoclone6,1344,124,141,1635562218_56128.png,1635562218_56128_gfp.png,1635562218_56128_ph.png,156,880,280,1021,2503,880,2627,1021,2347,0,3691,1344,6,4274,1767
6,meroclone7,1344,90,94,1635562218_56128.png,1635562218_56128_gfp.png,1635562218_56128_ph.png,250,218,340,312,2597,218,2687,312,2347,0,3691,1344,6,4275,1767
6,paraclone18,1344,52,65,1635562218_56128.png,1635562218_56128_gfp.png,1635562218_56128_ph.png,545,1109,597,1174,2892,1109,2944,1174,2347,0,3691,1344,6,4276,1767
6,holoclone7,1344,108,111,1635562219_9406478.png,1635562219_9406478_gfp.png,1635562219_9406478_ph.png,1163,765,1271,876,3713,832,3821,943,2550,67,3894,1411,6,4277,1768
6,meroclone7,1344,90,94,1635562219_9406478.png,1635562219_9406478_gfp.png,1635562219_9406478_ph.png,47,151,137,245,2597,218,2687,312,2550,67,3894,1411,6,4278,1768
6,paraclone18,1344,52,65,1635562219_9406478.png,1635562219_9406478_gfp.png,1635562219_9406478_ph.png,342,1042,394,1107,2892,1109,2944,1174,2550,67,3894,1411,6,4279,1768
6,holoclone6,1344,124,141,1635562221_357271.png,1635562221_357271_gfp.png,1635562221_357271_ph.png,711,757,835,898,2503,880,2627,1021,1792,123,3136,1467,6,4280,1769
6,meroclone7,1344,90,94,1635562221_357271.png,1635562221_357271_gfp.png,1635562221_357271_ph.png,805,95,895,189,2597,218,2687,312,1792,123,3136,1467,6,4281,1769
6,paraclone18,1344,52,65,1635562221_357271.png,1635562221_357271_gfp.png,1635562221_357271_ph.png,1100,986,1152,1051,2892,1109,2944,1174,1792,123,3136,1467,6,4282,1769
6,paraclone4,1344,93,93,1635562222_922005.png,1635562222_922005_gfp.png,1635562222_922005_ph.png,914,573,1007,666,956,4762,1049,4855,42,4189,1386,5533,6,4283,1770
6,paraclone5,1344,65,70,1635562222_922005.png,1635562222_922005_gfp.png,1635562222_922005_ph.png,374,1260,439,1330,416,5449,481,5519,42,4189,1386,5533,6,4284,1770
6,paraclone6,1344,71,68,1635562222_922005.png,1635562222_922005_gfp.png,1635562222_922005_ph.png,449,604,520,672,491,4793,562,4861,42,4189,1386,5533,6,4285,1770
6,paraclone16,1344,89,83,1635562222_922005.png,1635562222_922005_gfp.png,1635562222_922005_ph.png,443,891,532,974,485,5080,574,5163,42,4189,1386,5533,6,4286,1770
6,paraclone4,1344,93,93,1635562224_4388201.png,1635562224_4388201_gfp.png,1635562224_4388201_ph.png,520,829,613,922,956,4762,1049,4855,436,3933,1780,5277,6,4287,1771
6,paraclone6,1344,71,68,1635562224_4388201.png,1635562224_4388201_gfp.png,1635562224_4388201_ph.png,55,860,126,928,491,4793,562,4861,436,3933,1780,5277,6,4288,1771
6,paraclone16,1344,89,83,1635562224_4388201.png,1635562224_4388201_gfp.png,1635562224_4388201_ph.png,49,1147,138,1230,485,5080,574,5163,436,3933,1780,5277,6,4289,1771
6,paraclone4,1344,93,93,1635562225_7426372.png,1635562225_7426372_gfp.png,1635562225_7426372_ph.png,923,620,1016,713,956,4762,1049,4855,33,4142,1377,5486,6,4290,1772
6,paraclone6,1344,71,68,1635562225_7426372.png,1635562225_7426372_gfp.png,1635562225_7426372_ph.png,458,651,529,719,491,4793,562,4861,33,4142,1377,5486,6,4291,1772
6,paraclone16,1344,89,83,1635562225_7426372.png,1635562225_7426372_gfp.png,1635562225_7426372_ph.png,452,938,541,1021,485,5080,574,5163,33,4142,1377,5486,6,4292,1772
6,paraclone4,1344,93,93,1635562227_0522969.png,1635562227_0522969_gfp.png,1635562227_0522969_ph.png,586,147,679,240,956,4762,1049,4855,370,4615,1714,5959,6,4293,1773
6,paraclone5,1344,65,70,1635562227_0522969.png,1635562227_0522969_gfp.png,1635562227_0522969_ph.png,46,834,111,904,416,5449,481,5519,370,4615,1714,5959,6,4294,1773
6,paraclone6,1344,71,68,1635562227_0522969.png,1635562227_0522969_gfp.png,1635562227_0522969_ph.png,121,178,192,246,491,4793,562,4861,370,4615,1714,5959,6,4295,1773
6,paraclone16,1344,89,83,1635562227_0522969.png,1635562227_0522969_gfp.png,1635562227_0522969_ph.png,115,465,204,548,485,5080,574,5163,370,4615,1714,5959,6,4296,1773
6,paraclone4,1344,93,93,1635562228_368033.png,1635562228_368033_gfp.png,1635562228_368033_ph.png,956,523,1049,616,956,4762,1049,4855,0,4239,1344,5583,6,4297,1774
6,paraclone5,1344,65,70,1635562228_368033.png,1635562228_368033_gfp.png,1635562228_368033_ph.png,416,1210,481,1280,416,5449,481,5519,0,4239,1344,5583,6,4298,1774
6,paraclone6,1344,71,68,1635562228_368033.png,1635562228_368033_gfp.png,1635562228_368033_ph.png,491,554,562,622,491,4793,562,4861,0,4239,1344,5583,6,4299,1774
6,paraclone16,1344,89,83,1635562228_368033.png,1635562228_368033_gfp.png,1635562228_368033_ph.png,485,841,574,924,485,5080,574,5163,0,4239,1344,5583,6,4300,1774
6,paraclone4,1344,93,93,1635562229_6542249.png,1635562229_6542249_gfp.png,1635562229_6542249_ph.png,574,235,667,328,956,4762,1049,4855,382,4527,1726,5871,6,4301,1775
6,paraclone5,1344,65,70,1635562229_6542249.png,1635562229_6542249_gfp.png,1635562229_6542249_ph.png,34,922,99,992,416,5449,481,5519,382,4527,1726,5871,6,4302,1775
6,paraclone6,1344,71,68,1635562229_6542249.png,1635562229_6542249_gfp.png,1635562229_6542249_ph.png,109,266,180,334,491,4793,562,4861,382,4527,1726,5871,6,4303,1775
6,paraclone16,1344,89,83,1635562229_6542249.png,1635562229_6542249_gfp.png,1635562229_6542249_ph.png,103,553,192,636,485,5080,574,5163,382,4527,1726,5871,6,4304,1775
6,paraclone4,1344,93,93,1635562230_948904.png,1635562230_948904_gfp.png,1635562230_948904_ph.png,956,205,1049,298,956,4762,1049,4855,0,4557,1344,5901,6,4305,1776
6,paraclone5,1344,65,70,1635562230_948904.png,1635562230_948904_gfp.png,1635562230_948904_ph.png,416,892,481,962,416,5449,481,5519,0,4557,1344,5901,6,4306,1776
6,paraclone6,1344,71,68,1635562230_948904.png,1635562230_948904_gfp.png,1635562230_948904_ph.png,491,236,562,304,491,4793,562,4861,0,4557,1344,5901,6,4307,1776
6,paraclone16,1344,89,83,1635562230_948904.png,1635562230_948904_gfp.png,1635562230_948904_ph.png,485,523,574,606,485,5080,574,5163,0,4557,1344,5901,6,4308,1776
6,paraclone4,1344,93,93,1635562232_251851.png,1635562232_251851_gfp.png,1635562232_251851_ph.png,956,401,1049,494,956,4762,1049,4855,0,4361,1344,5705,6,4309,1777
6,paraclone5,1344,65,70,1635562232_251851.png,1635562232_251851_gfp.png,1635562232_251851_ph.png,416,1088,481,1158,416,5449,481,5519,0,4361,1344,5705,6,4310,1777
6,paraclone6,1344,71,68,1635562232_251851.png,1635562232_251851_gfp.png,1635562232_251851_ph.png,491,432,562,500,491,4793,562,4861,0,4361,1344,5705,6,4311,1777
6,paraclone16,1344,89,83,1635562232_251851.png,1635562232_251851_gfp.png,1635562232_251851_ph.png,485,719,574,802,485,5080,574,5163,0,4361,1344,5705,6,4312,1777
6,paraclone4,1344,93,93,1635562233_533792.png,1635562233_533792_gfp.png,1635562233_533792_ph.png,551,634,644,727,956,4762,1049,4855,405,4128,1749,5472,6,4313,1778
6,paraclone6,1344,71,68,1635562233_533792.png,1635562233_533792_gfp.png,1635562233_533792_ph.png,86,665,157,733,491,4793,562,4861,405,4128,1749,5472,6,4314,1778
6,paraclone16,1344,89,83,1635562233_533792.png,1635562233_533792_gfp.png,1635562233_533792_ph.png,80,952,169,1035,485,5080,574,5163,405,4128,1749,5472,6,4315,1778
6,paraclone5,1344,65,70,1635562234_948359.png,1635562234_948359_gfp.png,1635562234_948359_ph.png,416,674,481,744,416,5449,481,5519,0,4775,1344,6119,6,4316,1779
6,paraclone6,1344,71,68,1635562234_948359.png,1635562234_948359_gfp.png,1635562234_948359_ph.png,491,18,562,86,491,4793,562,4861,0,4775,1344,6119,6,4317,1779
6,paraclone16,1344,89,83,1635562234_948359.png,1635562234_948359_gfp.png,1635562234_948359_ph.png,485,305,574,388,485,5080,574,5163,0,4775,1344,6119,6,4318,1779
6,paraclone3,1344,110,124,1635562236_368465.png,1635562236_368465_gfp.png,1635562236_368465_ph.png,909,1151,1019,1275,909,2228,1019,2352,0,1077,1344,2421,6,4319,1780
6,paraclone17,1344,93,104,1635562236_368465.png,1635562236_368465_gfp.png,1635562236_368465_ph.png,501,121,594,225,501,1198,594,1302,0,1077,1344,2421,6,4320,1780
6,paraclone17,1344,93,104,1635562237_7838879.png,1635562237_7838879_gfp.png,1635562237_7838879_ph.png,257,419,350,523,501,1198,594,1302,244,779,1588,2123,6,4321,1781
6,paraclone3,1344,110,124,1635562239_119156.png,1635562239_119156_gfp.png,1635562239_119156_ph.png,909,1139,1019,1263,909,2228,1019,2352,0,1089,1344,2433,6,4322,1782
6,paraclone17,1344,93,104,1635562239_119156.png,1635562239_119156_gfp.png,1635562239_119156_ph.png,501,109,594,213,501,1198,594,1302,0,1089,1344,2433,6,4323,1782
6,holoclone5,1344,149,234,1635562240_645569.png,1635562240_645569_gfp.png,1635562240_645569_ph.png,1,366,150,600,1,597,150,831,0,231,1344,1575,6,4324,1783
6,paraclone17,1344,93,104,1635562240_645569.png,1635562240_645569_gfp.png,1635562240_645569_ph.png,501,967,594,1071,501,1198,594,1302,0,231,1344,1575,6,4325,1783
6,meroclone11,1344,153,104,1635562240_645569.png,1635562240_645569_gfp.png,1635562240_645569_ph.png,131,603,284,707,131,834,284,938,0,231,1344,1575,6,4326,1783
6,paraclone3,1344,110,124,1635562242_121912.png,1635562242_121912_gfp.png,1635562242_121912_ph.png,909,1166,1019,1290,909,2228,1019,2352,0,1062,1344,2406,6,4327,1784
6,paraclone17,1344,93,104,1635562242_121912.png,1635562242_121912_gfp.png,1635562242_121912_ph.png,501,136,594,240,501,1198,594,1302,0,1062,1344,2406,6,4328,1784
6,paraclone3,1344,110,124,1635562243_694572.png,1635562243_694572_gfp.png,1635562243_694572_ph.png,893,1050,1003,1174,909,2228,1019,2352,16,1178,1360,2522,6,4329,1785
6,paraclone17,1344,93,104,1635562243_694572.png,1635562243_694572_gfp.png,1635562243_694572_ph.png,485,20,578,124,501,1198,594,1302,16,1178,1360,2522,6,4330,1785
6,paraclone3,1344,110,124,1635562245_232338.png,1635562245_232338_gfp.png,1635562245_232338_ph.png,909,1091,1019,1215,909,2228,1019,2352,0,1137,1344,2481,6,4331,1786
6,paraclone17,1344,93,104,1635562245_232338.png,1635562245_232338_gfp.png,1635562245_232338_ph.png,501,61,594,165,501,1198,594,1302,0,1137,1344,2481,6,4332,1786
6,holoclone5,1344,149,234,1635562246_628414.png,1635562246_628414_gfp.png,1635562246_628414_ph.png,1,457,150,691,1,597,150,831,0,140,1344,1484,6,4333,1787
6,paraclone17,1344,93,104,1635562246_628414.png,1635562246_628414_gfp.png,1635562246_628414_ph.png,501,1058,594,1162,501,1198,594,1302,0,140,1344,1484,6,4334,1787
6,meroclone11,1344,153,104,1635562246_628414.png,1635562246_628414_gfp.png,1635562246_628414_ph.png,131,694,284,798,131,834,284,938,0,140,1344,1484,6,4335,1787
6,paraclone17,1344,93,104,1635562248_0637162.png,1635562248_0637162_gfp.png,1635562248_0637162_ph.png,501,490,594,594,501,1198,594,1302,0,708,1344,2052,6,4336,1788
6,meroclone11,1344,153,104,1635562248_0637162.png,1635562248_0637162_gfp.png,1635562248_0637162_ph.png,131,126,284,230,131,834,284,938,0,708,1344,2052,6,4337,1788
6,paraclone17,1344,93,104,1635562249_4464488.png,1635562249_4464488_gfp.png,1635562249_4464488_ph.png,105,698,198,802,501,1198,594,1302,396,500,1740,1844,6,4338,1789
6,holoclone6,1344,124,141,1635562250_8076851.png,1635562250_8076851_gfp.png,1635562250_8076851_ph.png,50,103,174,244,2503,880,2627,1021,2453,777,3797,2121,6,4339,1790
6,paraclone18,1344,52,65,1635562250_8076851.png,1635562250_8076851_gfp.png,1635562250_8076851_ph.png,439,332,491,397,2892,1109,2944,1174,2453,777,3797,2121,6,4340,1790
6,holoclone6,1344,124,141,1635562252_163296.png,1635562252_163296_gfp.png,1635562252_163296_ph.png,27,820,151,961,2503,880,2627,1021,2476,60,3820,1404,6,4341,1791
6,meroclone7,1344,90,94,1635562252_163296.png,1635562252_163296_gfp.png,1635562252_163296_ph.png,121,158,211,252,2597,218,2687,312,2476,60,3820,1404,6,4342,1791
6,paraclone18,1344,52,65,1635562252_163296.png,1635562252_163296_gfp.png,1635562252_163296_ph.png,416,1049,468,1114,2892,1109,2944,1174,2476,60,3820,1404,6,4343,1791
6,holoclone7,1344,108,111,1635562253_451408.png,1635562253_451408_gfp.png,1635562253_451408_ph.png,959,503,1067,614,3713,832,3821,943,2754,329,4098,1673,6,4344,1792
6,paraclone18,1344,52,65,1635562253_451408.png,1635562253_451408_gfp.png,1635562253_451408_ph.png,138,780,190,845,2892,1109,2944,1174,2754,329,4098,1673,6,4345,1792
6,meroclone10,1344,55,56,1635562253_451408.png,1635562253_451408_gfp.png,1635562253_451408_ph.png,1262,643,1317,699,4016,972,4071,1028,2754,329,4098,1673,6,4346,1792
6,holoclone7,1344,108,111,1635562254_743146.png,1635562254_743146_gfp.png,1635562254_743146_ph.png,1155,692,1263,803,3713,832,3821,943,2558,140,3902,1484,6,4347,1793
6,meroclone7,1344,90,94,1635562254_743146.png,1635562254_743146_gfp.png,1635562254_743146_ph.png,39,78,129,172,2597,218,2687,312,2558,140,3902,1484,6,4348,1793
6,paraclone18,1344,52,65,1635562254_743146.png,1635562254_743146_gfp.png,1635562254_743146_ph.png,334,969,386,1034,2892,1109,2944,1174,2558,140,3902,1484,6,4349,1793
6,holoclone6,1344,124,141,1635562256_033243.png,1635562256_033243_gfp.png,1635562256_033243_ph.png,751,750,875,891,2503,880,2627,1021,1752,130,3096,1474,6,4350,1794
6,meroclone7,1344,90,94,1635562256_033243.png,1635562256_033243_gfp.png,1635562256_033243_ph.png,845,88,935,182,2597,218,2687,312,1752,130,3096,1474,6,4351,1794
6,paraclone18,1344,52,65,1635562256_033243.png,1635562256_033243_gfp.png,1635562256_033243_ph.png,1140,979,1192,1044,2892,1109,2944,1174,1752,130,3096,1474,6,4352,1794
6,holoclone6,1344,124,141,1635562257_319577.png,1635562257_319577_gfp.png,1635562257_319577_ph.png,240,602,364,743,2503,880,2627,1021,2263,278,3607,1622,6,4353,1795
6,paraclone18,1344,52,65,1635562257_319577.png,1635562257_319577_gfp.png,1635562257_319577_ph.png,629,831,681,896,2892,1109,2944,1174,2263,278,3607,1622,6,4354,1795
6,paraclone12,1344,64,63,1635562258_6185129.png,1635562258_6185129_gfp.png,1635562258_6185129_ph.png,545,546,609,609,2288,1653,2352,1716,1743,1107,3087,2451,6,4355,1796
6,paraclone18,1344,52,65,1635562258_6185129.png,1635562258_6185129_gfp.png,1635562258_6185129_ph.png,1149,2,1201,67,2892,1109,2944,1174,1743,1107,3087,2451,6,4356,1796
6,holoclone6,1344,124,141,1635562259_908834.png,1635562259_908834_gfp.png,1635562259_908834_ph.png,436,589,560,730,2503,880,2627,1021,2067,291,3411,1635,6,4357,1797
6,paraclone18,1344,52,65,1635562259_908834.png,1635562259_908834_gfp.png,1635562259_908834_ph.png,825,818,877,883,2892,1109,2944,1174,2067,291,3411,1635,6,4358,1797
6,holoclone7,1344,108,111,1635562261_2004201.png,1635562261_2004201_gfp.png,1635562261_2004201_ph.png,923,84,1031,195,3713,832,3821,943,2790,748,4134,2092,6,4359,1798
6,paraclone18,1344,52,65,1635562261_2004201.png,1635562261_2004201_gfp.png,1635562261_2004201_ph.png,102,361,154,426,2892,1109,2944,1174,2790,748,4134,2092,6,4360,1798
6,meroclone10,1344,55,56,1635562261_2004201.png,1635562261_2004201_gfp.png,1635562261_2004201_ph.png,1226,224,1281,280,4016,972,4071,1028,2790,748,4134,2092,6,4361,1798
6,paraclone12,1344,64,63,1635562262_4900491.png,1635562262_4900491_gfp.png,1635562262_4900491_ph.png,381,1207,445,1270,2288,1653,2352,1716,1907,446,3251,1790,6,4362,1799
6,holoclone6,1344,124,141,1635562262_4900491.png,1635562262_4900491_gfp.png,1635562262_4900491_ph.png,596,434,720,575,2503,880,2627,1021,1907,446,3251,1790,6,4363,1799
6,paraclone18,1344,52,65,1635562262_4900491.png,1635562262_4900491_gfp.png,1635562262_4900491_ph.png,985,663,1037,728,2892,1109,2944,1174,1907,446,3251,1790,6,4364,1799
6,paraclone13,1344,81,79,1635562263_7840059.png,1635562263_7840059_gfp.png,1635562263_7840059_ph.png,1060,622,1141,701,4418,1568,4499,1647,3358,946,4702,2290,6,4365,1800
6,meroclone10,1344,55,56,1635562263_7840059.png,1635562263_7840059_gfp.png,1635562263_7840059_ph.png,658,26,713,82,4016,972,4071,1028,3358,946,4702,2290,6,4366,1800
6,meroclone10,1344,55,56,1635562265_0763268.png,1635562265_0763268_gfp.png,1635562265_0763268_ph.png,162,771,217,827,4016,972,4071,1028,3854,201,5198,1545,6,4367,1801
6,paraclone13,1344,81,79,1635562266_374709.png,1635562266_374709_gfp.png,1635562266_374709_ph.png,545,1165,626,1244,4418,1568,4499,1647,3873,403,5217,1747,6,4368,1802
6,paraclone15,1344,102,92,1635562266_374709.png,1635562266_374709_gfp.png,1635562266_374709_ph.png,865,1208,967,1300,4738,1611,4840,1703,3873,403,5217,1747,6,4369,1802
6,meroclone10,1344,55,56,1635562266_374709.png,1635562266_374709_gfp.png,1635562266_374709_ph.png,143,569,198,625,4016,972,4071,1028,3873,403,5217,1747,6,4370,1802
6,paraclone13,1344,81,79,1635562267_668088.png,1635562267_668088_gfp.png,1635562267_668088_ph.png,1253,612,1334,691,4418,1568,4499,1647,3165,956,4509,2300,6,4371,1803
6,meroclone10,1344,55,56,1635562267_668088.png,1635562267_668088_gfp.png,1635562267_668088_ph.png,851,16,906,72,4016,972,4071,1028,3165,956,4509,2300,6,4372,1803
6,meroclone10,1344,55,56,1635562269_0248718.png,1635562269_0248718_gfp.png,1635562269_0248718_ph.png,224,693,279,749,4016,972,4071,1028,3792,279,5136,1623,6,4373,1804
6,meroclone10,1344,55,56,1635562270_3169641.png,1635562270_3169641_gfp.png,1635562270_3169641_ph.png,919,108,974,164,4016,972,4071,1028,3097,864,4441,2208,6,4374,1805
6,paraclone13,1344,81,79,1635562271_797394.png,1635562271_797394_gfp.png,1635562271_797394_ph.png,699,618,780,697,4418,1568,4499,1647,3719,950,5063,2294,6,4375,1806
6,paraclone15,1344,102,92,1635562271_797394.png,1635562271_797394_gfp.png,1635562271_797394_ph.png,1019,661,1121,753,4738,1611,4840,1703,3719,950,5063,2294,6,4376,1806
6,meroclone10,1344,55,56,1635562271_797394.png,1635562271_797394_gfp.png,1635562271_797394_ph.png,297,22,352,78,4016,972,4071,1028,3719,950,5063,2294,6,4377,1806
6,holoclone7,1344,108,111,1635562273_44099.png,1635562273_44099_gfp.png,1635562273_44099_ph.png,666,324,774,435,3713,832,3821,943,3047,508,4391,1852,6,4378,1807
6,meroclone10,1344,55,56,1635562273_44099.png,1635562273_44099_gfp.png,1635562273_44099_ph.png,969,464,1024,520,4016,972,4071,1028,3047,508,4391,1852,6,4379,1807
6,meroclone6,1344,167,60,1635562274_974206.png,1635562274_974206_gfp.png,1635562274_974206_ph.png,427,14,594,74,4291,14,4458,74,3864,0,5208,1344,6,4380,1808
6,meroclone10,1344,55,56,1635562274_974206.png,1635562274_974206_gfp.png,1635562274_974206_ph.png,152,972,207,1028,4016,972,4071,1028,3864,0,5208,1344,6,4381,1808
6,holoclone7,1344,108,111,1635562276_311052.png,1635562276_311052_gfp.png,1635562276_311052_ph.png,766,832,874,943,3713,832,3821,943,2947,0,4291,1344,6,4382,1809
6,meroclone10,1344,55,56,1635562276_311052.png,1635562276_311052_gfp.png,1635562276_311052_ph.png,1069,972,1124,1028,4016,972,4071,1028,2947,0,4291,1344,6,4383,1809
6,holoclone5,1344,149,234,1635562277_625785.png,1635562277_625785_gfp.png,1635562277_625785_ph.png,1,435,150,669,1,597,150,831,0,162,1344,1506,6,4384,1810
6,paraclone17,1344,93,104,1635562277_625785.png,1635562277_625785_gfp.png,1635562277_625785_ph.png,501,1036,594,1140,501,1198,594,1302,0,162,1344,1506,6,4385,1810
6,meroclone11,1344,153,104,1635562277_625785.png,1635562277_625785_gfp.png,1635562277_625785_ph.png,131,672,284,776,131,834,284,938,0,162,1344,1506,6,4386,1810
6,holoclone5,1344,149,234,1635562278_936914.png,1635562278_936914_gfp.png,1635562278_936914_ph.png,1,597,150,831,1,597,150,831,0,0,1344,1344,6,4387,1811
6,paraclone17,1344,93,104,1635562278_936914.png,1635562278_936914_gfp.png,1635562278_936914_ph.png,501,1198,594,1302,501,1198,594,1302,0,0,1344,1344,6,4388,1811
6,meroclone11,1344,153,104,1635562278_936914.png,1635562278_936914_gfp.png,1635562278_936914_ph.png,131,834,284,938,131,834,284,938,0,0,1344,1344,6,4389,1811
6,holoclone5,1344,149,234,1635562280_2184849.png,1635562280_2184849_gfp.png,1635562280_2184849_ph.png,1,597,150,831,1,597,150,831,0,0,1344,1344,6,4390,1812
6,paraclone17,1344,93,104,1635562280_2184849.png,1635562280_2184849_gfp.png,1635562280_2184849_ph.png,501,1198,594,1302,501,1198,594,1302,0,0,1344,1344,6,4391,1812
6,meroclone11,1344,153,104,1635562280_2184849.png,1635562280_2184849_gfp.png,1635562280_2184849_ph.png,131,834,284,938,131,834,284,938,0,0,1344,1344,6,4392,1812
6,holoclone5,1344,149,234,1635562281_506711.png,1635562281_506711_gfp.png,1635562281_506711_ph.png,1,325,150,559,1,597,150,831,0,272,1344,1616,6,4393,1813
6,paraclone17,1344,93,104,1635562281_506711.png,1635562281_506711_gfp.png,1635562281_506711_ph.png,501,926,594,1030,501,1198,594,1302,0,272,1344,1616,6,4394,1813
6,meroclone11,1344,153,104,1635562281_506711.png,1635562281_506711_gfp.png,1635562281_506711_ph.png,131,562,284,666,131,834,284,938,0,272,1344,1616,6,4395,1813
6,holoclone5,1344,149,234,1635562282_797489.png,1635562282_797489_gfp.png,1635562282_797489_ph.png,1,175,150,409,1,597,150,831,0,422,1344,1766,6,4396,1814
6,paraclone17,1344,93,104,1635562282_797489.png,1635562282_797489_gfp.png,1635562282_797489_ph.png,501,776,594,880,501,1198,594,1302,0,422,1344,1766,6,4397,1814
6,meroclone11,1344,153,104,1635562282_797489.png,1635562282_797489_gfp.png,1635562282_797489_ph.png,131,412,284,516,131,834,284,938,0,422,1344,1766,6,4398,1814
6,holoclone5,1344,149,234,1635562284_109714.png,1635562284_109714_gfp.png,1635562284_109714_ph.png,1,597,150,831,1,597,150,831,0,0,1344,1344,6,4399,1815
6,paraclone17,1344,93,104,1635562284_109714.png,1635562284_109714_gfp.png,1635562284_109714_ph.png,501,1198,594,1302,501,1198,594,1302,0,0,1344,1344,6,4400,1815
6,meroclone11,1344,153,104,1635562284_109714.png,1635562284_109714_gfp.png,1635562284_109714_ph.png,131,834,284,938,131,834,284,938,0,0,1344,1344,6,4401,1815
6,holoclone5,1344,149,234,1635562285_413126.png,1635562285_413126_gfp.png,1635562285_413126_ph.png,1,597,150,831,1,597,150,831,0,0,1344,1344,6,4402,1816
6,paraclone17,1344,93,104,1635562285_413126.png,1635562285_413126_gfp.png,1635562285_413126_ph.png,501,1198,594,1302,501,1198,594,1302,0,0,1344,1344,6,4403,1816
6,meroclone11,1344,153,104,1635562285_413126.png,1635562285_413126_gfp.png,1635562285_413126_ph.png,131,834,284,938,131,834,284,938,0,0,1344,1344,6,4404,1816
6,holoclone5,1344,149,234,1635562286_7206268.png,1635562286_7206268_gfp.png,1635562286_7206268_ph.png,1,17,150,251,1,597,150,831,0,580,1344,1924,6,4405,1817
6,paraclone17,1344,93,104,1635562286_7206268.png,1635562286_7206268_gfp.png,1635562286_7206268_ph.png,501,618,594,722,501,1198,594,1302,0,580,1344,1924,6,4406,1817
6,meroclone11,1344,153,104,1635562286_7206268.png,1635562286_7206268_gfp.png,1635562286_7206268_ph.png,131,254,284,358,131,834,284,938,0,580,1344,1924,6,4407,1817
6,holoclone5,1344,149,234,1635562288_050185.png,1635562288_050185_gfp.png,1635562288_050185_ph.png,1,87,150,321,1,597,150,831,0,510,1344,1854,6,4408,1818
6,paraclone17,1344,93,104,1635562288_050185.png,1635562288_050185_gfp.png,1635562288_050185_ph.png,501,688,594,792,501,1198,594,1302,0,510,1344,1854,6,4409,1818
6,meroclone11,1344,153,104,1635562288_050185.png,1635562288_050185_gfp.png,1635562288_050185_ph.png,131,324,284,428,131,834,284,938,0,510,1344,1854,6,4410,1818
6,holoclone5,1344,149,234,1635562289_334017.png,1635562289_334017_gfp.png,1635562289_334017_ph.png,1,597,150,831,1,597,150,831,0,0,1344,1344,6,4411,1819
6,paraclone17,1344,93,104,1635562289_334017.png,1635562289_334017_gfp.png,1635562289_334017_ph.png,501,1198,594,1302,501,1198,594,1302,0,0,1344,1344,6,4412,1819
6,meroclone11,1344,153,104,1635562289_334017.png,1635562289_334017_gfp.png,1635562289_334017_ph.png,131,834,284,938,131,834,284,938,0,0,1344,1344,6,4413,1819
6,paraclone1,1344,93,103,1635562291_168254.png,1635562291_168254_gfp.png,1635562291_168254_ph.png,704,863,797,966,4814,4574,4907,4677,4110,3711,5454,5055,7,4414,1820
6,paraclone1,1344,93,103,1635562292_5235798.png,1635562292_5235798_gfp.png,1635562292_5235798_ph.png,522,501,615,604,4814,4574,4907,4677,4292,4073,5636,5417,7,4415,1821
6,paraclone1,1344,93,103,1635562293_777131.png,1635562293_777131_gfp.png,1635562293_777131_ph.png,677,334,770,437,4814,4574,4907,4677,4137,4240,5481,5584,7,4416,1822
6,paraclone1,1344,93,103,1635562295_026203.png,1635562295_026203_gfp.png,1635562295_026203_ph.png,1199,791,1292,894,4814,4574,4907,4677,3615,3783,4959,5127,7,4417,1823
6,paraclone1,1344,93,103,1635562296_274243.png,1635562296_274243_gfp.png,1635562296_274243_ph.png,109,483,202,586,4814,4574,4907,4677,4705,4091,6049,5435,7,4418,1824
6,paraclone1,1344,93,103,1635562297_5131788.png,1635562297_5131788_gfp.png,1635562297_5131788_ph.png,602,279,695,382,4814,4574,4907,4677,4212,4295,5556,5639,7,4419,1825
6,paraclone1,1344,93,103,1635562298_753993.png,1635562298_753993_gfp.png,1635562298_753993_ph.png,276,463,369,566,4814,4574,4907,4677,4538,4111,5882,5455,7,4420,1826
6,paraclone1,1344,93,103,1635562299_9920058.png,1635562299_9920058_gfp.png,1635562299_9920058_ph.png,34,672,127,775,4814,4574,4907,4677,4780,3902,6124,5246,7,4421,1827
6,paraclone1,1344,93,103,1635562301_236187.png,1635562301_236187_gfp.png,1635562301_236187_ph.png,1183,1198,1276,1301,4814,4574,4907,4677,3631,3376,4975,4720,7,4422,1828
6,paraclone1,1344,93,103,1635562302_4873621.png,1635562302_4873621_gfp.png,1635562302_4873621_ph.png,739,562,832,665,4814,4574,4907,4677,4075,4012,5419,5356,7,4423,1829
6,holoclone1,1344,214,233,1635562303_740713.png,1635562303_740713_gfp.png,1635562303_740713_ph.png,945,351,1159,584,1317,6093,1531,6326,372,5742,1716,7086,7,4424,1830
6,holoclone1,1344,214,233,1635562305_0423.png,1635562305_0423_gfp.png,1635562305_0423_ph.png,566,1034,780,1267,1317,6093,1531,6326,751,5059,2095,6403,7,4425,1831
6,holoclone1,1344,214,233,1635562306_4132721.png,1635562306_4132721_gfp.png,1635562306_4132721_ph.png,58,896,272,1129,1317,6093,1531,6326,1259,5197,2603,6541,7,4426,1832
6,holoclone1,1344,214,233,1635562307_6949508.png,1635562307_6949508_gfp.png,1635562307_6949508_ph.png,109,150,323,383,1317,6093,1531,6326,1208,5943,2552,7287,7,4427,1833
6,holoclone1,1344,214,233,1635562308_9361222.png,1635562308_9361222_gfp.png,1635562308_9361222_ph.png,361,87,575,320,1317,6093,1531,6326,956,6006,2300,7350,7,4428,1834
6,paraclone8,1344,243,158,1635562308_9361222.png,1635562308_9361222_gfp.png,1635562308_9361222_ph.png,134,1133,377,1291,1090,7139,1333,7297,956,6006,2300,7350,7,4429,1834
6,holoclone1,1344,214,233,1635562310_1714392.png,1635562310_1714392_gfp.png,1635562310_1714392_ph.png,616,183,830,416,1317,6093,1531,6326,701,5910,2045,7254,7,4430,1835
6,holoclone1,1344,214,233,1635562311_403509.png,1635562311_403509_gfp.png,1635562311_403509_ph.png,819,469,1033,702,1317,6093,1531,6326,498,5624,1842,6968,7,4431,1836
6,holoclone1,1344,214,233,1635562312_643093.png,1635562312_643093_gfp.png,1635562312_643093_ph.png,856,842,1070,1075,1317,6093,1531,6326,461,5251,1805,6595,7,4432,1837
6,holoclone1,1344,214,233,1635562313_885515.png,1635562313_885515_gfp.png,1635562313_885515_ph.png,990,1103,1204,1336,1317,6093,1531,6326,327,4990,1671,6334,7,4433,1838
6,holoclone1,1344,214,233,1635562315_143233.png,1635562315_143233_gfp.png,1635562315_143233_ph.png,729,286,943,519,1317,6093,1531,6326,588,5807,1932,7151,7,4434,1839
6,paraclone2,1344,67,92,1635562316_385494.png,1635562316_385494_gfp.png,1635562316_385494_ph.png,1170,251,1237,343,5079,5973,5146,6065,3909,5722,5253,7066,7,4435,1840
6,paraclone2,1344,67,92,1635562317_6242409.png,1635562317_6242409_gfp.png,1635562317_6242409_ph.png,715,326,782,418,5079,5973,5146,6065,4364,5647,5708,6991,7,4436,1841
6,paraclone2,1344,67,92,1635562318_8639061.png,1635562318_8639061_gfp.png,1635562318_8639061_ph.png,713,351,780,443,5079,5973,5146,6065,4366,5622,5710,6966,7,4437,1842
6,paraclone2,1344,67,92,1635562320_101408.png,1635562320_101408_gfp.png,1635562320_101408_ph.png,207,1240,274,1332,5079,5973,5146,6065,4872,4733,6216,6077,7,4438,1843
6,paraclone2,1344,67,92,1635562321_338526.png,1635562321_338526_gfp.png,1635562321_338526_ph.png,202,981,269,1073,5079,5973,5146,6065,4877,4992,6221,6336,7,4439,1844
6,paraclone2,1344,67,92,1635562322_578395.png,1635562322_578395_gfp.png,1635562322_578395_ph.png,309,239,376,331,5079,5973,5146,6065,4770,5734,6114,7078,7,4440,1845
6,paraclone2,1344,67,92,1635562323_818887.png,1635562323_818887_gfp.png,1635562323_818887_ph.png,443,1247,510,1339,5079,5973,5146,6065,4636,4726,5980,6070,7,4441,1846
6,paraclone2,1344,67,92,1635562325_0608199.png,1635562325_0608199_gfp.png,1635562325_0608199_ph.png,76,74,143,166,5079,5973,5146,6065,5003,5899,6347,7243,7,4442,1847
6,paraclone2,1344,67,92,1635562326_2946298.png,1635562326_2946298_gfp.png,1635562326_2946298_ph.png,582,1127,649,1219,5079,5973,5146,6065,4497,4846,5841,6190,7,4443,1848
6,paraclone2,1344,67,92,1635562327_529923.png,1635562327_529923_gfp.png,1635562327_529923_ph.png,75,983,142,1075,5079,5973,5146,6065,5004,4990,6348,6334,7,4444,1849
6,holoclone2,1344,408,420,1635562328_764468.png,1635562328_764468_gfp.png,1635562328_764468_ph.png,783,29,1191,449,4470,624,4878,1044,3687,595,5031,1939,7,4445,1850
6,holoclone2,1344,408,420,1635562330_008332.png,1635562330_008332_gfp.png,1635562330_008332_ph.png,903,268,1311,688,4470,624,4878,1044,3567,356,4911,1700,7,4446,1851
6,holoclone2,1344,408,420,1635562331_250747.png,1635562331_250747_gfp.png,1635562331_250747_ph.png,462,258,870,678,4470,624,4878,1044,4008,366,5352,1710,7,4447,1852
6,paraclone15,1344,85,92,1635562331_250747.png,1635562331_250747_gfp.png,1635562331_250747_ph.png,1014,841,1099,933,5022,1207,5107,1299,4008,366,5352,1710,7,4448,1852
6,holoclone2,1344,408,420,1635562332_492022.png,1635562332_492022_gfp.png,1635562332_492022_ph.png,199,425,607,845,4470,624,4878,1044,4271,199,5615,1543,7,4449,1853
6,paraclone15,1344,85,92,1635562332_492022.png,1635562332_492022_gfp.png,1635562332_492022_ph.png,751,1008,836,1100,5022,1207,5107,1299,4271,199,5615,1543,7,4450,1853
6,holoclone2,1344,408,420,1635562333_735103.png,1635562333_735103_gfp.png,1635562333_735103_ph.png,853,62,1261,482,4470,624,4878,1044,3617,562,4961,1906,7,4451,1854
6,holoclone2,1344,408,420,1635562334_981251.png,1635562334_981251_gfp.png,1635562334_981251_ph.png,384,624,792,1044,4470,624,4878,1044,4086,0,5430,1344,7,4452,1855
6,paraclone15,1344,85,92,1635562334_981251.png,1635562334_981251_gfp.png,1635562334_981251_ph.png,936,1207,1021,1299,5022,1207,5107,1299,4086,0,5430,1344,7,4453,1855
6,holoclone2,1344,408,420,1635562336_220942.png,1635562336_220942_gfp.png,1635562336_220942_ph.png,571,624,979,1044,4470,624,4878,1044,3899,0,5243,1344,7,4454,1856
6,paraclone15,1344,85,92,1635562336_220942.png,1635562336_220942_gfp.png,1635562336_220942_ph.png,1123,1207,1208,1299,5022,1207,5107,1299,3899,0,5243,1344,7,4455,1856
6,holoclone2,1344,408,420,1635562337_4743302.png,1635562337_4743302_gfp.png,1635562337_4743302_ph.png,139,624,547,1044,4470,624,4878,1044,4331,0,5675,1344,7,4456,1857
6,paraclone15,1344,85,92,1635562337_4743302.png,1635562337_4743302_gfp.png,1635562337_4743302_ph.png,691,1207,776,1299,5022,1207,5107,1299,4331,0,5675,1344,7,4457,1857
6,holoclone2,1344,408,420,1635562338_727576.png,1635562338_727576_gfp.png,1635562338_727576_ph.png,362,597,770,1017,4470,624,4878,1044,4108,27,5452,1371,7,4458,1858
6,paraclone15,1344,85,92,1635562338_727576.png,1635562338_727576_gfp.png,1635562338_727576_ph.png,914,1180,999,1272,5022,1207,5107,1299,4108,27,5452,1371,7,4459,1858
6,holoclone2,1344,408,420,1635562339_978972.png,1635562339_978972_gfp.png,1635562339_978972_ph.png,800,624,1208,1044,4470,624,4878,1044,3670,0,5014,1344,7,4460,1859
6,paraclone3,1344,98,95,1635562341_2336051.png,1635562341_2336051_gfp.png,1635562341_2336051_ph.png,1031,1083,1129,1178,3454,2827,3552,2922,2423,1744,3767,3088,7,4461,1860
6,paraclone3,1344,98,95,1635562342_50437.png,1635562342_50437_gfp.png,1635562342_50437_ph.png,862,56,960,151,3454,2827,3552,2922,2592,2771,3936,4115,7,4462,1861
6,paraclone3,1344,98,95,1635562343_768384.png,1635562343_768384_gfp.png,1635562343_768384_ph.png,533,26,631,121,3454,2827,3552,2922,2921,2801,4265,4145,7,4463,1862
6,paraclone3,1344,98,95,1635562345_0283132.png,1635562345_0283132_gfp.png,1635562345_0283132_ph.png,1140,61,1238,156,3454,2827,3552,2922,2314,2766,3658,4110,7,4464,1863
6,paraclone3,1344,98,95,1635562346_287294.png,1635562346_287294_gfp.png,1635562346_287294_ph.png,695,531,793,626,3454,2827,3552,2922,2759,2296,4103,3640,7,4465,1864
6,paraclone5,1344,54,56,1635562346_287294.png,1635562346_287294_gfp.png,1635562346_287294_ph.png,1225,90,1279,146,3984,2386,4038,2442,2759,2296,4103,3640,7,4466,1864
6,paraclone3,1344,98,95,1635562347_577433.png,1635562347_577433_gfp.png,1635562347_577433_ph.png,178,733,276,828,3454,2827,3552,2922,3276,2094,4620,3438,7,4467,1865
6,paraclone5,1344,54,56,1635562347_577433.png,1635562347_577433_gfp.png,1635562347_577433_ph.png,708,292,762,348,3984,2386,4038,2442,3276,2094,4620,3438,7,4468,1865
6,paraclone3,1344,98,95,1635562348_84153.png,1635562348_84153_gfp.png,1635562348_84153_ph.png,949,1023,1047,1118,3454,2827,3552,2922,2505,1804,3849,3148,7,4469,1866
6,paraclone3,1344,98,95,1635562350_094411.png,1635562350_094411_gfp.png,1635562350_094411_ph.png,1161,620,1259,715,3454,2827,3552,2922,2293,2207,3637,3551,7,4470,1867
6,paraclone3,1344,98,95,1635562351_345537.png,1635562351_345537_gfp.png,1635562351_345537_ph.png,257,1226,355,1321,3454,2827,3552,2922,3197,1601,4541,2945,7,4471,1868
6,paraclone5,1344,54,56,1635562351_345537.png,1635562351_345537_gfp.png,1635562351_345537_ph.png,787,785,841,841,3984,2386,4038,2442,3197,1601,4541,2945,7,4472,1868
6,paraclone3,1344,98,95,1635562352_588696.png,1635562352_588696_gfp.png,1635562352_588696_ph.png,650,881,748,976,3454,2827,3552,2922,2804,1946,4148,3290,7,4473,1869
6,paraclone5,1344,54,56,1635562352_588696.png,1635562352_588696_gfp.png,1635562352_588696_ph.png,1180,440,1234,496,3984,2386,4038,2442,2804,1946,4148,3290,7,4474,1869
6,paraclone4,1344,152,161,1635562353_833938.png,1635562353_833938_gfp.png,1635562353_833938_ph.png,76,313,228,474,2091,2422,2243,2583,2015,2109,3359,3453,7,4475,1870
6,paraclone4,1344,152,161,1635562355_0859442.png,1635562355_0859442_gfp.png,1635562355_0859442_ph.png,148,637,300,798,2091,2422,2243,2583,1943,1785,3287,3129,7,4476,1871
6,paraclone4,1344,152,161,1635562356_3282828.png,1635562356_3282828_gfp.png,1635562356_3282828_ph.png,825,70,977,231,2091,2422,2243,2583,1266,2352,2610,3696,7,4477,1872
6,paraclone4,1344,152,161,1635562357_566059.png,1635562357_566059_gfp.png,1635562357_566059_ph.png,635,563,787,724,2091,2422,2243,2583,1456,1859,2800,3203,7,4478,1873
6,paraclone4,1344,152,161,1635562358_808893.png,1635562358_808893_gfp.png,1635562358_808893_ph.png,271,592,423,753,2091,2422,2243,2583,1820,1830,3164,3174,7,4479,1874
6,paraclone4,1344,152,161,1635562360_0514822.png,1635562360_0514822_gfp.png,1635562360_0514822_ph.png,920,976,1072,1137,2091,2422,2243,2583,1171,1446,2515,2790,7,4480,1875
6,paraclone4,1344,152,161,1635562361_348693.png,1635562361_348693_gfp.png,1635562361_348693_ph.png,324,1174,476,1335,2091,2422,2243,2583,1767,1248,3111,2592,7,4481,1876
6,paraclone4,1344,152,161,1635562362_68498.png,1635562362_68498_gfp.png,1635562362_68498_ph.png,1037,321,1189,482,2091,2422,2243,2583,1054,2101,2398,3445,7,4482,1877
6,paraclone4,1344,152,161,1635562364_022309.png,1635562364_022309_gfp.png,1635562364_022309_ph.png,910,143,1062,304,2091,2422,2243,2583,1181,2279,2525,3623,7,4483,1878
6,paraclone4,1344,152,161,1635562365_3089359.png,1635562365_3089359_gfp.png,1635562365_3089359_ph.png,1031,96,1183,257,2091,2422,2243,2583,1060,2326,2404,3670,7,4484,1879
6,paraclone5,1344,54,56,1635562366_550671.png,1635562366_550671_gfp.png,1635562366_550671_ph.png,121,1143,175,1199,3984,2386,4038,2442,3863,1243,5207,2587,7,4485,1880
6,paraclone3,1344,98,95,1635562367_7964642.png,1635562367_7964642_gfp.png,1635562367_7964642_ph.png,12,1189,110,1284,3454,2827,3552,2922,3442,1638,4786,2982,7,4486,1881
6,paraclone5,1344,54,56,1635562367_7964642.png,1635562367_7964642_gfp.png,1635562367_7964642_ph.png,542,748,596,804,3984,2386,4038,2442,3442,1638,4786,2982,7,4487,1881
6,paraclone5,1344,54,56,1635562369_045104.png,1635562369_045104_gfp.png,1635562369_045104_ph.png,603,1039,657,1095,3984,2386,4038,2442,3381,1347,4725,2691,7,4488,1882
6,paraclone5,1344,54,56,1635562370_4538612.png,1635562370_4538612_gfp.png,1635562370_4538612_ph.png,304,1045,358,1101,3984,2386,4038,2442,3680,1341,5024,2685,7,4489,1883
6,paraclone3,1344,98,95,1635562372_001319.png,1635562372_001319_gfp.png,1635562372_001319_ph.png,506,618,604,713,3454,2827,3552,2922,2948,2209,4292,3553,7,4490,1884
6,paraclone5,1344,54,56,1635562372_001319.png,1635562372_001319_gfp.png,1635562372_001319_ph.png,1036,177,1090,233,3984,2386,4038,2442,2948,2209,4292,3553,7,4491,1884
6,paraclone5,1344,54,56,1635562373_445075.png,1635562373_445075_gfp.png,1635562373_445075_ph.png,1113,1034,1167,1090,3984,2386,4038,2442,2871,1352,4215,2696,7,4492,1885
6,paraclone3,1344,98,95,1635562374_7254982.png,1635562374_7254982_gfp.png,1635562374_7254982_ph.png,36,1066,134,1161,3454,2827,3552,2922,3418,1761,4762,3105,7,4493,1886
6,paraclone5,1344,54,56,1635562374_7254982.png,1635562374_7254982_gfp.png,1635562374_7254982_ph.png,566,625,620,681,3984,2386,4038,2442,3418,1761,4762,3105,7,4494,1886
6,paraclone5,1344,54,56,1635562375_99443.png,1635562375_99443_gfp.png,1635562375_99443_ph.png,610,1120,664,1176,3984,2386,4038,2442,3374,1266,4718,2610,7,4495,1887
6,paraclone3,1344,98,95,1635562377_378408.png,1635562377_378408_gfp.png,1635562377_378408_ph.png,539,560,637,655,3454,2827,3552,2922,2915,2267,4259,3611,7,4496,1888
6,paraclone5,1344,54,56,1635562377_378408.png,1635562377_378408_gfp.png,1635562377_378408_ph.png,1069,119,1123,175,3984,2386,4038,2442,2915,2267,4259,3611,7,4497,1888
6,paraclone5,1344,54,56,1635562378_815561.png,1635562378_815561_gfp.png,1635562378_815561_ph.png,429,592,483,648,3984,2386,4038,2442,3555,1794,4899,3138,7,4498,1889
6,paraclone6,1344,139,124,1635562380_0718222.png,1635562380_0718222_gfp.png,1635562380_0718222_ph.png,1087,241,1226,365,1567,4353,1706,4477,480,4112,1824,5456,7,4499,1890
6,paraclone6,1344,139,124,1635562381_449814.png,1635562381_449814_gfp.png,1635562381_449814_ph.png,1187,1017,1326,1141,1567,4353,1706,4477,380,3336,1724,4680,7,4500,1891
6,paraclone6,1344,139,124,1635562382_873576.png,1635562382_873576_gfp.png,1635562382_873576_ph.png,1109,1174,1248,1298,1567,4353,1706,4477,458,3179,1802,4523,7,4501,1892
6,paraclone6,1344,139,124,1635562384_2758121.png,1635562384_2758121_gfp.png,1635562384_2758121_ph.png,233,575,372,699,1567,4353,1706,4477,1334,3778,2678,5122,7,4502,1893
6,paraclone7,1344,69,86,1635562384_2758121.png,1635562384_2758121_gfp.png,1635562384_2758121_ph.png,962,735,1031,821,2296,4513,2365,4599,1334,3778,2678,5122,7,4503,1893
6,paraclone6,1344,139,124,1635562385_566273.png,1635562385_566273_gfp.png,1635562385_566273_ph.png,416,18,555,142,1567,4353,1706,4477,1151,4335,2495,5679,7,4504,1894
6,paraclone7,1344,69,86,1635562385_566273.png,1635562385_566273_gfp.png,1635562385_566273_ph.png,1145,178,1214,264,2296,4513,2365,4599,1151,4335,2495,5679,7,4505,1894
6,paraclone6,1344,139,124,1635562386_848025.png,1635562386_848025_gfp.png,1635562386_848025_ph.png,392,383,531,507,1567,4353,1706,4477,1175,3970,2519,5314,7,4506,1895
6,paraclone7,1344,69,86,1635562386_848025.png,1635562386_848025_gfp.png,1635562386_848025_ph.png,1121,543,1190,629,2296,4513,2365,4599,1175,3970,2519,5314,7,4507,1895
6,paraclone6,1344,139,124,1635562388_12532.png,1635562388_12532_gfp.png,1635562388_12532_ph.png,507,1001,646,1125,1567,4353,1706,4477,1060,3352,2404,4696,7,4508,1896
6,paraclone7,1344,69,86,1635562388_12532.png,1635562388_12532_gfp.png,1635562388_12532_ph.png,1236,1161,1305,1247,2296,4513,2365,4599,1060,3352,2404,4696,7,4509,1896
6,paraclone6,1344,139,124,1635562389_392777.png,1635562389_392777_gfp.png,1635562389_392777_ph.png,479,249,618,373,1567,4353,1706,4477,1088,4104,2432,5448,7,4510,1897
6,paraclone7,1344,69,86,1635562389_392777.png,1635562389_392777_gfp.png,1635562389_392777_ph.png,1208,409,1277,495,2296,4513,2365,4599,1088,4104,2432,5448,7,4511,1897
6,paraclone6,1344,139,124,1635562390_756368.png,1635562390_756368_gfp.png,1635562390_756368_ph.png,282,268,421,392,1567,4353,1706,4477,1285,4085,2629,5429,7,4512,1898
6,paraclone7,1344,69,86,1635562390_756368.png,1635562390_756368_gfp.png,1635562390_756368_ph.png,1011,428,1080,514,2296,4513,2365,4599,1285,4085,2629,5429,7,4513,1898
6,paraclone6,1344,139,124,1635562392_1995058.png,1635562392_1995058_gfp.png,1635562392_1995058_ph.png,199,673,338,797,1567,4353,1706,4477,1368,3680,2712,5024,7,4514,1899
6,paraclone7,1344,69,86,1635562392_1995058.png,1635562392_1995058_gfp.png,1635562392_1995058_ph.png,928,833,997,919,2296,4513,2365,4599,1368,3680,2712,5024,7,4515,1899
6,paraclone7,1344,69,86,1635562393_527723.png,1635562393_527723_gfp.png,1635562393_527723_ph.png,376,1044,445,1130,2296,4513,2365,4599,1920,3469,3264,4813,7,4516,1900
6,paraclone6,1344,139,124,1635562394_773053.png,1635562394_773053_gfp.png,1635562394_773053_ph.png,98,949,237,1073,1567,4353,1706,4477,1469,3404,2813,4748,7,4517,1901
6,paraclone7,1344,69,86,1635562394_773053.png,1635562394_773053_gfp.png,1635562394_773053_ph.png,827,1109,896,1195,2296,4513,2365,4599,1469,3404,2813,4748,7,4518,1901
6,paraclone6,1344,139,124,1635562396_015908.png,1635562396_015908_gfp.png,1635562396_015908_ph.png,229,1046,368,1170,1567,4353,1706,4477,1338,3307,2682,4651,7,4519,1902
6,paraclone7,1344,69,86,1635562396_015908.png,1635562396_015908_gfp.png,1635562396_015908_ph.png,958,1206,1027,1292,2296,4513,2365,4599,1338,3307,2682,4651,7,4520,1902
6,paraclone6,1344,139,124,1635562397_2933838.png,1635562397_2933838_gfp.png,1635562397_2933838_ph.png,113,46,252,170,1567,4353,1706,4477,1454,4307,2798,5651,7,4521,1903
6,paraclone7,1344,69,86,1635562397_2933838.png,1635562397_2933838_gfp.png,1635562397_2933838_ph.png,842,206,911,292,2296,4513,2365,4599,1454,4307,2798,5651,7,4522,1903
6,paraclone7,1344,69,86,1635562398_583102.png,1635562398_583102_gfp.png,1635562398_583102_ph.png,226,930,295,1016,2296,4513,2365,4599,2070,3583,3414,4927,7,4523,1904
6,paraclone7,1344,69,86,1635562400_0921779.png,1635562400_0921779_gfp.png,1635562400_0921779_ph.png,457,350,526,436,2296,4513,2365,4599,1839,4163,3183,5507,7,4524,1905
6,paraclone7,1344,69,86,1635562401_5512152.png,1635562401_5512152_gfp.png,1635562401_5512152_ph.png,462,763,531,849,2296,4513,2365,4599,1834,3750,3178,5094,7,4525,1906
6,paraclone6,1344,139,124,1635562402_8315258.png,1635562402_8315258_gfp.png,1635562402_8315258_ph.png,24,252,163,376,1567,4353,1706,4477,1543,4101,2887,5445,7,4526,1907
6,paraclone7,1344,69,86,1635562402_8315258.png,1635562402_8315258_gfp.png,1635562402_8315258_ph.png,753,412,822,498,2296,4513,2365,4599,1543,4101,2887,5445,7,4527,1907
6,paraclone7,1344,69,86,1635562404_1211789.png,1635562404_1211789_gfp.png,1635562404_1211789_ph.png,357,93,426,179,2296,4513,2365,4599,1939,4420,3283,5764,7,4528,1908
6,paraclone7,1344,69,86,1635562405_491352.png,1635562405_491352_gfp.png,1635562405_491352_ph.png,336,463,405,549,2296,4513,2365,4599,1960,4050,3304,5394,7,4529,1909
6,paraclone8,1344,243,158,1635562406_751495.png,1635562406_751495_gfp.png,1635562406_751495_ph.png,812,946,1055,1104,1090,7139,1333,7297,278,6193,1622,7537,7,4530,1910
6,paraclone8,1344,243,158,1635562408_0228539.png,1635562408_0228539_gfp.png,1635562408_0228539_ph.png,398,868,641,1026,1090,7139,1333,7297,692,6271,2036,7615,7,4531,1911
6,paraclone8,1344,243,158,1635562409_275952.png,1635562409_275952_gfp.png,1635562409_275952_ph.png,586,935,829,1093,1090,7139,1333,7297,504,6204,1848,7548,7,4532,1912
6,paraclone8,1344,243,158,1635562410_572033.png,1635562410_572033_gfp.png,1635562410_572033_ph.png,884,714,1127,872,1090,7139,1333,7297,206,6425,1550,7769,7,4533,1913
6,paraclone8,1344,243,158,1635562411_816965.png,1635562411_816965_gfp.png,1635562411_816965_ph.png,292,480,535,638,1090,7139,1333,7297,798,6659,2142,8003,7,4534,1914
6,holoclone1,1344,214,233,1635562413_080956.png,1635562413_080956_gfp.png,1635562413_080956_ph.png,460,11,674,244,1317,6093,1531,6326,857,6082,2201,7426,7,4535,1915
6,paraclone8,1344,243,158,1635562413_080956.png,1635562413_080956_gfp.png,1635562413_080956_ph.png,233,1057,476,1215,1090,7139,1333,7297,857,6082,2201,7426,7,4536,1915
6,paraclone8,1344,243,158,1635562414_31412.png,1635562414_31412_gfp.png,1635562414_31412_ph.png,836,1022,1079,1180,1090,7139,1333,7297,254,6117,1598,7461,7,4537,1916
6,paraclone8,1344,243,158,1635562415_560961.png,1635562415_560961_gfp.png,1635562415_560961_ph.png,682,730,925,888,1090,7139,1333,7297,408,6409,1752,7753,7,4538,1917
6,paraclone8,1344,243,158,1635562416_787091.png,1635562416_787091_gfp.png,1635562416_787091_ph.png,634,582,877,740,1090,7139,1333,7297,456,6557,1800,7901,7,4539,1918
6,paraclone8,1344,243,158,1635562418_032452.png,1635562418_032452_gfp.png,1635562418_032452_ph.png,1041,455,1284,613,1090,7139,1333,7297,49,6684,1393,8028,7,4540,1919
6,paraclone9,1344,131,108,1635562419_262743.png,1635562419_262743_gfp.png,1635562419_262743_ph.png,706,914,837,1022,5693,914,5824,1022,4987,0,6331,1344,7,4541,1920
6,paraclone10,1344,111,110,1635562419_262743.png,1635562419_262743_gfp.png,1635562419_262743_ph.png,1222,834,1333,944,6209,834,6320,944,4987,0,6331,1344,7,4542,1920
6,paraclone15,1344,85,92,1635562419_262743.png,1635562419_262743_gfp.png,1635562419_262743_ph.png,35,1207,120,1299,5022,1207,5107,1299,4987,0,6331,1344,7,4543,1920
6,paraclone9,1344,131,108,1635562420_5666711.png,1635562420_5666711_gfp.png,1635562420_5666711_ph.png,396,263,527,371,5693,914,5824,1022,5297,651,6641,1995,7,4544,1921
6,paraclone10,1344,111,110,1635562420_5666711.png,1635562420_5666711_gfp.png,1635562420_5666711_ph.png,912,183,1023,293,6209,834,6320,944,5297,651,6641,1995,7,4545,1921
6,paraclone9,1344,131,108,1635562421_8112268.png,1635562421_8112268_gfp.png,1635562421_8112268_ph.png,1050,679,1181,787,5693,914,5824,1022,4643,235,5987,1579,7,4546,1922
6,paraclone15,1344,85,92,1635562421_8112268.png,1635562421_8112268_gfp.png,1635562421_8112268_ph.png,379,972,464,1064,5022,1207,5107,1299,4643,235,5987,1579,7,4547,1922
6,paraclone9,1344,131,108,1635562423_0999901.png,1635562423_0999901_gfp.png,1635562423_0999901_ph.png,869,914,1000,1022,5693,914,5824,1022,4824,0,6168,1344,7,4548,1923
6,paraclone15,1344,85,92,1635562423_0999901.png,1635562423_0999901_gfp.png,1635562423_0999901_ph.png,198,1207,283,1299,5022,1207,5107,1299,4824,0,6168,1344,7,4549,1923
6,paraclone9,1344,131,108,1635562424_385851.png,1635562424_385851_gfp.png,1635562424_385851_ph.png,1022,680,1153,788,5693,914,5824,1022,4671,234,6015,1578,7,4550,1924
6,paraclone15,1344,85,92,1635562424_385851.png,1635562424_385851_gfp.png,1635562424_385851_ph.png,351,973,436,1065,5022,1207,5107,1299,4671,234,6015,1578,7,4551,1924
6,paraclone9,1344,131,108,1635562425_843186.png,1635562425_843186_gfp.png,1635562425_843186_ph.png,968,391,1099,499,5693,914,5824,1022,4725,523,6069,1867,7,4552,1925
6,paraclone15,1344,85,92,1635562425_843186.png,1635562425_843186_gfp.png,1635562425_843186_ph.png,297,684,382,776,5022,1207,5107,1299,4725,523,6069,1867,7,4553,1925
6,paraclone9,1344,131,108,1635562427_186246.png,1635562427_186246_gfp.png,1635562427_186246_ph.png,510,461,641,569,5693,914,5824,1022,5183,453,6527,1797,7,4554,1926
6,paraclone10,1344,111,110,1635562427_186246.png,1635562427_186246_gfp.png,1635562427_186246_ph.png,1026,381,1137,491,6209,834,6320,944,5183,453,6527,1797,7,4555,1926
6,paraclone9,1344,131,108,1635562428_4402292.png,1635562428_4402292_gfp.png,1635562428_4402292_ph.png,1213,914,1344,1022,5693,914,5824,1022,4480,0,5824,1344,7,4556,1927
6,paraclone15,1344,85,92,1635562428_4402292.png,1635562428_4402292_gfp.png,1635562428_4402292_ph.png,542,1207,627,1299,5022,1207,5107,1299,4480,0,5824,1344,7,4557,1927
6,paraclone9,1344,131,108,1635562429_8407948.png,1635562429_8407948_gfp.png,1635562429_8407948_ph.png,782,914,913,1022,5693,914,5824,1022,4911,0,6255,1344,7,4558,1928
6,paraclone15,1344,85,92,1635562429_8407948.png,1635562429_8407948_gfp.png,1635562429_8407948_ph.png,111,1207,196,1299,5022,1207,5107,1299,4911,0,6255,1344,7,4559,1928
6,paraclone9,1344,131,108,1635562431_1209228.png,1635562431_1209228_gfp.png,1635562431_1209228_ph.png,388,833,519,941,5693,914,5824,1022,5305,81,6649,1425,7,4560,1929
6,paraclone10,1344,111,110,1635562431_1209228.png,1635562431_1209228_gfp.png,1635562431_1209228_ph.png,904,753,1015,863,6209,834,6320,944,5305,81,6649,1425,7,4561,1929
6,holoclone4,1344,434,475,1635562432_44211.png,1635562432_44211_gfp.png,1635562432_44211_ph.png,425,819,859,1294,3843,7516,4277,7991,3418,6697,4762,8041,7,4562,1930
6,holoclone4,1344,434,475,1635562433_723192.png,1635562433_723192_gfp.png,1635562433_723192_ph.png,414,852,848,1327,3843,7516,4277,7991,3429,6664,4773,8008,7,4563,1931
6,holoclone4,1344,434,475,1635562434_965536.png,1635562434_965536_gfp.png,1635562434_965536_ph.png,569,843,1003,1318,3843,7516,4277,7991,3274,6673,4618,8017,7,4564,1932
6,holoclone4,1344,434,475,1635562436_199677.png,1635562436_199677_gfp.png,1635562436_199677_ph.png,408,849,842,1324,3843,7516,4277,7991,3435,6667,4779,8011,7,4565,1933
6,holoclone4,1344,434,475,1635562437_45924.png,1635562437_45924_gfp.png,1635562437_45924_ph.png,351,844,785,1319,3843,7516,4277,7991,3492,6672,4836,8016,7,4566,1934
6,holoclone4,1344,434,475,1635562438_701119.png,1635562438_701119_gfp.png,1635562438_701119_ph.png,510,818,944,1293,3843,7516,4277,7991,3333,6698,4677,8042,7,4567,1935
6,holoclone4,1344,434,475,1635562439_9431648.png,1635562439_9431648_gfp.png,1635562439_9431648_ph.png,300,825,734,1300,3843,7516,4277,7991,3543,6691,4887,8035,7,4568,1936
6,holoclone4,1344,434,475,1635562441_254899.png,1635562441_254899_gfp.png,1635562441_254899_ph.png,177,868,611,1343,3843,7516,4277,7991,3666,6648,5010,7992,7,4569,1937
6,holoclone4,1344,434,475,1635562442_656123.png,1635562442_656123_gfp.png,1635562442_656123_ph.png,600,824,1034,1299,3843,7516,4277,7991,3243,6692,4587,8036,7,4570,1938
6,holoclone4,1344,434,475,1635562444_1615942.png,1635562444_1615942_gfp.png,1635562444_1615942_ph.png,61,862,495,1337,3843,7516,4277,7991,3782,6654,5126,7998,7,4571,1939
6,paraclone9,1344,131,108,1635562445_599584.png,1635562445_599584_gfp.png,1635562445_599584_ph.png,702,94,833,202,5693,914,5824,1022,4991,820,6335,2164,7,4572,1940
6,paraclone10,1344,111,110,1635562445_599584.png,1635562445_599584_gfp.png,1635562445_599584_ph.png,1218,14,1329,124,6209,834,6320,944,4991,820,6335,2164,7,4573,1940
6,paraclone15,1344,85,92,1635562445_599584.png,1635562445_599584_gfp.png,1635562445_599584_ph.png,31,387,116,479,5022,1207,5107,1299,4991,820,6335,2164,7,4574,1940
6,paraclone9,1344,131,108,1635562446_936836.png,1635562446_936836_gfp.png,1635562446_936836_ph.png,444,735,575,843,5693,914,5824,1022,5249,179,6593,1523,7,4575,1941
6,paraclone10,1344,111,110,1635562446_936836.png,1635562446_936836_gfp.png,1635562446_936836_ph.png,960,655,1071,765,6209,834,6320,944,5249,179,6593,1523,7,4576,1941
6,paraclone9,1344,131,108,1635562448_3091478.png,1635562448_3091478_gfp.png,1635562448_3091478_ph.png,706,914,837,1022,5693,914,5824,1022,4987,0,6331,1344,7,4577,1942
6,paraclone10,1344,111,110,1635562448_3091478.png,1635562448_3091478_gfp.png,1635562448_3091478_ph.png,1222,834,1333,944,6209,834,6320,944,4987,0,6331,1344,7,4578,1942
6,paraclone15,1344,85,92,1635562448_3091478.png,1635562448_3091478_gfp.png,1635562448_3091478_ph.png,35,1207,120,1299,5022,1207,5107,1299,4987,0,6331,1344,7,4579,1942
6,paraclone9,1344,131,108,1635562449_611341.png,1635562449_611341_gfp.png,1635562449_611341_ph.png,437,914,568,1022,5693,914,5824,1022,5256,0,6600,1344,7,4580,1943
6,paraclone10,1344,111,110,1635562449_611341.png,1635562449_611341_gfp.png,1635562449_611341_ph.png,953,834,1064,944,6209,834,6320,944,5256,0,6600,1344,7,4581,1943
6,paraclone9,1344,131,108,1635562450_8974981.png,1635562450_8974981_gfp.png,1635562450_8974981_ph.png,418,862,549,970,5693,914,5824,1022,5275,52,6619,1396,7,4582,1944
6,paraclone10,1344,111,110,1635562450_8974981.png,1635562450_8974981_gfp.png,1635562450_8974981_ph.png,934,782,1045,892,6209,834,6320,944,5275,52,6619,1396,7,4583,1944
6,paraclone9,1344,131,108,1635562452_1836338.png,1635562452_1836338_gfp.png,1635562452_1836338_ph.png,694,654,825,762,5693,914,5824,1022,4999,260,6343,1604,7,4584,1945
6,paraclone10,1344,111,110,1635562452_1836338.png,1635562452_1836338_gfp.png,1635562452_1836338_ph.png,1210,574,1321,684,6209,834,6320,944,4999,260,6343,1604,7,4585,1945
6,paraclone15,1344,85,92,1635562452_1836338.png,1635562452_1836338_gfp.png,1635562452_1836338_ph.png,23,947,108,1039,5022,1207,5107,1299,4999,260,6343,1604,7,4586,1945
6,paraclone9,1344,131,108,1635562453_462225.png,1635562453_462225_gfp.png,1635562453_462225_ph.png,692,352,823,460,5693,914,5824,1022,5001,562,6345,1906,7,4587,1946
6,paraclone10,1344,111,110,1635562453_462225.png,1635562453_462225_gfp.png,1635562453_462225_ph.png,1208,272,1319,382,6209,834,6320,944,5001,562,6345,1906,7,4588,1946
6,paraclone15,1344,85,92,1635562453_462225.png,1635562453_462225_gfp.png,1635562453_462225_ph.png,21,645,106,737,5022,1207,5107,1299,5001,562,6345,1906,7,4589,1946
6,paraclone9,1344,131,108,1635562454_708292.png,1635562454_708292_gfp.png,1635562454_708292_ph.png,457,134,588,242,5693,914,5824,1022,5236,780,6580,2124,7,4590,1947
6,paraclone10,1344,111,110,1635562454_708292.png,1635562454_708292_gfp.png,1635562454_708292_ph.png,973,54,1084,164,6209,834,6320,944,5236,780,6580,2124,7,4591,1947
6,paraclone9,1344,131,108,1635562456_050559.png,1635562456_050559_gfp.png,1635562456_050559_ph.png,373,914,504,1022,5693,914,5824,1022,5320,0,6664,1344,7,4592,1948
6,paraclone10,1344,111,110,1635562456_050559.png,1635562456_050559_gfp.png,1635562456_050559_ph.png,889,834,1000,944,6209,834,6320,944,5320,0,6664,1344,7,4593,1948
6,paraclone9,1344,131,108,1635562457_332155.png,1635562457_332155_gfp.png,1635562457_332155_ph.png,678,139,809,247,5693,914,5824,1022,5015,775,6359,2119,7,4594,1949
6,paraclone10,1344,111,110,1635562457_332155.png,1635562457_332155_gfp.png,1635562457_332155_ph.png,1194,59,1305,169,6209,834,6320,944,5015,775,6359,2119,7,4595,1949
6,paraclone15,1344,85,92,1635562457_332155.png,1635562457_332155_gfp.png,1635562457_332155_ph.png,7,432,92,524,5022,1207,5107,1299,5015,775,6359,2119,7,4596,1949
6,paraclone1,1344,93,103,1635562458_600398.png,1635562458_600398_gfp.png,1635562458_600398_ph.png,1024,161,1117,264,4814,4574,4907,4677,3790,4413,5134,5757,7,4597,1950
6,paraclone11,1344,56,55,1635562458_600398.png,1635562458_600398_gfp.png,1635562458_600398_ph.png,317,926,373,981,4107,5339,4163,5394,3790,4413,5134,5757,7,4598,1950
6,paraclone11,1344,56,55,1635562459_9400718.png,1635562459_9400718_gfp.png,1635562459_9400718_ph.png,787,1025,843,1080,4107,5339,4163,5394,3320,4314,4664,5658,7,4599,1951
6,paraclone11,1344,56,55,1635562461_26352.png,1635562461_26352_gfp.png,1635562461_26352_ph.png,1062,589,1118,644,4107,5339,4163,5394,3045,4750,4389,6094,7,4600,1952
6,paraclone1,1344,93,103,1635562462_794253.png,1635562462_794253_gfp.png,1635562462_794253_ph.png,711,36,804,139,4814,4574,4907,4677,4103,4538,5447,5882,7,4601,1953
6,paraclone11,1344,56,55,1635562462_794253.png,1635562462_794253_gfp.png,1635562462_794253_ph.png,4,801,60,856,4107,5339,4163,5394,4103,4538,5447,5882,7,4602,1953
6,paraclone11,1344,56,55,1635562464_0994189.png,1635562464_0994189_gfp.png,1635562464_0994189_ph.png,849,414,905,469,4107,5339,4163,5394,3258,4925,4602,6269,7,4603,1954
6,paraclone11,1344,56,55,1635562465_357716.png,1635562465_357716_gfp.png,1635562465_357716_ph.png,1121,1134,1177,1189,4107,5339,4163,5394,2986,4205,4330,5549,7,4604,1955
6,paraclone1,1344,93,103,1635562466_610477.png,1635562466_610477_gfp.png,1635562466_610477_ph.png,1068,137,1161,240,4814,4574,4907,4677,3746,4437,5090,5781,7,4605,1956
6,paraclone11,1344,56,55,1635562466_610477.png,1635562466_610477_gfp.png,1635562466_610477_ph.png,361,902,417,957,4107,5339,4163,5394,3746,4437,5090,5781,7,4606,1956
6,paraclone11,1344,56,55,1635562467_937933.png,1635562467_937933_gfp.png,1635562467_937933_ph.png,496,512,552,567,4107,5339,4163,5394,3611,4827,4955,6171,7,4607,1957
6,paraclone11,1344,56,55,1635562469_188233.png,1635562469_188233_gfp.png,1635562469_188233_ph.png,1147,1024,1203,1079,4107,5339,4163,5394,2960,4315,4304,5659,7,4608,1958
6,paraclone11,1344,56,55,1635562470_457563.png,1635562470_457563_gfp.png,1635562470_457563_ph.png,1025,708,1081,763,4107,5339,4163,5394,3082,4631,4426,5975,7,4609,1959
6,paraclone12,1344,25,32,1635562471_7683232.png,1635562471_7683232_gfp.png,1635562471_7683232_ph.png,1026,1166,1051,1198,5121,3601,5146,3633,4095,2435,5439,3779,7,4610,1960
6,paraclone12,1344,25,32,1635562473_03934.png,1635562473_03934_gfp.png,1635562473_03934_ph.png,1015,721,1040,753,5121,3601,5146,3633,4106,2880,5450,4224,7,4611,1961
6,paraclone12,1344,25,32,1635562474_280019.png,1635562474_280019_gfp.png,1635562474_280019_ph.png,38,130,63,162,5121,3601,5146,3633,5083,3471,6427,4815,7,4612,1962
6,paraclone1,1344,93,103,1635562475_581456.png,1635562475_581456_gfp.png,1635562475_581456_ph.png,712,1004,805,1107,4814,4574,4907,4677,4102,3570,5446,4914,7,4613,1963
6,paraclone12,1344,25,32,1635562475_581456.png,1635562475_581456_gfp.png,1635562475_581456_ph.png,1019,31,1044,63,5121,3601,5146,3633,4102,3570,5446,4914,7,4614,1963
6,paraclone1,1344,93,103,1635562476_892541.png,1635562476_892541_gfp.png,1635562476_892541_ph.png,997,1084,1090,1187,4814,4574,4907,4677,3817,3490,5161,4834,7,4615,1964
6,paraclone12,1344,25,32,1635562476_892541.png,1635562476_892541_gfp.png,1635562476_892541_ph.png,1304,111,1329,143,5121,3601,5146,3633,3817,3490,5161,4834,7,4616,1964
6,paraclone12,1344,25,32,1635562478_1865711.png,1635562478_1865711_gfp.png,1635562478_1865711_ph.png,513,904,538,936,5121,3601,5146,3633,4608,2697,5952,4041,7,4617,1965
6,paraclone12,1344,25,32,1635562479_460756.png,1635562479_460756_gfp.png,1635562479_460756_ph.png,9,801,34,833,5121,3601,5146,3633,5112,2800,6456,4144,7,4618,1966
6,paraclone12,1344,25,32,1635562480_745594.png,1635562480_745594_gfp.png,1635562480_745594_ph.png,345,410,370,442,5121,3601,5146,3633,4776,3191,6120,4535,7,4619,1967
6,paraclone12,1344,25,32,1635562481_990242.png,1635562481_990242_gfp.png,1635562481_990242_ph.png,645,340,670,372,5121,3601,5146,3633,4476,3261,5820,4605,7,4620,1968
6,paraclone12,1344,25,32,1635562483_2838368.png,1635562483_2838368_gfp.png,1635562483_2838368_ph.png,313,468,338,500,5121,3601,5146,3633,4808,3133,6152,4477,7,4621,1969
6,paraclone13,1344,61,133,1635562484_842577.png,1635562484_842577_gfp.png,1635562484_842577_ph.png,293,1004,354,1137,293,2128,354,2261,0,1124,1344,2468,7,4622,1970
6,paraclone13,1344,61,133,1635562486_318752.png,1635562486_318752_gfp.png,1635562486_318752_ph.png,103,599,164,732,293,2128,354,2261,190,1529,1534,2873,7,4623,1971
6,paraclone13,1344,61,133,1635562487_663085.png,1635562487_663085_gfp.png,1635562487_663085_ph.png,293,249,354,382,293,2128,354,2261,0,1879,1344,3223,7,4624,1972
6,paraclone13,1344,61,133,1635562488_9423711.png,1635562488_9423711_gfp.png,1635562488_9423711_ph.png,293,245,354,378,293,2128,354,2261,0,1883,1344,3227,7,4625,1973
6,paraclone13,1344,61,133,1635562490_297675.png,1635562490_297675_gfp.png,1635562490_297675_ph.png,288,406,349,539,293,2128,354,2261,5,1722,1349,3066,7,4626,1974
6,paraclone13,1344,61,133,1635562491_636105.png,1635562491_636105_gfp.png,1635562491_636105_ph.png,251,200,312,333,293,2128,354,2261,42,1928,1386,3272,7,4627,1975
6,paraclone13,1344,61,133,1635562492_8829901.png,1635562492_8829901_gfp.png,1635562492_8829901_ph.png,293,677,354,810,293,2128,354,2261,0,1451,1344,2795,7,4628,1976
6,paraclone13,1344,61,133,1635562494_175957.png,1635562494_175957_gfp.png,1635562494_175957_ph.png,293,119,354,252,293,2128,354,2261,0,2009,1344,3353,7,4629,1977
6,paraclone13,1344,61,133,1635562495_471731.png,1635562495_471731_gfp.png,1635562495_471731_ph.png,293,613,354,746,293,2128,354,2261,0,1515,1344,2859,7,4630,1978
6,paraclone13,1344,61,133,1635562496_7574458.png,1635562496_7574458_gfp.png,1635562496_7574458_ph.png,293,1019,354,1152,293,2128,354,2261,0,1109,1344,2453,7,4631,1979
6,paraclone9,1344,131,108,1635562498_0313668.png,1635562498_0313668_gfp.png,1635562498_0313668_ph.png,919,238,1050,346,5693,914,5824,1022,4774,676,6118,2020,7,4632,1980
6,paraclone15,1344,85,92,1635562498_0313668.png,1635562498_0313668_gfp.png,1635562498_0313668_ph.png,248,531,333,623,5022,1207,5107,1299,4774,676,6118,2020,7,4633,1980
6,paraclone9,1344,131,108,1635562499_359693.png,1635562499_359693_gfp.png,1635562499_359693_ph.png,906,689,1037,797,5693,914,5824,1022,4787,225,6131,1569,7,4634,1981
6,paraclone15,1344,85,92,1635562499_359693.png,1635562499_359693_gfp.png,1635562499_359693_ph.png,235,982,320,1074,5022,1207,5107,1299,4787,225,6131,1569,7,4635,1981
6,holoclone2,1344,408,420,1635562500_66462.png,1635562500_66462_gfp.png,1635562500_66462_ph.png,17,597,425,1017,4470,624,4878,1044,4453,27,5797,1371,7,4636,1982
6,paraclone15,1344,85,92,1635562500_66462.png,1635562500_66462_gfp.png,1635562500_66462_ph.png,569,1180,654,1272,5022,1207,5107,1299,4453,27,5797,1371,7,4637,1982
6,paraclone15,1344,85,92,1635562501_945167.png,1635562501_945167_gfp.png,1635562501_945167_ph.png,86,208,171,300,5022,1207,5107,1299,4936,999,6280,2343,7,4638,1983
6,holoclone2,1344,408,420,1635562503_187563.png,1635562503_187563_gfp.png,1635562503_187563_ph.png,413,592,821,1012,4470,624,4878,1044,4057,32,5401,1376,7,4639,1984
6,paraclone15,1344,85,92,1635562503_187563.png,1635562503_187563_gfp.png,1635562503_187563_ph.png,965,1175,1050,1267,5022,1207,5107,1299,4057,32,5401,1376,7,4640,1984
6,paraclone9,1344,131,108,1635562504_436919.png,1635562504_436919_gfp.png,1635562504_436919_ph.png,1203,739,1334,847,5693,914,5824,1022,4490,175,5834,1519,7,4641,1985
6,paraclone15,1344,85,92,1635562504_436919.png,1635562504_436919_gfp.png,1635562504_436919_ph.png,532,1032,617,1124,5022,1207,5107,1299,4490,175,5834,1519,7,4642,1985
6,paraclone9,1344,131,108,1635562505_71865.png,1635562505_71865_gfp.png,1635562505_71865_ph.png,1027,538,1158,646,5693,914,5824,1022,4666,376,6010,1720,7,4643,1986
6,paraclone15,1344,85,92,1635562505_71865.png,1635562505_71865_gfp.png,1635562505_71865_ph.png,356,831,441,923,5022,1207,5107,1299,4666,376,6010,1720,7,4644,1986
6,holoclone2,1344,408,420,1635562507_0948591.png,1635562507_0948591_gfp.png,1635562507_0948591_ph.png,335,309,743,729,4470,624,4878,1044,4135,315,5479,1659,7,4645,1987
6,paraclone15,1344,85,92,1635562507_0948591.png,1635562507_0948591_gfp.png,1635562507_0948591_ph.png,887,892,972,984,5022,1207,5107,1299,4135,315,5479,1659,7,4646,1987
6,paraclone9,1344,131,108,1635562508_5362592.png,1635562508_5362592_gfp.png,1635562508_5362592_ph.png,807,775,938,883,5693,914,5824,1022,4886,139,6230,1483,7,4647,1988
6,paraclone15,1344,85,92,1635562508_5362592.png,1635562508_5362592_gfp.png,1635562508_5362592_ph.png,136,1068,221,1160,5022,1207,5107,1299,4886,139,6230,1483,7,4648,1988
6,paraclone15,1344,85,92,1635562509_871763.png,1635562509_871763_gfp.png,1635562509_871763_ph.png,278,244,363,336,5022,1207,5107,1299,4744,963,6088,2307,7,4649,1989
6,holoclone1,1344,198,169,1635562511_9576058.png,1635562511_9576058_gfp.png,1635562511_9576058_ph.png,720,286,918,455,4954,4556,5152,4725,4234,4270,5578,5614,8,4650,1990
6,paraclone9,1344,36,46,1635562511_9576058.png,1635562511_9576058_gfp.png,1635562511_9576058_ph.png,871,1240,907,1286,5105,5510,5141,5556,4234,4270,5578,5614,8,4651,1990
6,holoclone1,1344,198,169,1635562514_588001.png,1635562514_588001_gfp.png,1635562514_588001_ph.png,1114,918,1312,1087,4954,4556,5152,4725,3840,3638,5184,4982,8,4652,1991
6,holoclone1,1344,198,169,1635562516_822579.png,1635562516_822579_gfp.png,1635562516_822579_ph.png,105,289,303,458,4954,4556,5152,4725,4849,4267,6193,5611,8,4653,1992
6,paraclone9,1344,36,46,1635562516_822579.png,1635562516_822579_gfp.png,1635562516_822579_ph.png,256,1243,292,1289,5105,5510,5141,5556,4849,4267,6193,5611,8,4654,1992
6,paraclone20,1344,67,73,1635562516_822579.png,1635562516_822579_gfp.png,1635562516_822579_ph.png,1123,173,1190,246,5972,4440,6039,4513,4849,4267,6193,5611,8,4655,1992
6,holoclone1,1344,198,169,1635562519_0255811.png,1635562519_0255811_gfp.png,1635562519_0255811_ph.png,1038,666,1236,835,4954,4556,5152,4725,3916,3890,5260,5234,8,4656,1993
6,holoclone1,1344,198,169,1635562521_253194.png,1635562521_253194_gfp.png,1635562521_253194_ph.png,1102,990,1300,1159,4954,4556,5152,4725,3852,3566,5196,4910,8,4657,1994
6,holoclone1,1344,198,169,1635562523_458907.png,1635562523_458907_gfp.png,1635562523_458907_ph.png,1026,178,1224,347,4954,4556,5152,4725,3928,4378,5272,5722,8,4658,1995
6,paraclone9,1344,36,46,1635562523_458907.png,1635562523_458907_gfp.png,1635562523_458907_ph.png,1177,1132,1213,1178,5105,5510,5141,5556,3928,4378,5272,5722,8,4659,1995
6,holoclone1,1344,198,169,1635562525_8272011.png,1635562525_8272011_gfp.png,1635562525_8272011_ph.png,636,758,834,927,4954,4556,5152,4725,4318,3798,5662,5142,8,4660,1996
6,holoclone1,1344,198,169,1635562528_0023491.png,1635562528_0023491_gfp.png,1635562528_0023491_ph.png,425,867,623,1036,4954,4556,5152,4725,4529,3689,5873,5033,8,4661,1997
6,holoclone1,1344,198,169,1635562530_1502552.png,1635562530_1502552_gfp.png,1635562530_1502552_ph.png,656,193,854,362,4954,4556,5152,4725,4298,4363,5642,5707,8,4662,1998
6,paraclone9,1344,36,46,1635562530_1502552.png,1635562530_1502552_gfp.png,1635562530_1502552_ph.png,807,1147,843,1193,5105,5510,5141,5556,4298,4363,5642,5707,8,4663,1998
6,holoclone1,1344,198,169,1635562532_270166.png,1635562532_270166_gfp.png,1635562532_270166_ph.png,360,510,558,679,4954,4556,5152,4725,4594,4046,5938,5390,8,4664,1999
6,holoclone2,1344,140,111,1635562534_9848928.png,1635562534_9848928_gfp.png,1635562534_9848928_ph.png,1011,842,1151,953,10292,4612,10432,4723,9281,3770,10625,5114,8,4665,2000
6,holoclone2,1344,140,111,1635562537_455437.png,1635562537_455437_gfp.png,1635562537_455437_ph.png,1201,511,1341,622,10292,4612,10432,4723,9091,4101,10435,5445,8,4666,2001
6,holoclone2,1344,140,111,1635562540_085828.png,1635562540_085828_gfp.png,1635562540_085828_ph.png,955,1106,1095,1217,10292,4612,10432,4723,9337,3506,10681,4850,8,4667,2002
6,holoclone2,1344,140,111,1635562542_4786391.png,1635562542_4786391_gfp.png,1635562542_4786391_ph.png,1112,734,1252,845,10292,4612,10432,4723,9180,3878,10524,5222,8,4668,2003
6,holoclone2,1344,140,111,1635562544_6755998.png,1635562544_6755998_gfp.png,1635562544_6755998_ph.png,1163,593,1303,704,10292,4612,10432,4723,9129,4019,10473,5363,8,4669,2004
6,holoclone2,1344,140,111,1635562546_641072.png,1635562546_641072_gfp.png,1635562546_641072_ph.png,916,756,1056,867,10292,4612,10432,4723,9376,3856,10720,5200,8,4670,2005
6,holoclone2,1344,140,111,1635562548_867049.png,1635562548_867049_gfp.png,1635562548_867049_ph.png,1196,384,1336,495,10292,4612,10432,4723,9096,4228,10440,5572,8,4671,2006
6,holoclone2,1344,140,111,1635562551_008471.png,1635562551_008471_gfp.png,1635562551_008471_ph.png,902,949,1042,1060,10292,4612,10432,4723,9390,3663,10734,5007,8,4672,2007
6,holoclone2,1344,140,111,1635562553_055552.png,1635562553_055552_gfp.png,1635562553_055552_ph.png,1052,296,1192,407,10292,4612,10432,4723,9240,4316,10584,5660,8,4673,2008
6,holoclone2,1344,140,111,1635562555_2209978.png,1635562555_2209978_gfp.png,1635562555_2209978_ph.png,955,502,1095,613,10292,4612,10432,4723,9337,4110,10681,5454,8,4674,2009
6,paraclone1,1344,33,43,1635562557_373139.png,1635562557_373139_gfp.png,1635562557_373139_ph.png,1071,1085,1104,1128,3538,2083,3571,2126,2467,998,3811,2342,8,4675,2010
6,paraclone28,1344,47,41,1635562557_373139.png,1635562557_373139_gfp.png,1635562557_373139_ph.png,754,741,801,782,3221,1739,3268,1780,2467,998,3811,2342,8,4676,2010
6,paraclone1,1344,33,43,1635562559_416637.png,1635562559_416637_gfp.png,1635562559_416637_ph.png,1152,1007,1185,1050,3538,2083,3571,2126,2386,1076,3730,2420,8,4677,2011
6,paraclone28,1344,47,41,1635562559_416637.png,1635562559_416637_gfp.png,1635562559_416637_ph.png,835,663,882,704,3221,1739,3268,1780,2386,1076,3730,2420,8,4678,2011
6,paraclone1,1344,33,43,1635562561_645369.png,1635562561_645369_gfp.png,1635562561_645369_ph.png,410,510,443,553,3538,2083,3571,2126,3128,1573,4472,2917,8,4679,2012
6,paraclone28,1344,47,41,1635562561_645369.png,1635562561_645369_gfp.png,1635562561_645369_ph.png,93,166,140,207,3221,1739,3268,1780,3128,1573,4472,2917,8,4680,2012
6,paraclone1,1344,33,43,1635562563_643568.png,1635562563_643568_gfp.png,1635562563_643568_ph.png,377,514,410,557,3538,2083,3571,2126,3161,1569,4505,2913,8,4681,2013
6,paraclone28,1344,47,41,1635562563_643568.png,1635562563_643568_gfp.png,1635562563_643568_ph.png,60,170,107,211,3221,1739,3268,1780,3161,1569,4505,2913,8,4682,2013
6,paraclone1,1344,33,43,1635562565_83451.png,1635562565_83451_gfp.png,1635562565_83451_ph.png,1108,1242,1141,1285,3538,2083,3571,2126,2430,841,3774,2185,8,4683,2014
6,paraclone28,1344,47,41,1635562565_83451.png,1635562565_83451_gfp.png,1635562565_83451_ph.png,791,898,838,939,3221,1739,3268,1780,2430,841,3774,2185,8,4684,2014
6,paraclone1,1344,33,43,1635562567_850162.png,1635562567_850162_gfp.png,1635562567_850162_ph.png,65,128,98,171,3538,2083,3571,2126,3473,1955,4817,3299,8,4685,2015
6,paraclone2,1344,45,45,1635562567_850162.png,1635562567_850162_gfp.png,1635562567_850162_ph.png,1038,447,1083,492,4511,2402,4556,2447,3473,1955,4817,3299,8,4686,2015
6,paraclone1,1344,33,43,1635562569_79465.png,1635562569_79465_gfp.png,1635562569_79465_ph.png,10,1113,43,1156,3538,2083,3571,2126,3528,970,4872,2314,8,4687,2016
6,paraclone1,1344,33,43,1635562571_721697.png,1635562571_721697_gfp.png,1635562571_721697_ph.png,505,393,538,436,3538,2083,3571,2126,3033,1690,4377,3034,8,4688,2017
6,paraclone28,1344,47,41,1635562571_721697.png,1635562571_721697_gfp.png,1635562571_721697_ph.png,188,49,235,90,3221,1739,3268,1780,3033,1690,4377,3034,8,4689,2017
6,paraclone1,1344,33,43,1635562573_646294.png,1635562573_646294_gfp.png,1635562573_646294_ph.png,1072,723,1105,766,3538,2083,3571,2126,2466,1360,3810,2704,8,4690,2018
6,paraclone28,1344,47,41,1635562573_646294.png,1635562573_646294_gfp.png,1635562573_646294_ph.png,755,379,802,420,3221,1739,3268,1780,2466,1360,3810,2704,8,4691,2018
6,paraclone1,1344,33,43,1635562575_586484.png,1635562575_586484_gfp.png,1635562575_586484_ph.png,621,1301,654,1344,3538,2083,3571,2126,2917,782,4261,2126,8,4692,2019
6,paraclone28,1344,47,41,1635562575_586484.png,1635562575_586484_gfp.png,1635562575_586484_ph.png,304,957,351,998,3221,1739,3268,1780,2917,782,4261,2126,8,4693,2019
6,paraclone2,1344,45,45,1635562577_5836852.png,1635562577_5836852_gfp.png,1635562577_5836852_ph.png,765,26,810,71,4511,2402,4556,2447,3746,2376,5090,3720,8,4694,2020
6,paraclone2,1344,45,45,1635562579_8635771.png,1635562579_8635771_gfp.png,1635562579_8635771_ph.png,652,310,697,355,4511,2402,4556,2447,3859,2092,5203,3436,8,4695,2021
6,paraclone2,1344,45,45,1635562581_7963488.png,1635562581_7963488_gfp.png,1635562581_7963488_ph.png,552,78,597,123,4511,2402,4556,2447,3959,2324,5303,3668,8,4696,2022
6,paraclone2,1344,45,45,1635562583_744239.png,1635562583_744239_gfp.png,1635562583_744239_ph.png,216,91,261,136,4511,2402,4556,2447,4295,2311,5639,3655,8,4697,2023
6,paraclone24,1344,68,66,1635562583_744239.png,1635562583_744239_gfp.png,1635562583_744239_ph.png,1065,695,1133,761,5360,3006,5428,3072,4295,2311,5639,3655,8,4698,2023
6,paraclone2,1344,45,45,1635562585_69985.png,1635562585_69985_gfp.png,1635562585_69985_ph.png,335,736,380,781,4511,2402,4556,2447,4176,1666,5520,3010,8,4699,2024
6,paraclone7,1344,62,73,1635562585_69985.png,1635562585_69985_gfp.png,1635562585_69985_ph.png,891,100,953,173,5067,1766,5129,1839,4176,1666,5520,3010,8,4700,2024
6,paraclone1,1344,33,43,1635562587_694239.png,1635562587_694239_gfp.png,1635562587_694239_ph.png,271,366,304,409,3538,2083,3571,2126,3267,1717,4611,3061,8,4701,2025
6,paraclone2,1344,45,45,1635562587_694239.png,1635562587_694239_gfp.png,1635562587_694239_ph.png,1244,685,1289,730,4511,2402,4556,2447,3267,1717,4611,3061,8,4702,2025
6,paraclone2,1344,45,45,1635562589_663754.png,1635562589_663754_gfp.png,1635562589_663754_ph.png,727,609,772,654,4511,2402,4556,2447,3784,1793,5128,3137,8,4703,2026
6,paraclone2,1344,45,45,1635562591_589605.png,1635562591_589605_gfp.png,1635562591_589605_ph.png,1136,176,1181,221,4511,2402,4556,2447,3375,2226,4719,3570,8,4704,2027
6,paraclone2,1344,45,45,1635562593_558848.png,1635562593_558848_gfp.png,1635562593_558848_ph.png,84,256,129,301,4511,2402,4556,2447,4427,2146,5771,3490,8,4705,2028
6,paraclone24,1344,68,66,1635562593_558848.png,1635562593_558848_gfp.png,1635562593_558848_ph.png,933,860,1001,926,5360,3006,5428,3072,4427,2146,5771,3490,8,4706,2028
6,paraclone2,1344,45,45,1635562595_519189.png,1635562595_519189_gfp.png,1635562595_519189_ph.png,1175,198,1220,243,4511,2402,4556,2447,3336,2204,4680,3548,8,4707,2029
6,holoclone3,1344,323,262,1635562597_496896.png,1635562597_496896_gfp.png,1635562597_496896_ph.png,45,453,368,715,9273,7832,9596,8094,9228,7379,10572,8723,8,4708,2030
6,paraclone21,1344,100,144,1635562597_496896.png,1635562597_496896_gfp.png,1635562597_496896_ph.png,760,140,860,284,9988,7519,10088,7663,9228,7379,10572,8723,8,4709,2030
6,holoclone3,1344,323,262,1635562599_6925461.png,1635562599_6925461_gfp.png,1635562599_6925461_ph.png,134,219,457,481,9273,7832,9596,8094,9139,7613,10483,8957,8,4710,2031
6,holoclone3,1344,323,262,1635562601_743196.png,1635562601_743196_gfp.png,1635562601_743196_ph.png,485,987,808,1249,9273,7832,9596,8094,8788,6845,10132,8189,8,4711,2032
6,paraclone21,1344,100,144,1635562601_743196.png,1635562601_743196_gfp.png,1635562601_743196_ph.png,1200,674,1300,818,9988,7519,10088,7663,8788,6845,10132,8189,8,4712,2032
6,holoclone3,1344,323,262,1635562603_999726.png,1635562603_999726_gfp.png,1635562603_999726_ph.png,582,355,905,617,9273,7832,9596,8094,8691,7477,10035,8821,8,4713,2033
6,holoclone3,1344,323,262,1635562606_15939.png,1635562606_15939_gfp.png,1635562606_15939_ph.png,398,142,721,404,9273,7832,9596,8094,8875,7690,10219,9034,8,4714,2034
6,holoclone3,1344,323,262,1635562608_327231.png,1635562608_327231_gfp.png,1635562608_327231_ph.png,700,86,1023,348,9273,7832,9596,8094,8573,7746,9917,9090,8,4715,2035
6,holoclone3,1344,323,262,1635562610_3849869.png,1635562610_3849869_gfp.png,1635562610_3849869_ph.png,434,1005,757,1267,9273,7832,9596,8094,8839,6827,10183,8171,8,4716,2036
6,paraclone21,1344,100,144,1635562610_3849869.png,1635562610_3849869_gfp.png,1635562610_3849869_ph.png,1149,692,1249,836,9988,7519,10088,7663,8839,6827,10183,8171,8,4717,2036
6,holoclone3,1344,323,262,1635562612_560234.png,1635562612_560234_gfp.png,1635562612_560234_ph.png,89,176,412,438,9273,7832,9596,8094,9184,7656,10528,9000,8,4718,2037
6,holoclone3,1344,323,262,1635562614_5809941.png,1635562614_5809941_gfp.png,1635562614_5809941_ph.png,79,725,402,987,9273,7832,9596,8094,9194,7107,10538,8451,8,4719,2038
6,paraclone21,1344,100,144,1635562614_5809941.png,1635562614_5809941_gfp.png,1635562614_5809941_ph.png,794,412,894,556,9988,7519,10088,7663,9194,7107,10538,8451,8,4720,2038
6,holoclone3,1344,323,262,1635562616_6155.png,1635562616_6155_gfp.png,1635562616_6155_ph.png,1006,248,1329,510,9273,7832,9596,8094,8267,7584,9611,8928,8,4721,2039
6,meroclone3,1344,76,80,1635562618_6971111.png,1635562618_6971111_gfp.png,1635562618_6971111_ph.png,1234,280,1310,360,2986,4085,3062,4165,1752,3805,3096,5149,8,4722,2040
6,paraclone8,1344,60,66,1635562618_6971111.png,1635562618_6971111_gfp.png,1635562618_6971111_ph.png,775,1127,835,1193,2527,4932,2587,4998,1752,3805,3096,5149,8,4723,2040
6,meroclone3,1344,76,80,1635562620_787949.png,1635562620_787949_gfp.png,1635562620_787949_ph.png,493,584,569,664,2986,4085,3062,4165,2493,3501,3837,4845,8,4724,2041
6,meroclone3,1344,76,80,1635562622_724982.png,1635562622_724982_gfp.png,1635562622_724982_ph.png,986,926,1062,1006,2986,4085,3062,4165,2000,3159,3344,4503,8,4725,2042
6,meroclone3,1344,76,80,1635562624_6421728.png,1635562624_6421728_gfp.png,1635562624_6421728_ph.png,1037,1196,1113,1276,2986,4085,3062,4165,1949,2889,3293,4233,8,4726,2043
6,meroclone3,1344,76,80,1635562626_569251.png,1635562626_569251_gfp.png,1635562626_569251_ph.png,1162,533,1238,613,2986,4085,3062,4165,1824,3552,3168,4896,8,4727,2044
6,meroclone3,1344,76,80,1635562628_486183.png,1635562628_486183_gfp.png,1635562628_486183_ph.png,1181,1080,1257,1160,2986,4085,3062,4165,1805,3005,3149,4349,8,4728,2045
6,meroclone3,1344,76,80,1635562630_407562.png,1635562630_407562_gfp.png,1635562630_407562_ph.png,1042,668,1118,748,2986,4085,3062,4165,1944,3417,3288,4761,8,4729,2046
6,meroclone3,1344,76,80,1635562632_332909.png,1635562632_332909_gfp.png,1635562632_332909_ph.png,18,696,94,776,2986,4085,3062,4165,2968,3389,4312,4733,8,4730,2047
6,meroclone3,1344,76,80,1635562634_248967.png,1635562634_248967_gfp.png,1635562634_248967_ph.png,432,801,508,881,2986,4085,3062,4165,2554,3284,3898,4628,8,4731,2048
6,meroclone3,1344,76,80,1635562636_1647732.png,1635562636_1647732_gfp.png,1635562636_1647732_ph.png,426,567,502,647,2986,4085,3062,4165,2560,3518,3904,4862,8,4732,2049
6,paraclone4,1344,82,79,1635562638_117439.png,1635562638_117439_gfp.png,1635562638_117439_ph.png,78,1069,160,1148,4500,6387,4582,6466,4422,5318,5766,6662,8,4733,2050
6,paraclone9,1344,36,46,1635562638_117439.png,1635562638_117439_gfp.png,1635562638_117439_ph.png,683,192,719,238,5105,5510,5141,5556,4422,5318,5766,6662,8,4734,2050
6,paraclone4,1344,82,79,1635562640_0366669.png,1635562640_0366669_gfp.png,1635562640_0366669_ph.png,839,249,921,328,4500,6387,4582,6466,3661,6138,5005,7482,8,4735,2051
6,paraclone4,1344,82,79,1635562641_951094.png,1635562641_951094_gfp.png,1635562641_951094_ph.png,428,243,510,322,4500,6387,4582,6466,4072,6144,5416,7488,8,4736,2052
6,paraclone4,1344,82,79,1635562643_8691468.png,1635562643_8691468_gfp.png,1635562643_8691468_ph.png,740,476,822,555,4500,6387,4582,6466,3760,5911,5104,7255,8,4737,2053
6,paraclone4,1344,82,79,1635562645_788372.png,1635562645_788372_gfp.png,1635562645_788372_ph.png,1164,1146,1246,1225,4500,6387,4582,6466,3336,5241,4680,6585,8,4738,2054
6,paraclone6,1344,31,38,1635562645_788372.png,1635562645_788372_gfp.png,1635562645_788372_ph.png,120,1204,151,1242,3456,6445,3487,6483,3336,5241,4680,6585,8,4739,2054
6,paraclone4,1344,82,79,1635562647_710603.png,1635562647_710603_gfp.png,1635562647_710603_ph.png,743,236,825,315,4500,6387,4582,6466,3757,6151,5101,7495,8,4740,2055
6,paraclone4,1344,82,79,1635562649_620415.png,1635562649_620415_gfp.png,1635562649_620415_ph.png,645,536,727,615,4500,6387,4582,6466,3855,5851,5199,7195,8,4741,2056
6,paraclone4,1344,82,79,1635562651_530889.png,1635562651_530889_gfp.png,1635562651_530889_ph.png,1172,10,1254,89,4500,6387,4582,6466,3328,6377,4672,7721,8,4742,2057
6,paraclone6,1344,31,38,1635562651_530889.png,1635562651_530889_gfp.png,1635562651_530889_ph.png,128,68,159,106,3456,6445,3487,6483,3328,6377,4672,7721,8,4743,2057
6,paraclone4,1344,82,79,1635562653_456864.png,1635562653_456864_gfp.png,1635562653_456864_ph.png,935,920,1017,999,4500,6387,4582,6466,3565,5467,4909,6811,8,4744,2058
6,paraclone4,1344,82,79,1635562655_378455.png,1635562655_378455_gfp.png,1635562655_378455_ph.png,842,49,924,128,4500,6387,4582,6466,3658,6338,5002,7682,8,4745,2059
6,paraclone5,1344,48,54,1635562657_335993.png,1635562657_335993_gfp.png,1635562657_335993_ph.png,1208,987,1256,1041,6042,6375,6090,6429,4834,5388,6178,6732,8,4746,2060
6,paraclone9,1344,36,46,1635562657_335993.png,1635562657_335993_gfp.png,1635562657_335993_ph.png,271,122,307,168,5105,5510,5141,5556,4834,5388,6178,6732,8,4747,2060
6,paraclone5,1344,48,54,1635562659_344408.png,1635562659_344408_gfp.png,1635562659_344408_ph.png,1230,1090,1278,1144,6042,6375,6090,6429,4812,5285,6156,6629,8,4748,2061
6,paraclone9,1344,36,46,1635562659_344408.png,1635562659_344408_gfp.png,1635562659_344408_ph.png,293,225,329,271,5105,5510,5141,5556,4812,5285,6156,6629,8,4749,2061
6,paraclone5,1344,48,54,1635562661_292425.png,1635562661_292425_gfp.png,1635562661_292425_ph.png,768,962,816,1016,6042,6375,6090,6429,5274,5413,6618,6757,8,4750,2062
6,paraclone5,1344,48,54,1635562663_265269.png,1635562663_265269_gfp.png,1635562663_265269_ph.png,1284,271,1332,325,6042,6375,6090,6429,4758,6104,6102,7448,8,4751,2063
6,paraclone5,1344,48,54,1635562665_6314921.png,1635562665_6314921_gfp.png,1635562665_6314921_ph.png,505,1274,553,1328,6042,6375,6090,6429,5537,5101,6881,6445,8,4752,2064
6,paraclone5,1344,48,54,1635562667_875333.png,1635562667_875333_gfp.png,1635562667_875333_ph.png,709,1122,757,1176,6042,6375,6090,6429,5333,5253,6677,6597,8,4753,2065
6,paraclone5,1344,48,54,1635562669_957887.png,1635562669_957887_gfp.png,1635562669_957887_ph.png,1143,489,1191,543,6042,6375,6090,6429,4899,5886,6243,7230,8,4754,2066
6,paraclone5,1344,48,54,1635562672_10528.png,1635562672_10528_gfp.png,1635562672_10528_ph.png,53,1208,101,1262,6042,6375,6090,6429,5989,5167,7333,6511,8,4755,2067
6,paraclone5,1344,48,54,1635562674_243642.png,1635562674_243642_gfp.png,1635562674_243642_ph.png,208,682,256,736,6042,6375,6090,6429,5834,5693,7178,7037,8,4756,2068
6,paraclone5,1344,48,54,1635562676_483853.png,1635562676_483853_gfp.png,1635562676_483853_ph.png,846,982,894,1036,6042,6375,6090,6429,5196,5393,6540,6737,8,4757,2069
6,paraclone6,1344,31,38,1635562678_6124.png,1635562678_6124_gfp.png,1635562678_6124_ph.png,674,450,705,488,3456,6445,3487,6483,2782,5995,4126,7339,8,4758,2070
6,meroclone1,1344,138,152,1635562678_6124.png,1635562678_6124_gfp.png,1635562678_6124_ph.png,193,981,331,1133,2975,6976,3113,7128,2782,5995,4126,7339,8,4759,2070
6,paraclone6,1344,31,38,1635562680_648324.png,1635562680_648324_gfp.png,1635562680_648324_ph.png,293,901,324,939,3456,6445,3487,6483,3163,5544,4507,6888,8,4760,2071
6,paraclone6,1344,31,38,1635562682_584602.png,1635562682_584602_gfp.png,1635562682_584602_ph.png,1073,565,1104,603,3456,6445,3487,6483,2383,5880,3727,7224,8,4761,2072
6,meroclone1,1344,138,152,1635562682_584602.png,1635562682_584602_gfp.png,1635562682_584602_ph.png,592,1096,730,1248,2975,6976,3113,7128,2383,5880,3727,7224,8,4762,2072
6,paraclone6,1344,31,38,1635562684_5087569.png,1635562684_5087569_gfp.png,1635562684_5087569_ph.png,715,800,746,838,3456,6445,3487,6483,2741,5645,4085,6989,8,4763,2073
6,paraclone6,1344,31,38,1635562686_4339101.png,1635562686_4339101_gfp.png,1635562686_4339101_ph.png,471,489,502,527,3456,6445,3487,6483,2985,5956,4329,7300,8,4764,2074
6,paraclone6,1344,31,38,1635562688_470976.png,1635562688_470976_gfp.png,1635562688_470976_ph.png,750,712,781,750,3456,6445,3487,6483,2706,5733,4050,7077,8,4765,2075
6,paraclone6,1344,31,38,1635562690_402957.png,1635562690_402957_gfp.png,1635562690_402957_ph.png,512,456,543,494,3456,6445,3487,6483,2944,5989,4288,7333,8,4766,2076
6,meroclone1,1344,138,152,1635562690_402957.png,1635562690_402957_gfp.png,1635562690_402957_ph.png,31,987,169,1139,2975,6976,3113,7128,2944,5989,4288,7333,8,4767,2076
6,paraclone6,1344,31,38,1635562692_560746.png,1635562692_560746_gfp.png,1635562692_560746_ph.png,1154,971,1185,1009,3456,6445,3487,6483,2302,5474,3646,6818,8,4768,2077
6,paraclone6,1344,31,38,1635562694_554662.png,1635562694_554662_gfp.png,1635562694_554662_ph.png,547,624,578,662,3456,6445,3487,6483,2909,5821,4253,7165,8,4769,2078
6,meroclone1,1344,138,152,1635562694_554662.png,1635562694_554662_gfp.png,1635562694_554662_ph.png,66,1155,204,1307,2975,6976,3113,7128,2909,5821,4253,7165,8,4770,2078
6,paraclone6,1344,31,38,1635562696_541026.png,1635562696_541026_gfp.png,1635562696_541026_ph.png,615,265,646,303,3456,6445,3487,6483,2841,6180,4185,7524,8,4771,2079
6,meroclone1,1344,138,152,1635562696_541026.png,1635562696_541026_gfp.png,1635562696_541026_ph.png,134,796,272,948,2975,6976,3113,7128,2841,6180,4185,7524,8,4772,2079
6,paraclone7,1344,62,73,1635562698_495757.png,1635562698_495757_gfp.png,1635562698_495757_ph.png,222,1122,284,1195,5067,1766,5129,1839,4845,644,6189,1988,8,4773,2080
6,paraclone11,1344,112,90,1635562698_495757.png,1635562698_495757_gfp.png,1635562698_495757_ph.png,1196,830,1308,920,6041,1474,6153,1564,4845,644,6189,1988,8,4774,2080
6,paraclone2,1344,45,45,1635562700_433341.png,1635562700_433341_gfp.png,1635562700_433341_ph.png,173,1047,218,1092,4511,2402,4556,2447,4338,1355,5682,2699,8,4775,2081
6,paraclone7,1344,62,73,1635562700_433341.png,1635562700_433341_gfp.png,1635562700_433341_ph.png,729,411,791,484,5067,1766,5129,1839,4338,1355,5682,2699,8,4776,2081
6,paraclone2,1344,45,45,1635562702_388443.png,1635562702_388443_gfp.png,1635562702_388443_ph.png,336,765,381,810,4511,2402,4556,2447,4175,1637,5519,2981,8,4777,2082
6,paraclone7,1344,62,73,1635562702_388443.png,1635562702_388443_gfp.png,1635562702_388443_ph.png,892,129,954,202,5067,1766,5129,1839,4175,1637,5519,2981,8,4778,2082
6,paraclone7,1344,62,73,1635562704_3524082.png,1635562704_3524082_gfp.png,1635562704_3524082_ph.png,183,1146,245,1219,5067,1766,5129,1839,4884,620,6228,1964,8,4779,2083
6,paraclone11,1344,112,90,1635562704_3524082.png,1635562704_3524082_gfp.png,1635562704_3524082_ph.png,1157,854,1269,944,6041,1474,6153,1564,4884,620,6228,1964,8,4780,2083
6,paraclone2,1344,45,45,1635562706_302995.png,1635562706_302995_gfp.png,1635562706_302995_ph.png,45,1065,90,1110,4511,2402,4556,2447,4466,1337,5810,2681,8,4781,2084
6,paraclone7,1344,62,73,1635562706_302995.png,1635562706_302995_gfp.png,1635562706_302995_ph.png,601,429,663,502,5067,1766,5129,1839,4466,1337,5810,2681,8,4782,2084
6,paraclone2,1344,45,45,1635562708_261899.png,1635562708_261899_gfp.png,1635562708_261899_ph.png,214,829,259,874,4511,2402,4556,2447,4297,1573,5641,2917,8,4783,2085
6,paraclone7,1344,62,73,1635562708_261899.png,1635562708_261899_gfp.png,1635562708_261899_ph.png,770,193,832,266,5067,1766,5129,1839,4297,1573,5641,2917,8,4784,2085
6,paraclone7,1344,62,73,1635562710_219168.png,1635562710_219168_gfp.png,1635562710_219168_ph.png,324,677,386,750,5067,1766,5129,1839,4743,1089,6087,2433,8,4785,2086
6,paraclone2,1344,45,45,1635562712_4118001.png,1635562712_4118001_gfp.png,1635562712_4118001_ph.png,541,1199,586,1244,4511,2402,4556,2447,3970,1203,5314,2547,8,4786,2087
6,paraclone7,1344,62,73,1635562712_4118001.png,1635562712_4118001_gfp.png,1635562712_4118001_ph.png,1097,563,1159,636,5067,1766,5129,1839,3970,1203,5314,2547,8,4787,2087
6,paraclone7,1344,62,73,1635562714_616677.png,1635562714_616677_gfp.png,1635562714_616677_ph.png,1016,779,1078,852,5067,1766,5129,1839,4051,987,5395,2331,8,4788,2088
6,paraclone7,1344,62,73,1635562716_923766.png,1635562716_923766_gfp.png,1635562716_923766_ph.png,241,761,303,834,5067,1766,5129,1839,4826,1005,6170,2349,8,4789,2089
6,paraclone11,1344,112,90,1635562716_923766.png,1635562716_923766_gfp.png,1635562716_923766_ph.png,1215,469,1327,559,6041,1474,6153,1564,4826,1005,6170,2349,8,4790,2089
6,paraclone6,1344,31,38,1635562719_155777.png,1635562719_155777_gfp.png,1635562719_155777_ph.png,1179,318,1210,356,3456,6445,3487,6483,2277,6127,3621,7471,8,4791,2090
6,meroclone1,1344,138,152,1635562719_155777.png,1635562719_155777_gfp.png,1635562719_155777_ph.png,698,849,836,1001,2975,6976,3113,7128,2277,6127,3621,7471,8,4792,2090
6,meroclone1,1344,138,152,1635562721_621314.png,1635562721_621314_gfp.png,1635562721_621314_ph.png,1178,190,1316,342,2975,6976,3113,7128,1797,6786,3141,8130,8,4793,2091
6,meroclone1,1344,138,152,1635562723_6765811.png,1635562723_6765811_gfp.png,1635562723_6765811_ph.png,164,479,302,631,2975,6976,3113,7128,2811,6497,4155,7841,8,4794,2092
6,meroclone1,1344,138,152,1635562725_6257532.png,1635562725_6257532_gfp.png,1635562725_6257532_ph.png,580,118,718,270,2975,6976,3113,7128,2395,6858,3739,8202,8,4795,2093
6,paraclone6,1344,31,38,1635562727_546011.png,1635562727_546011_gfp.png,1635562727_546011_ph.png,853,535,884,573,3456,6445,3487,6483,2603,5910,3947,7254,8,4796,2094
6,meroclone1,1344,138,152,1635562727_546011.png,1635562727_546011_gfp.png,1635562727_546011_ph.png,372,1066,510,1218,2975,6976,3113,7128,2603,5910,3947,7254,8,4797,2094
6,meroclone1,1344,138,152,1635562729_468805.png,1635562729_468805_gfp.png,1635562729_468805_ph.png,869,511,1007,663,2975,6976,3113,7128,2106,6465,3450,7809,8,4798,2095
6,paraclone6,1344,31,38,1635562731_387659.png,1635562731_387659_gfp.png,1635562731_387659_ph.png,869,26,900,64,3456,6445,3487,6483,2587,6419,3931,7763,8,4799,2096
6,meroclone1,1344,138,152,1635562731_387659.png,1635562731_387659_gfp.png,1635562731_387659_ph.png,388,557,526,709,2975,6976,3113,7128,2587,6419,3931,7763,8,4800,2096
6,meroclone1,1344,138,152,1635562733_305443.png,1635562733_305443_gfp.png,1635562733_305443_ph.png,77,382,215,534,2975,6976,3113,7128,2898,6594,4242,7938,8,4801,2097
6,meroclone1,1344,138,152,1635562735_315257.png,1635562735_315257_gfp.png,1635562735_315257_ph.png,69,70,207,222,2975,6976,3113,7128,2906,6906,4250,8250,8,4802,2098
6,meroclone1,1344,138,152,1635562737_6171908.png,1635562737_6171908_gfp.png,1635562737_6171908_ph.png,625,456,763,608,2975,6976,3113,7128,2350,6520,3694,7864,8,4803,2099
6,paraclone8,1344,60,66,1635562740_2187479.png,1635562740_2187479_gfp.png,1635562740_2187479_ph.png,72,745,132,811,2527,4932,2587,4998,2455,4187,3799,5531,8,4804,2100
6,paraclone10,1344,98,106,1635562740_2187479.png,1635562740_2187479_gfp.png,1635562740_2187479_ph.png,996,858,1094,964,3451,5045,3549,5151,2455,4187,3799,5531,8,4805,2100
6,meroclone3,1344,76,80,1635562742_24296.png,1635562742_24296_gfp.png,1635562742_24296_ph.png,680,321,756,401,2986,4085,3062,4165,2306,3764,3650,5108,8,4806,2101
6,paraclone8,1344,60,66,1635562742_24296.png,1635562742_24296_gfp.png,1635562742_24296_ph.png,221,1168,281,1234,2527,4932,2587,4998,2306,3764,3650,5108,8,4807,2101
6,meroclone3,1344,76,80,1635562744_3560221.png,1635562744_3560221_gfp.png,1635562744_3560221_ph.png,1221,341,1297,421,2986,4085,3062,4165,1765,3744,3109,5088,8,4808,2102
6,paraclone8,1344,60,66,1635562744_3560221.png,1635562744_3560221_gfp.png,1635562744_3560221_ph.png,762,1188,822,1254,2527,4932,2587,4998,1765,3744,3109,5088,8,4809,2102
6,paraclone8,1344,60,66,1635562746_471453.png,1635562746_471453_gfp.png,1635562746_471453_ph.png,310,373,370,439,2527,4932,2587,4998,2217,4559,3561,5903,8,4810,2103
6,paraclone10,1344,98,106,1635562746_471453.png,1635562746_471453_gfp.png,1635562746_471453_ph.png,1234,486,1332,592,3451,5045,3549,5151,2217,4559,3561,5903,8,4811,2103
6,meroclone3,1344,76,80,1635562748_700403.png,1635562748_700403_gfp.png,1635562748_700403_ph.png,1154,118,1230,198,2986,4085,3062,4165,1832,3967,3176,5311,8,4812,2104
6,paraclone8,1344,60,66,1635562748_700403.png,1635562748_700403_gfp.png,1635562748_700403_ph.png,695,965,755,1031,2527,4932,2587,4998,1832,3967,3176,5311,8,4813,2104
6,paraclone8,1344,60,66,1635562750_6398132.png,1635562750_6398132_gfp.png,1635562750_6398132_ph.png,412,670,472,736,2527,4932,2587,4998,2115,4262,3459,5606,8,4814,2105
6,meroclone3,1344,76,80,1635562752_585299.png,1635562752_585299_gfp.png,1635562752_585299_ph.png,473,85,549,165,2986,4085,3062,4165,2513,4000,3857,5344,8,4815,2106
6,paraclone8,1344,60,66,1635562752_585299.png,1635562752_585299_gfp.png,1635562752_585299_ph.png,14,932,74,998,2527,4932,2587,4998,2513,4000,3857,5344,8,4816,2106
6,paraclone10,1344,98,106,1635562752_585299.png,1635562752_585299_gfp.png,1635562752_585299_ph.png,938,1045,1036,1151,3451,5045,3549,5151,2513,4000,3857,5344,8,4817,2106
6,paraclone8,1344,60,66,1635562754_5282571.png,1635562754_5282571_gfp.png,1635562754_5282571_ph.png,463,684,523,750,2527,4932,2587,4998,2064,4248,3408,5592,8,4818,2107
6,paraclone8,1344,60,66,1635562756_4683678.png,1635562756_4683678_gfp.png,1635562756_4683678_ph.png,958,1140,1018,1206,2527,4932,2587,4998,1569,3792,2913,5136,8,4819,2108
6,paraclone8,1344,60,66,1635562758_399808.png,1635562758_399808_gfp.png,1635562758_399808_ph.png,773,647,833,713,2527,4932,2587,4998,1754,4285,3098,5629,8,4820,2109
6,holoclone1,1344,198,169,1635562760_330558.png,1635562760_330558_gfp.png,1635562760_330558_ph.png,1124,64,1322,233,4954,4556,5152,4725,3830,4492,5174,5836,8,4821,2110
6,paraclone9,1344,36,46,1635562760_330558.png,1635562760_330558_gfp.png,1635562760_330558_ph.png,1275,1018,1311,1064,5105,5510,5141,5556,3830,4492,5174,5836,8,4822,2110
6,paraclone9,1344,36,46,1635562762_25459.png,1635562762_25459_gfp.png,1635562762_25459_ph.png,593,105,629,151,5105,5510,5141,5556,4512,5405,5856,6749,8,4823,2111
6,holoclone1,1344,198,169,1635562764_187348.png,1635562764_187348_gfp.png,1635562764_187348_ph.png,729,191,927,360,4954,4556,5152,4725,4225,4365,5569,5709,8,4824,2112
6,paraclone9,1344,36,46,1635562764_187348.png,1635562764_187348_gfp.png,1635562764_187348_ph.png,880,1145,916,1191,5105,5510,5141,5556,4225,4365,5569,5709,8,4825,2112
6,paraclone9,1344,36,46,1635562766_14764.png,1635562766_14764_gfp.png,1635562766_14764_ph.png,904,806,940,852,5105,5510,5141,5556,4201,4704,5545,6048,8,4826,2113
6,paraclone5,1344,48,54,1635562768_383447.png,1635562768_383447_gfp.png,1635562768_383447_ph.png,1255,1239,1303,1293,6042,6375,6090,6429,4787,5136,6131,6480,8,4827,2114
6,paraclone9,1344,36,46,1635562768_383447.png,1635562768_383447_gfp.png,1635562768_383447_ph.png,318,374,354,420,5105,5510,5141,5556,4787,5136,6131,6480,8,4828,2114
6,paraclone9,1344,36,46,1635562770_319565.png,1635562770_319565_gfp.png,1635562770_319565_ph.png,646,649,682,695,5105,5510,5141,5556,4459,4861,5803,6205,8,4829,2115
6,paraclone9,1344,36,46,1635562772_464544.png,1635562772_464544_gfp.png,1635562772_464544_ph.png,642,643,678,689,5105,5510,5141,5556,4463,4867,5807,6211,8,4830,2116
6,paraclone5,1344,48,54,1635562774_441592.png,1635562774_441592_gfp.png,1635562774_441592_ph.png,1235,926,1283,980,6042,6375,6090,6429,4807,5449,6151,6793,8,4831,2117
6,paraclone9,1344,36,46,1635562774_441592.png,1635562774_441592_gfp.png,1635562774_441592_ph.png,298,61,334,107,5105,5510,5141,5556,4807,5449,6151,6793,8,4832,2117
6,paraclone4,1344,82,79,1635562776_371447.png,1635562776_371447_gfp.png,1635562776_371447_ph.png,488,1070,570,1149,4500,6387,4582,6466,4012,5317,5356,6661,8,4833,2118
6,paraclone9,1344,36,46,1635562776_371447.png,1635562776_371447_gfp.png,1635562776_371447_ph.png,1093,193,1129,239,5105,5510,5141,5556,4012,5317,5356,6661,8,4834,2118
6,holoclone1,1344,198,169,1635562778_296633.png,1635562778_296633_gfp.png,1635562778_296633_ph.png,765,93,963,262,4954,4556,5152,4725,4189,4463,5533,5807,8,4835,2119
6,paraclone9,1344,36,46,1635562778_296633.png,1635562778_296633_gfp.png,1635562778_296633_ph.png,916,1047,952,1093,5105,5510,5141,5556,4189,4463,5533,5807,8,4836,2119
6,meroclone3,1344,76,80,1635562780_2244601.png,1635562780_2244601_gfp.png,1635562780_2244601_ph.png,612,213,688,293,2986,4085,3062,4165,2374,3872,3718,5216,8,4837,2120
6,paraclone8,1344,60,66,1635562780_2244601.png,1635562780_2244601_gfp.png,1635562780_2244601_ph.png,153,1060,213,1126,2527,4932,2587,4998,2374,3872,3718,5216,8,4838,2120
6,paraclone10,1344,98,106,1635562780_2244601.png,1635562780_2244601_gfp.png,1635562780_2244601_ph.png,1077,1173,1175,1279,3451,5045,3549,5151,2374,3872,3718,5216,8,4839,2120
6,paraclone10,1344,98,106,1635562782_215531.png,1635562782_215531_gfp.png,1635562782_215531_ph.png,688,519,786,625,3451,5045,3549,5151,2763,4526,4107,5870,8,4840,2121
6,paraclone10,1344,98,106,1635562784_1409311.png,1635562784_1409311_gfp.png,1635562784_1409311_ph.png,887,536,985,642,3451,5045,3549,5151,2564,4509,3908,5853,8,4841,2122
6,paraclone10,1344,98,106,1635562786_1069949.png,1635562786_1069949_gfp.png,1635562786_1069949_ph.png,433,186,531,292,3451,5045,3549,5151,3018,4859,4362,6203,8,4842,2123
6,paraclone10,1344,98,106,1635562788_026892.png,1635562788_026892_gfp.png,1635562788_026892_ph.png,214,1161,312,1267,3451,5045,3549,5151,3237,3884,4581,5228,8,4843,2124
6,paraclone10,1344,98,106,1635562789_956476.png,1635562789_956476_gfp.png,1635562789_956476_ph.png,669,571,767,677,3451,5045,3549,5151,2782,4474,4126,5818,8,4844,2125
6,paraclone10,1344,98,106,1635562791_9436228.png,1635562791_9436228_gfp.png,1635562791_9436228_ph.png,703,873,801,979,3451,5045,3549,5151,2748,4172,4092,5516,8,4845,2126
6,paraclone10,1344,98,106,1635562793_9504719.png,1635562793_9504719_gfp.png,1635562793_9504719_ph.png,362,828,460,934,3451,5045,3549,5151,3089,4217,4433,5561,8,4846,2127
6,paraclone10,1344,98,106,1635562795_886797.png,1635562795_886797_gfp.png,1635562795_886797_ph.png,247,614,345,720,3451,5045,3549,5151,3204,4431,4548,5775,8,4847,2128
6,meroclone3,1344,76,80,1635562797_813849.png,1635562797_813849_gfp.png,1635562797_813849_ph.png,11,47,87,127,2986,4085,3062,4165,2975,4038,4319,5382,8,4848,2129
6,paraclone10,1344,98,106,1635562797_813849.png,1635562797_813849_gfp.png,1635562797_813849_ph.png,476,1007,574,1113,3451,5045,3549,5151,2975,4038,4319,5382,8,4849,2129
6,paraclone11,1344,112,90,1635562799_741726.png,1635562799_741726_gfp.png,1635562799_741726_ph.png,66,377,178,467,6041,1474,6153,1564,5975,1097,7319,2441,8,4850,2130
6,paraclone12,1344,66,75,1635562799_741726.png,1635562799_741726_gfp.png,1635562799_741726_ph.png,448,168,514,243,6423,1265,6489,1340,5975,1097,7319,2441,8,4851,2130
6,paraclone7,1344,62,73,1635562801_674895.png,1635562801_674895_gfp.png,1635562801_674895_ph.png,180,1037,242,1110,5067,1766,5129,1839,4887,729,6231,2073,8,4852,2131
6,paraclone11,1344,112,90,1635562801_674895.png,1635562801_674895_gfp.png,1635562801_674895_ph.png,1154,745,1266,835,6041,1474,6153,1564,4887,729,6231,2073,8,4853,2131
6,paraclone11,1344,112,90,1635562804_044214.png,1635562804_044214_gfp.png,1635562804_044214_ph.png,146,420,258,510,6041,1474,6153,1564,5895,1054,7239,2398,8,4854,2132
6,paraclone12,1344,66,75,1635562804_044214.png,1635562804_044214_gfp.png,1635562804_044214_ph.png,528,211,594,286,6423,1265,6489,1340,5895,1054,7239,2398,8,4855,2132
6,paraclone7,1344,62,73,1635562806_2707672.png,1635562806_2707672_gfp.png,1635562806_2707672_ph.png,55,546,117,619,5067,1766,5129,1839,5012,1220,6356,2564,8,4856,2133
6,paraclone11,1344,112,90,1635562806_2707672.png,1635562806_2707672_gfp.png,1635562806_2707672_ph.png,1029,254,1141,344,6041,1474,6153,1564,5012,1220,6356,2564,8,4857,2133
6,paraclone11,1344,112,90,1635562808_296629.png,1635562808_296629_gfp.png,1635562808_296629_ph.png,251,889,363,979,6041,1474,6153,1564,5790,585,7134,1929,8,4858,2134
6,paraclone12,1344,66,75,1635562808_296629.png,1635562808_296629_gfp.png,1635562808_296629_ph.png,633,680,699,755,6423,1265,6489,1340,5790,585,7134,1929,8,4859,2134
6,paraclone11,1344,112,90,1635562810_2301471.png,1635562810_2301471_gfp.png,1635562810_2301471_ph.png,472,78,584,168,6041,1474,6153,1564,5569,1396,6913,2740,8,4860,2135
6,paraclone11,1344,112,90,1635562812_160404.png,1635562812_160404_gfp.png,1635562812_160404_ph.png,441,271,553,361,6041,1474,6153,1564,5600,1203,6944,2547,8,4861,2136
6,paraclone12,1344,66,75,1635562812_160404.png,1635562812_160404_gfp.png,1635562812_160404_ph.png,823,62,889,137,6423,1265,6489,1340,5600,1203,6944,2547,8,4862,2136
6,paraclone11,1344,112,90,1635562814_094059.png,1635562814_094059_gfp.png,1635562814_094059_ph.png,306,1170,418,1260,6041,1474,6153,1564,5735,304,7079,1648,8,4863,2137
6,paraclone12,1344,66,75,1635562814_094059.png,1635562814_094059_gfp.png,1635562814_094059_ph.png,688,961,754,1036,6423,1265,6489,1340,5735,304,7079,1648,8,4864,2137
6,paraclone23,1344,67,57,1635562814_094059.png,1635562814_094059_gfp.png,1635562814_094059_ph.png,425,112,492,169,6160,416,6227,473,5735,304,7079,1648,8,4865,2137
6,paraclone11,1344,112,90,1635562816_018511.png,1635562816_018511_gfp.png,1635562816_018511_ph.png,1142,1057,1254,1147,6041,1474,6153,1564,4899,417,6243,1761,8,4866,2138
6,paraclone11,1344,112,90,1635562817_9673002.png,1635562817_9673002_gfp.png,1635562817_9673002_ph.png,966,1238,1078,1328,6041,1474,6153,1564,5075,236,6419,1580,8,4867,2139
6,paraclone23,1344,67,57,1635562817_9673002.png,1635562817_9673002_gfp.png,1635562817_9673002_ph.png,1085,180,1152,237,6160,416,6227,473,5075,236,6419,1580,8,4868,2139
6,paraclone12,1344,66,75,1635562819_900924.png,1635562819_900924_gfp.png,1635562819_900924_ph.png,30,740,96,815,6423,1265,6489,1340,6393,525,7737,1869,8,4869,2140
6,paraclone16,1344,54,47,1635562819_900924.png,1635562819_900924_gfp.png,1635562819_900924_ph.png,1081,43,1135,90,7474,568,7528,615,6393,525,7737,1869,8,4870,2140
6,paraclone12,1344,66,75,1635562821_830666.png,1635562821_830666_gfp.png,1635562821_830666_ph.png,18,483,84,558,6423,1265,6489,1340,6405,782,7749,2126,8,4871,2141
6,paraclone11,1344,112,90,1635562823_760926.png,1635562823_760926_gfp.png,1635562823_760926_ph.png,382,234,494,324,6041,1474,6153,1564,5659,1240,7003,2584,8,4872,2142
6,paraclone12,1344,66,75,1635562823_760926.png,1635562823_760926_gfp.png,1635562823_760926_ph.png,764,25,830,100,6423,1265,6489,1340,5659,1240,7003,2584,8,4873,2142
6,paraclone12,1344,66,75,1635562825_690016.png,1635562825_690016_gfp.png,1635562825_690016_ph.png,126,925,192,1000,6423,1265,6489,1340,6297,340,7641,1684,8,4874,2143
6,paraclone16,1344,54,47,1635562825_690016.png,1635562825_690016_gfp.png,1635562825_690016_ph.png,1177,228,1231,275,7474,568,7528,615,6297,340,7641,1684,8,4875,2143
6,paraclone12,1344,66,75,1635562827_660806.png,1635562827_660806_gfp.png,1635562827_660806_ph.png,120,1183,186,1258,6423,1265,6489,1340,6303,82,7647,1426,8,4876,2144
6,paraclone16,1344,54,47,1635562827_660806.png,1635562827_660806_gfp.png,1635562827_660806_ph.png,1171,486,1225,533,7474,568,7528,615,6303,82,7647,1426,8,4877,2144
6,paraclone22,1344,51,49,1635562827_660806.png,1635562827_660806_gfp.png,1635562827_660806_ph.png,986,79,1037,128,7289,161,7340,210,6303,82,7647,1426,8,4878,2144
6,paraclone11,1344,112,90,1635562829_642328.png,1635562829_642328_gfp.png,1635562829_642328_ph.png,291,989,403,1079,6041,1474,6153,1564,5750,485,7094,1829,8,4879,2145
6,paraclone12,1344,66,75,1635562829_642328.png,1635562829_642328_gfp.png,1635562829_642328_ph.png,673,780,739,855,6423,1265,6489,1340,5750,485,7094,1829,8,4880,2145
6,paraclone12,1344,66,75,1635562831_586526.png,1635562831_586526_gfp.png,1635562831_586526_ph.png,723,1095,789,1170,6423,1265,6489,1340,5700,170,7044,1514,8,4881,2146
6,paraclone23,1344,67,57,1635562831_586526.png,1635562831_586526_gfp.png,1635562831_586526_ph.png,460,246,527,303,6160,416,6227,473,5700,170,7044,1514,8,4882,2146
6,paraclone12,1344,66,75,1635562833_53692.png,1635562833_53692_gfp.png,1635562833_53692_ph.png,1231,1095,1297,1170,6423,1265,6489,1340,5192,170,6536,1514,8,4883,2147
6,paraclone23,1344,67,57,1635562833_53692.png,1635562833_53692_gfp.png,1635562833_53692_ph.png,968,246,1035,303,6160,416,6227,473,5192,170,6536,1514,8,4884,2147
6,paraclone11,1344,112,90,1635562835_4773061.png,1635562835_4773061_gfp.png,1635562835_4773061_ph.png,759,454,871,544,6041,1474,6153,1564,5282,1020,6626,2364,8,4885,2148
6,paraclone12,1344,66,75,1635562835_4773061.png,1635562835_4773061_gfp.png,1635562835_4773061_ph.png,1141,245,1207,320,6423,1265,6489,1340,5282,1020,6626,2364,8,4886,2148
6,paraclone11,1344,112,90,1635562837_40116.png,1635562837_40116_gfp.png,1635562837_40116_ph.png,89,1076,201,1166,6041,1474,6153,1564,5952,398,7296,1742,8,4887,2149
6,paraclone12,1344,66,75,1635562837_40116.png,1635562837_40116_gfp.png,1635562837_40116_ph.png,471,867,537,942,6423,1265,6489,1340,5952,398,7296,1742,8,4888,2149
6,paraclone23,1344,67,57,1635562837_40116.png,1635562837_40116_gfp.png,1635562837_40116_ph.png,208,18,275,75,6160,416,6227,473,5952,398,7296,1742,8,4889,2149
6,paraclone13,1344,44,45,1635562839_3298502.png,1635562839_3298502_gfp.png,1635562839_3298502_ph.png,559,94,603,139,6340,7806,6384,7851,5781,7712,7125,9056,8,4890,2150
6,paraclone13,1344,44,45,1635562841_2500448.png,1635562841_2500448_gfp.png,1635562841_2500448_ph.png,367,406,411,451,6340,7806,6384,7851,5973,7400,7317,8744,8,4891,2151
6,paraclone13,1344,44,45,1635562843_171029.png,1635562843_171029_gfp.png,1635562843_171029_ph.png,22,649,66,694,6340,7806,6384,7851,6318,7157,7662,8501,8,4892,2152
6,paraclone13,1344,44,45,1635562845_121108.png,1635562845_121108_gfp.png,1635562845_121108_ph.png,978,1148,1022,1193,6340,7806,6384,7851,5362,6658,6706,8002,8,4893,2153
6,paraclone13,1344,44,45,1635562847_0472288.png,1635562847_0472288_gfp.png,1635562847_0472288_ph.png,1198,942,1242,987,6340,7806,6384,7851,5142,6864,6486,8208,8,4894,2154
6,paraclone13,1344,44,45,1635562848_9813492.png,1635562848_9813492_gfp.png,1635562848_9813492_ph.png,628,1010,672,1055,6340,7806,6384,7851,5712,6796,7056,8140,8,4895,2155
6,paraclone13,1344,44,45,1635562850_9014568.png,1635562850_9014568_gfp.png,1635562850_9014568_ph.png,454,1145,498,1190,6340,7806,6384,7851,5886,6661,7230,8005,8,4896,2156
6,paraclone13,1344,44,45,1635562852_834007.png,1635562852_834007_gfp.png,1635562852_834007_ph.png,1267,884,1311,929,6340,7806,6384,7851,5073,6922,6417,8266,8,4897,2157
6,paraclone13,1344,44,45,1635562854_755158.png,1635562854_755158_gfp.png,1635562854_755158_ph.png,400,738,444,783,6340,7806,6384,7851,5940,7068,7284,8412,8,4898,2158
6,paraclone13,1344,44,45,1635562856_672928.png,1635562856_672928_gfp.png,1635562856_672928_ph.png,798,344,842,389,6340,7806,6384,7851,5542,7462,6886,8806,8,4899,2159
6,paraclone14,1344,97,107,1635562858_5981052.png,1635562858_5981052_gfp.png,1635562858_5981052_ph.png,587,468,684,575,8836,6542,8933,6649,8249,6074,9593,7418,8,4900,2160
6,paraclone14,1344,97,107,1635562860_5837052.png,1635562860_5837052_gfp.png,1635562860_5837052_ph.png,776,166,873,273,8836,6542,8933,6649,8060,6376,9404,7720,8,4901,2161
6,paraclone14,1344,97,107,1635562862_500566.png,1635562862_500566_gfp.png,1635562862_500566_ph.png,495,63,592,170,8836,6542,8933,6649,8341,6479,9685,7823,8,4902,2162
6,paraclone14,1344,97,107,1635562864_426858.png,1635562864_426858_gfp.png,1635562864_426858_ph.png,541,1143,638,1250,8836,6542,8933,6649,8295,5399,9639,6743,8,4903,2163
6,paraclone14,1344,97,107,1635562866_361015.png,1635562866_361015_gfp.png,1635562866_361015_ph.png,1172,515,1269,622,8836,6542,8933,6649,7664,6027,9008,7371,8,4904,2164
6,paraclone14,1344,97,107,1635562868_2888691.png,1635562868_2888691_gfp.png,1635562868_2888691_ph.png,36,690,133,797,8836,6542,8933,6649,8800,5852,10144,7196,8,4905,2165
6,paraclone26,1344,44,47,1635562868_2888691.png,1635562868_2888691_gfp.png,1635562868_2888691_ph.png,924,781,968,828,9724,6633,9768,6680,8800,5852,10144,7196,8,4906,2165
6,paraclone27,1344,84,80,1635562868_2888691.png,1635562868_2888691_gfp.png,1635562868_2888691_ph.png,1215,651,1299,731,10015,6503,10099,6583,8800,5852,10144,7196,8,4907,2165
6,paraclone14,1344,97,107,1635562870_2152681.png,1635562870_2152681_gfp.png,1635562870_2152681_ph.png,1066,888,1163,995,8836,6542,8933,6649,7770,5654,9114,6998,8,4908,2166
6,paraclone14,1344,97,107,1635562872_137172.png,1635562872_137172_gfp.png,1635562872_137172_ph.png,582,1127,679,1234,8836,6542,8933,6649,8254,5415,9598,6759,8,4909,2167
6,paraclone14,1344,97,107,1635562874_0594041.png,1635562874_0594041_gfp.png,1635562874_0594041_ph.png,553,1042,650,1149,8836,6542,8933,6649,8283,5500,9627,6844,8,4910,2168
6,paraclone14,1344,97,107,1635562875_974723.png,1635562875_974723_gfp.png,1635562875_974723_ph.png,178,1056,275,1163,8836,6542,8933,6649,8658,5486,10002,6830,8,4911,2169
6,paraclone26,1344,44,47,1635562875_974723.png,1635562875_974723_gfp.png,1635562875_974723_ph.png,1066,1147,1110,1194,9724,6633,9768,6680,8658,5486,10002,6830,8,4912,2169
6,paraclone15,1344,53,52,1635562877_888157.png,1635562877_888157_gfp.png,1635562877_888157_ph.png,33,397,86,449,2066,8087,2119,8139,2033,7690,3377,9034,8,4913,2170
6,paraclone15,1344,53,52,1635562879_803023.png,1635562879_803023_gfp.png,1635562879_803023_ph.png,64,683,117,735,2066,8087,2119,8139,2002,7404,3346,8748,8,4914,2171
6,paraclone15,1344,53,52,1635562881_730716.png,1635562881_730716_gfp.png,1635562881_730716_ph.png,314,556,367,608,2066,8087,2119,8139,1752,7531,3096,8875,8,4915,2172
6,paraclone15,1344,53,52,1635562883_657388.png,1635562883_657388_gfp.png,1635562883_657388_ph.png,203,432,256,484,2066,8087,2119,8139,1863,7655,3207,8999,8,4916,2173
6,paraclone15,1344,53,52,1635562885_590768.png,1635562885_590768_gfp.png,1635562885_590768_ph.png,590,1283,643,1335,2066,8087,2119,8139,1476,6804,2820,8148,8,4917,2174
6,paraclone15,1344,53,52,1635562887_518354.png,1635562887_518354_gfp.png,1635562887_518354_ph.png,634,313,687,365,2066,8087,2119,8139,1432,7774,2776,9118,8,4918,2175
6,paraclone15,1344,53,52,1635562889_446284.png,1635562889_446284_gfp.png,1635562889_446284_ph.png,1240,808,1293,860,2066,8087,2119,8139,826,7279,2170,8623,8,4919,2176
6,paraclone15,1344,53,52,1635562891_375618.png,1635562891_375618_gfp.png,1635562891_375618_ph.png,886,1253,939,1305,2066,8087,2119,8139,1180,6834,2524,8178,8,4920,2177
6,paraclone15,1344,53,52,1635562893_3003361.png,1635562893_3003361_gfp.png,1635562893_3003361_ph.png,697,694,750,746,2066,8087,2119,8139,1369,7393,2713,8737,8,4921,2178
6,meroclone1,1344,138,152,1635562895_2304761.png,1635562895_2304761_gfp.png,1635562895_2304761_ph.png,1105,18,1243,170,2975,6976,3113,7128,1870,6958,3214,8302,8,4922,2179
6,paraclone15,1344,53,52,1635562895_2304761.png,1635562895_2304761_gfp.png,1635562895_2304761_ph.png,196,1129,249,1181,2066,8087,2119,8139,1870,6958,3214,8302,8,4923,2179
6,paraclone12,1344,66,75,1635562897_14383.png,1635562897_14383_gfp.png,1635562897_14383_ph.png,36,937,102,1012,6423,1265,6489,1340,6387,328,7731,1672,8,4924,2180
6,paraclone16,1344,54,47,1635562897_14383.png,1635562897_14383_gfp.png,1635562897_14383_ph.png,1087,240,1141,287,7474,568,7528,615,6387,328,7731,1672,8,4925,2180
6,paraclone16,1344,54,47,1635562899_065873.png,1635562899_065873_gfp.png,1635562899_065873_ph.png,924,568,978,615,7474,568,7528,615,6550,0,7894,1344,8,4926,2181
6,paraclone22,1344,51,49,1635562899_065873.png,1635562899_065873_gfp.png,1635562899_065873_ph.png,739,161,790,210,7289,161,7340,210,6550,0,7894,1344,8,4927,2181
6,paraclone16,1344,54,47,1635562901_073569.png,1635562901_073569_gfp.png,1635562901_073569_ph.png,326,149,380,196,7474,568,7528,615,7148,419,8492,1763,8,4928,2182
6,paraclone16,1344,54,47,1635562903_16661.png,1635562903_16661_gfp.png,1635562903_16661_ph.png,397,568,451,615,7474,568,7528,615,7077,0,8421,1344,8,4929,2183
6,paraclone22,1344,51,49,1635562903_16661.png,1635562903_16661_gfp.png,1635562903_16661_ph.png,212,161,263,210,7289,161,7340,210,7077,0,8421,1344,8,4930,2183
6,paraclone16,1344,54,47,1635562905_100925.png,1635562905_100925_gfp.png,1635562905_100925_ph.png,145,186,199,233,7474,568,7528,615,7329,382,8673,1726,8,4931,2184
6,paraclone16,1344,54,47,1635562907_032494.png,1635562907_032494_gfp.png,1635562907_032494_ph.png,723,547,777,594,7474,568,7528,615,6751,21,8095,1365,8,4932,2185
6,paraclone22,1344,51,49,1635562907_032494.png,1635562907_032494_gfp.png,1635562907_032494_ph.png,538,140,589,189,7289,161,7340,210,6751,21,8095,1365,8,4933,2185
6,paraclone16,1344,54,47,1635562908_9583948.png,1635562908_9583948_gfp.png,1635562908_9583948_ph.png,240,260,294,307,7474,568,7528,615,7234,308,8578,1652,8,4934,2186
6,paraclone16,1344,54,47,1635562910_893763.png,1635562910_893763_gfp.png,1635562910_893763_ph.png,756,568,810,615,7474,568,7528,615,6718,0,8062,1344,8,4935,2187
6,paraclone22,1344,51,49,1635562910_893763.png,1635562910_893763_gfp.png,1635562910_893763_ph.png,571,161,622,210,7289,161,7340,210,6718,0,8062,1344,8,4936,2187
6,paraclone16,1344,54,47,1635562912_80378.png,1635562912_80378_gfp.png,1635562912_80378_ph.png,996,568,1050,615,7474,568,7528,615,6478,0,7822,1344,8,4937,2188
6,paraclone22,1344,51,49,1635562912_80378.png,1635562912_80378_gfp.png,1635562912_80378_ph.png,811,161,862,210,7289,161,7340,210,6478,0,7822,1344,8,4938,2188
6,paraclone12,1344,66,75,1635562914_7155452.png,1635562914_7155452_gfp.png,1635562914_7155452_ph.png,231,985,297,1060,6423,1265,6489,1340,6192,280,7536,1624,8,4939,2189
6,paraclone16,1344,54,47,1635562914_7155452.png,1635562914_7155452_gfp.png,1635562914_7155452_ph.png,1282,288,1336,335,7474,568,7528,615,6192,280,7536,1624,8,4940,2189
6,paraclone17,1344,127,30,1635562916_636873.png,1635562916_636873_gfp.png,1635562916_636873_ph.png,1017,0,1144,30,9966,0,10093,30,8949,0,10293,1344,8,4941,2190
6,paraclone17,1344,127,30,1635562918_5892951.png,1635562918_5892951_gfp.png,1635562918_5892951_ph.png,972,0,1099,30,9966,0,10093,30,8994,0,10338,1344,8,4942,2191
6,paraclone17,1344,127,30,1635562920_598866.png,1635562920_598866_gfp.png,1635562920_598866_ph.png,603,0,730,30,9966,0,10093,30,9363,0,10707,1344,8,4943,2192
6,paraclone17,1344,127,30,1635562922_521696.png,1635562922_521696_gfp.png,1635562922_521696_ph.png,900,0,1027,30,9966,0,10093,30,9066,0,10410,1344,8,4944,2193
6,paraclone17,1344,127,30,1635562924_4375281.png,1635562924_4375281_gfp.png,1635562924_4375281_ph.png,1132,0,1259,30,9966,0,10093,30,8834,0,10178,1344,8,4945,2194
6,paraclone17,1344,127,30,1635562926_352471.png,1635562926_352471_gfp.png,1635562926_352471_ph.png,956,0,1083,30,9966,0,10093,30,9010,0,10354,1344,8,4946,2195
6,paraclone17,1344,127,30,1635562928_265823.png,1635562928_265823_gfp.png,1635562928_265823_ph.png,735,0,862,30,9966,0,10093,30,9231,0,10575,1344,8,4947,2196
6,paraclone17,1344,127,30,1635562930_191494.png,1635562930_191494_gfp.png,1635562930_191494_ph.png,1084,0,1211,30,9966,0,10093,30,8882,0,10226,1344,8,4948,2197
6,paraclone17,1344,127,30,1635562932_1074739.png,1635562932_1074739_gfp.png,1635562932_1074739_ph.png,1178,0,1305,30,9966,0,10093,30,8788,0,10132,1344,8,4949,2198
6,paraclone17,1344,127,30,1635562934_022912.png,1635562934_022912_gfp.png,1635562934_022912_ph.png,1020,0,1147,30,9966,0,10093,30,8946,0,10290,1344,8,4950,2199
6,paraclone20,1344,67,73,1635562935_941644.png,1635562935_941644_gfp.png,1635562935_941644_ph.png,663,244,730,317,5972,4440,6039,4513,5309,4196,6653,5540,8,4951,2200
6,paraclone20,1344,67,73,1635562937_931892.png,1635562937_931892_gfp.png,1635562937_931892_ph.png,184,827,251,900,5972,4440,6039,4513,5788,3613,7132,4957,8,4952,2201
6,paraclone25,1344,67,81,1635562937_931892.png,1635562937_931892_gfp.png,1635562937_931892_ph.png,559,60,626,141,6347,3673,6414,3754,5788,3613,7132,4957,8,4953,2201
6,paraclone20,1344,67,73,1635562940_100673.png,1635562940_100673_gfp.png,1635562940_100673_ph.png,930,1024,997,1097,5972,4440,6039,4513,5042,3416,6386,4760,8,4954,2202
6,paraclone20,1344,67,73,1635562942_1930041.png,1635562942_1930041_gfp.png,1635562942_1930041_ph.png,105,25,172,98,5972,4440,6039,4513,5867,4415,7211,5759,8,4955,2203
6,paraclone20,1344,67,73,1635562944_2301152.png,1635562944_2301152_gfp.png,1635562944_2301152_ph.png,702,23,769,96,5972,4440,6039,4513,5270,4417,6614,5761,8,4956,2204
6,paraclone20,1344,67,73,1635562946_1470358.png,1635562946_1470358_gfp.png,1635562946_1470358_ph.png,956,919,1023,992,5972,4440,6039,4513,5016,3521,6360,4865,8,4957,2205
6,paraclone20,1344,67,73,1635562948_137383.png,1635562948_137383_gfp.png,1635562948_137383_ph.png,693,262,760,335,5972,4440,6039,4513,5279,4178,6623,5522,8,4958,2206
6,paraclone20,1344,67,73,1635562950_1032178.png,1635562950_1032178_gfp.png,1635562950_1032178_ph.png,412,389,479,462,5972,4440,6039,4513,5560,4051,6904,5395,8,4959,2207
6,paraclone20,1344,67,73,1635562952_041127.png,1635562952_041127_gfp.png,1635562952_041127_ph.png,68,511,135,584,5972,4440,6039,4513,5904,3929,7248,5273,8,4960,2208
6,holoclone1,1344,198,169,1635562954_017056.png,1635562954_017056_gfp.png,1635562954_017056_ph.png,109,940,307,1109,4954,4556,5152,4725,4845,3616,6189,4960,8,4961,2209
6,paraclone20,1344,67,73,1635562954_017056.png,1635562954_017056_gfp.png,1635562954_017056_ph.png,1127,824,1194,897,5972,4440,6039,4513,4845,3616,6189,4960,8,4962,2209
6,holoclone3,1344,323,262,1635562955_9565592.png,1635562955_9565592_gfp.png,1635562955_9565592_ph.png,521,642,844,904,9273,7832,9596,8094,8752,7190,10096,8534,8,4963,2210
6,paraclone21,1344,100,144,1635562955_9565592.png,1635562955_9565592_gfp.png,1635562955_9565592_ph.png,1236,329,1336,473,9988,7519,10088,7663,8752,7190,10096,8534,8,4964,2210
6,holoclone3,1344,323,262,1635562957_887408.png,1635562957_887408_gfp.png,1635562957_887408_ph.png,428,1032,751,1294,9273,7832,9596,8094,8845,6800,10189,8144,8,4965,2211
6,paraclone21,1344,100,144,1635562957_887408.png,1635562957_887408_gfp.png,1635562957_887408_ph.png,1143,719,1243,863,9988,7519,10088,7663,8845,6800,10189,8144,8,4966,2211
6,paraclone14,1344,97,107,1635562959_813038.png,1635562959_813038_gfp.png,1635562959_813038_ph.png,18,17,115,124,8836,6542,8933,6649,8818,6525,10162,7869,8,4967,2212
6,paraclone21,1344,100,144,1635562959_813038.png,1635562959_813038_gfp.png,1635562959_813038_ph.png,1170,994,1270,1138,9988,7519,10088,7663,8818,6525,10162,7869,8,4968,2212
6,paraclone26,1344,44,47,1635562959_813038.png,1635562959_813038_gfp.png,1635562959_813038_ph.png,906,108,950,155,9724,6633,9768,6680,8818,6525,10162,7869,8,4969,2212
6,paraclone21,1344,100,144,1635562961_734831.png,1635562961_734831_gfp.png,1635562961_734831_ph.png,611,498,711,642,9988,7519,10088,7663,9377,7021,10721,8365,8,4970,2213
6,holoclone3,1344,323,262,1635562963_6519501.png,1635562963_6519501_gfp.png,1635562963_6519501_ph.png,433,954,756,1216,9273,7832,9596,8094,8840,6878,10184,8222,8,4971,2214
6,paraclone21,1344,100,144,1635562963_6519501.png,1635562963_6519501_gfp.png,1635562963_6519501_ph.png,1148,641,1248,785,9988,7519,10088,7663,8840,6878,10184,8222,8,4972,2214
6,holoclone3,1344,323,262,1635562965_618486.png,1635562965_618486_gfp.png,1635562965_618486_ph.png,244,1063,567,1325,9273,7832,9596,8094,9029,6769,10373,8113,8,4973,2215
6,paraclone21,1344,100,144,1635562965_618486.png,1635562965_618486_gfp.png,1635562965_618486_ph.png,959,750,1059,894,9988,7519,10088,7663,9029,6769,10373,8113,8,4974,2215
6,paraclone21,1344,100,144,1635562967_539403.png,1635562967_539403_gfp.png,1635562967_539403_ph.png,945,1183,1045,1327,9988,7519,10088,7663,9043,6336,10387,7680,8,4975,2216
6,paraclone26,1344,44,47,1635562967_539403.png,1635562967_539403_gfp.png,1635562967_539403_ph.png,681,297,725,344,9724,6633,9768,6680,9043,6336,10387,7680,8,4976,2216
6,paraclone27,1344,84,80,1635562967_539403.png,1635562967_539403_gfp.png,1635562967_539403_ph.png,972,167,1056,247,10015,6503,10099,6583,9043,6336,10387,7680,8,4977,2216
6,holoclone3,1344,323,262,1635562969_481367.png,1635562969_481367_gfp.png,1635562969_481367_ph.png,38,377,361,639,9273,7832,9596,8094,9235,7455,10579,8799,8,4978,2217
6,paraclone21,1344,100,144,1635562969_481367.png,1635562969_481367_gfp.png,1635562969_481367_ph.png,753,64,853,208,9988,7519,10088,7663,9235,7455,10579,8799,8,4979,2217
6,holoclone3,1344,323,262,1635562971_4002151.png,1635562971_4002151_gfp.png,1635562971_4002151_ph.png,254,350,577,612,9273,7832,9596,8094,9019,7482,10363,8826,8,4980,2218
6,paraclone21,1344,100,144,1635562971_4002151.png,1635562971_4002151_gfp.png,1635562971_4002151_ph.png,969,37,1069,181,9988,7519,10088,7663,9019,7482,10363,8826,8,4981,2218
6,paraclone21,1344,100,144,1635562973_398298.png,1635562973_398298_gfp.png,1635562973_398298_ph.png,998,865,1098,1009,9988,7519,10088,7663,8990,6654,10334,7998,8,4982,2219
6,paraclone12,1344,66,75,1635562975_390965.png,1635562975_390965_gfp.png,1635562975_390965_ph.png,314,1191,380,1266,6423,1265,6489,1340,6109,74,7453,1418,8,4983,2220
6,paraclone22,1344,51,49,1635562975_390965.png,1635562975_390965_gfp.png,1635562975_390965_ph.png,1180,87,1231,136,7289,161,7340,210,6109,74,7453,1418,8,4984,2220
6,paraclone23,1344,67,57,1635562975_390965.png,1635562975_390965_gfp.png,1635562975_390965_ph.png,51,342,118,399,6160,416,6227,473,6109,74,7453,1418,8,4985,2220
6,paraclone16,1344,54,47,1635562977_35216.png,1635562977_35216_gfp.png,1635562977_35216_ph.png,353,568,407,615,7474,568,7528,615,7121,0,8465,1344,8,4986,2221
6,paraclone22,1344,51,49,1635562977_35216.png,1635562977_35216_gfp.png,1635562977_35216_ph.png,168,161,219,210,7289,161,7340,210,7121,0,8465,1344,8,4987,2221
6,paraclone16,1344,54,47,1635562979_294351.png,1635562979_294351_gfp.png,1635562979_294351_ph.png,365,568,419,615,7474,568,7528,615,7109,0,8453,1344,8,4988,2222
6,paraclone22,1344,51,49,1635562979_294351.png,1635562979_294351_gfp.png,1635562979_294351_ph.png,180,161,231,210,7289,161,7340,210,7109,0,8453,1344,8,4989,2222
6,paraclone16,1344,54,47,1635562981_2370849.png,1635562981_2370849_gfp.png,1635562981_2370849_ph.png,741,568,795,615,7474,568,7528,615,6733,0,8077,1344,8,4990,2223
6,paraclone22,1344,51,49,1635562981_2370849.png,1635562981_2370849_gfp.png,1635562981_2370849_ph.png,556,161,607,210,7289,161,7340,210,6733,0,8077,1344,8,4991,2223
6,paraclone16,1344,54,47,1635562983_1682198.png,1635562983_1682198_gfp.png,1635562983_1682198_ph.png,293,568,347,615,7474,568,7528,615,7181,0,8525,1344,8,4992,2224
6,paraclone22,1344,51,49,1635562983_1682198.png,1635562983_1682198_gfp.png,1635562983_1682198_ph.png,108,161,159,210,7289,161,7340,210,7181,0,8525,1344,8,4993,2224
6,paraclone16,1344,54,47,1635562985_1111.png,1635562985_1111_gfp.png,1635562985_1111_ph.png,995,568,1049,615,7474,568,7528,615,6479,0,7823,1344,8,4994,2225
6,paraclone22,1344,51,49,1635562985_1111.png,1635562985_1111_gfp.png,1635562985_1111_ph.png,810,161,861,210,7289,161,7340,210,6479,0,7823,1344,8,4995,2225
6,paraclone16,1344,54,47,1635562987_184172.png,1635562987_184172_gfp.png,1635562987_184172_ph.png,649,483,703,530,7474,568,7528,615,6825,85,8169,1429,8,4996,2226
6,paraclone22,1344,51,49,1635562987_184172.png,1635562987_184172_gfp.png,1635562987_184172_ph.png,464,76,515,125,7289,161,7340,210,6825,85,8169,1429,8,4997,2226
6,paraclone16,1344,54,47,1635562989_148403.png,1635562989_148403_gfp.png,1635562989_148403_ph.png,972,568,1026,615,7474,568,7528,615,6502,0,7846,1344,8,4998,2227
6,paraclone22,1344,51,49,1635562989_148403.png,1635562989_148403_gfp.png,1635562989_148403_ph.png,787,161,838,210,7289,161,7340,210,6502,0,7846,1344,8,4999,2227
6,paraclone16,1344,54,47,1635562991_073078.png,1635562991_073078_gfp.png,1635562991_073078_ph.png,304,568,358,615,7474,568,7528,615,7170,0,8514,1344,8,5000,2228
6,paraclone22,1344,51,49,1635562991_073078.png,1635562991_073078_gfp.png,1635562991_073078_ph.png,119,161,170,210,7289,161,7340,210,7170,0,8514,1344,8,5001,2228
6,paraclone16,1344,54,47,1635562993_015776.png,1635562993_015776_gfp.png,1635562993_015776_ph.png,854,519,908,566,7474,568,7528,615,6620,49,7964,1393,8,5002,2229
6,paraclone22,1344,51,49,1635562993_015776.png,1635562993_015776_gfp.png,1635562993_015776_ph.png,669,112,720,161,7289,161,7340,210,6620,49,7964,1393,8,5003,2229
6,paraclone23,1344,67,57,1635562994_940492.png,1635562994_940492_gfp.png,1635562994_940492_ph.png,1090,416,1157,473,6160,416,6227,473,5070,0,6414,1344,8,5004,2230
6,paraclone11,1344,112,90,1635562996_853237.png,1635562996_853237_gfp.png,1635562996_853237_ph.png,167,1135,279,1225,6041,1474,6153,1564,5874,339,7218,1683,8,5005,2231
6,paraclone12,1344,66,75,1635562996_853237.png,1635562996_853237_gfp.png,1635562996_853237_ph.png,549,926,615,1001,6423,1265,6489,1340,5874,339,7218,1683,8,5006,2231
6,paraclone23,1344,67,57,1635562996_853237.png,1635562996_853237_gfp.png,1635562996_853237_ph.png,286,77,353,134,6160,416,6227,473,5874,339,7218,1683,8,5007,2231
6,paraclone12,1344,66,75,1635562998_76835.png,1635562998_76835_gfp.png,1635562998_76835_ph.png,664,1265,730,1340,6423,1265,6489,1340,5759,0,7103,1344,8,5008,2232
6,paraclone23,1344,67,57,1635562998_76835.png,1635562998_76835_gfp.png,1635562998_76835_ph.png,401,416,468,473,6160,416,6227,473,5759,0,7103,1344,8,5009,2232
6,paraclone12,1344,66,75,1635563000_685436.png,1635563000_685436_gfp.png,1635563000_685436_ph.png,1174,1265,1240,1340,6423,1265,6489,1340,5249,0,6593,1344,8,5010,2233
6,paraclone23,1344,67,57,1635563000_685436.png,1635563000_685436_gfp.png,1635563000_685436_ph.png,911,416,978,473,6160,416,6227,473,5249,0,6593,1344,8,5011,2233
6,paraclone12,1344,66,75,1635563002_601608.png,1635563002_601608_gfp.png,1635563002_601608_ph.png,392,1265,458,1340,6423,1265,6489,1340,6031,0,7375,1344,8,5012,2234
6,paraclone22,1344,51,49,1635563002_601608.png,1635563002_601608_gfp.png,1635563002_601608_ph.png,1258,161,1309,210,7289,161,7340,210,6031,0,7375,1344,8,5013,2234
6,paraclone23,1344,67,57,1635563002_601608.png,1635563002_601608_gfp.png,1635563002_601608_ph.png,129,416,196,473,6160,416,6227,473,6031,0,7375,1344,8,5014,2234
6,paraclone12,1344,66,75,1635563004_516644.png,1635563004_516644_gfp.png,1635563004_516644_ph.png,893,1265,959,1340,6423,1265,6489,1340,5530,0,6874,1344,8,5015,2235
6,paraclone23,1344,67,57,1635563004_516644.png,1635563004_516644_gfp.png,1635563004_516644_ph.png,630,416,697,473,6160,416,6227,473,5530,0,6874,1344,8,5016,2235
6,paraclone12,1344,66,75,1635563006_440165.png,1635563006_440165_gfp.png,1635563006_440165_ph.png,1173,1265,1239,1340,6423,1265,6489,1340,5250,0,6594,1344,8,5017,2236
6,paraclone23,1344,67,57,1635563006_440165.png,1635563006_440165_gfp.png,1635563006_440165_ph.png,910,416,977,473,6160,416,6227,473,5250,0,6594,1344,8,5018,2236
6,paraclone12,1344,66,75,1635563008_3767538.png,1635563008_3767538_gfp.png,1635563008_3767538_ph.png,422,1076,488,1151,6423,1265,6489,1340,6001,189,7345,1533,8,5019,2237
6,paraclone23,1344,67,57,1635563008_3767538.png,1635563008_3767538_gfp.png,1635563008_3767538_ph.png,159,227,226,284,6160,416,6227,473,6001,189,7345,1533,8,5020,2237
6,paraclone12,1344,66,75,1635563010_3035352.png,1635563010_3035352_gfp.png,1635563010_3035352_ph.png,359,1265,425,1340,6423,1265,6489,1340,6064,0,7408,1344,8,5021,2238
6,paraclone22,1344,51,49,1635563010_3035352.png,1635563010_3035352_gfp.png,1635563010_3035352_ph.png,1225,161,1276,210,7289,161,7340,210,6064,0,7408,1344,8,5022,2238
6,paraclone23,1344,67,57,1635563010_3035352.png,1635563010_3035352_gfp.png,1635563010_3035352_ph.png,96,416,163,473,6160,416,6227,473,6064,0,7408,1344,8,5023,2238
6,paraclone11,1344,112,90,1635563012_218858.png,1635563012_218858_gfp.png,1635563012_218858_ph.png,296,1153,408,1243,6041,1474,6153,1564,5745,321,7089,1665,8,5024,2239
6,paraclone12,1344,66,75,1635563012_218858.png,1635563012_218858_gfp.png,1635563012_218858_ph.png,678,944,744,1019,6423,1265,6489,1340,5745,321,7089,1665,8,5025,2239
6,paraclone23,1344,67,57,1635563012_218858.png,1635563012_218858_gfp.png,1635563012_218858_ph.png,415,95,482,152,6160,416,6227,473,5745,321,7089,1665,8,5026,2239
6,paraclone24,1344,68,66,1635563014_147369.png,1635563014_147369_gfp.png,1635563014_147369_ph.png,172,8,240,74,5360,3006,5428,3072,5188,2998,6532,4342,8,5027,2240
6,paraclone25,1344,67,81,1635563014_147369.png,1635563014_147369_gfp.png,1635563014_147369_ph.png,1159,675,1226,756,6347,3673,6414,3754,5188,2998,6532,4342,8,5028,2240
6,paraclone24,1344,68,66,1635563016_066794.png,1635563016_066794_gfp.png,1635563016_066794_ph.png,95,411,163,477,5360,3006,5428,3072,5265,2595,6609,3939,8,5029,2241
6,paraclone25,1344,67,81,1635563016_066794.png,1635563016_066794_gfp.png,1635563016_066794_ph.png,1082,1078,1149,1159,6347,3673,6414,3754,5265,2595,6609,3939,8,5030,2241
6,paraclone24,1344,68,66,1635563017_98103.png,1635563017_98103_gfp.png,1635563017_98103_ph.png,374,1150,442,1216,5360,3006,5428,3072,4986,1856,6330,3200,8,5031,2242
6,paraclone24,1344,68,66,1635563019_939096.png,1635563019_939096_gfp.png,1635563019_939096_ph.png,473,864,541,930,5360,3006,5428,3072,4887,2142,6231,3486,8,5032,2243
6,paraclone24,1344,68,66,1635563021_86241.png,1635563021_86241_gfp.png,1635563021_86241_ph.png,14,677,82,743,5360,3006,5428,3072,5346,2329,6690,3673,8,5033,2244
6,paraclone24,1344,68,66,1635563024_010889.png,1635563024_010889_gfp.png,1635563024_010889_ph.png,674,718,742,784,5360,3006,5428,3072,4686,2288,6030,3632,8,5034,2245
6,paraclone2,1344,45,45,1635563025_983518.png,1635563025_983518_gfp.png,1635563025_983518_ph.png,193,245,238,290,4511,2402,4556,2447,4318,2157,5662,3501,8,5035,2246
6,paraclone24,1344,68,66,1635563025_983518.png,1635563025_983518_gfp.png,1635563025_983518_ph.png,1042,849,1110,915,5360,3006,5428,3072,4318,2157,5662,3501,8,5036,2246
6,paraclone24,1344,68,66,1635563027_9091609.png,1635563027_9091609_gfp.png,1635563027_9091609_ph.png,8,869,76,935,5360,3006,5428,3072,5352,2137,6696,3481,8,5037,2247
6,paraclone24,1344,68,66,1635563029_848802.png,1635563029_848802_gfp.png,1635563029_848802_ph.png,216,1205,284,1271,5360,3006,5428,3072,5144,1801,6488,3145,8,5038,2248
6,paraclone24,1344,68,66,1635563031_800947.png,1635563031_800947_gfp.png,1635563031_800947_ph.png,746,1173,814,1239,5360,3006,5428,3072,4614,1833,5958,3177,8,5039,2249
6,paraclone20,1344,67,73,1635563033_7743092.png,1635563033_7743092_gfp.png,1635563033_7743092_ph.png,481,958,548,1031,5972,4440,6039,4513,5491,3482,6835,4826,8,5040,2250
6,paraclone25,1344,67,81,1635563033_7743092.png,1635563033_7743092_gfp.png,1635563033_7743092_ph.png,856,191,923,272,6347,3673,6414,3754,5491,3482,6835,4826,8,5041,2250
6,paraclone25,1344,67,81,1635563035_736695.png,1635563035_736695_gfp.png,1635563035_736695_ph.png,308,848,375,929,6347,3673,6414,3754,6039,2825,7383,4169,8,5042,2251
6,paraclone20,1344,67,73,1635563037_704386.png,1635563037_704386_gfp.png,1635563037_704386_ph.png,792,1111,859,1184,5972,4440,6039,4513,5180,3329,6524,4673,8,5043,2252
6,paraclone25,1344,67,81,1635563037_704386.png,1635563037_704386_gfp.png,1635563037_704386_ph.png,1167,344,1234,425,6347,3673,6414,3754,5180,3329,6524,4673,8,5044,2252
6,paraclone24,1344,68,66,1635563039_665462.png,1635563039_665462_gfp.png,1635563039_665462_ph.png,37,280,105,346,5360,3006,5428,3072,5323,2726,6667,4070,8,5045,2253
6,paraclone25,1344,67,81,1635563039_665462.png,1635563039_665462_gfp.png,1635563039_665462_ph.png,1024,947,1091,1028,6347,3673,6414,3754,5323,2726,6667,4070,8,5046,2253
6,paraclone25,1344,67,81,1635563041_591807.png,1635563041_591807_gfp.png,1635563041_591807_ph.png,411,917,478,998,6347,3673,6414,3754,5936,2756,7280,4100,8,5047,2254
6,paraclone25,1344,67,81,1635563043_510302.png,1635563043_510302_gfp.png,1635563043_510302_ph.png,985,1131,1052,1212,6347,3673,6414,3754,5362,2542,6706,3886,8,5048,2255
6,paraclone24,1344,68,66,1635563045_433943.png,1635563045_433943_gfp.png,1635563045_433943_ph.png,84,110,152,176,5360,3006,5428,3072,5276,2896,6620,4240,8,5049,2256
6,paraclone25,1344,67,81,1635563045_433943.png,1635563045_433943_gfp.png,1635563045_433943_ph.png,1071,777,1138,858,6347,3673,6414,3754,5276,2896,6620,4240,8,5050,2256
6,paraclone20,1344,67,73,1635563047_357305.png,1635563047_357305_gfp.png,1635563047_357305_ph.png,292,926,359,999,5972,4440,6039,4513,5680,3514,7024,4858,8,5051,2257
6,paraclone25,1344,67,81,1635563047_357305.png,1635563047_357305_gfp.png,1635563047_357305_ph.png,667,159,734,240,6347,3673,6414,3754,5680,3514,7024,4858,8,5052,2257
6,paraclone25,1344,67,81,1635563049_305563.png,1635563049_305563_gfp.png,1635563049_305563_ph.png,152,912,219,993,6347,3673,6414,3754,6195,2761,7539,4105,8,5053,2258
6,paraclone25,1344,67,81,1635563051_229471.png,1635563051_229471_gfp.png,1635563051_229471_ph.png,170,35,237,116,6347,3673,6414,3754,6177,3638,7521,4982,8,5054,2259
6,paraclone26,1344,44,47,1635563053_1533241.png,1635563053_1533241_gfp.png,1635563053_1533241_ph.png,503,491,547,538,9724,6633,9768,6680,9221,6142,10565,7486,8,5055,2260
6,paraclone27,1344,84,80,1635563053_1533241.png,1635563053_1533241_gfp.png,1635563053_1533241_ph.png,794,361,878,441,10015,6503,10099,6583,9221,6142,10565,7486,8,5056,2260
6,paraclone26,1344,44,47,1635563055_092923.png,1635563055_092923_gfp.png,1635563055_092923_ph.png,328,995,372,1042,9724,6633,9768,6680,9396,5638,10740,6982,8,5057,2261
6,paraclone27,1344,84,80,1635563055_092923.png,1635563055_092923_gfp.png,1635563055_092923_ph.png,619,865,703,945,10015,6503,10099,6583,9396,5638,10740,6982,8,5058,2261
6,paraclone21,1344,100,144,1635563057_021566.png,1635563057_021566_gfp.png,1635563057_021566_ph.png,1135,1084,1235,1228,9988,7519,10088,7663,8853,6435,10197,7779,8,5059,2262
6,paraclone26,1344,44,47,1635563057_021566.png,1635563057_021566_gfp.png,1635563057_021566_ph.png,871,198,915,245,9724,6633,9768,6680,8853,6435,10197,7779,8,5060,2262
6,paraclone27,1344,84,80,1635563057_021566.png,1635563057_021566_gfp.png,1635563057_021566_ph.png,1162,68,1246,148,10015,6503,10099,6583,8853,6435,10197,7779,8,5061,2262
6,paraclone26,1344,44,47,1635563058_97261.png,1635563058_97261_gfp.png,1635563058_97261_ph.png,616,525,660,572,9724,6633,9768,6680,9108,6108,10452,7452,8,5062,2263
6,paraclone27,1344,84,80,1635563058_97261.png,1635563058_97261_gfp.png,1635563058_97261_ph.png,907,395,991,475,10015,6503,10099,6583,9108,6108,10452,7452,8,5063,2263
6,paraclone26,1344,44,47,1635563060_890273.png,1635563060_890273_gfp.png,1635563060_890273_ph.png,627,705,671,752,9724,6633,9768,6680,9097,5928,10441,7272,8,5064,2264
6,paraclone27,1344,84,80,1635563060_890273.png,1635563060_890273_gfp.png,1635563060_890273_ph.png,918,575,1002,655,10015,6503,10099,6583,9097,5928,10441,7272,8,5065,2264
6,paraclone26,1344,44,47,1635563062_8147058.png,1635563062_8147058_gfp.png,1635563062_8147058_ph.png,704,935,748,982,9724,6633,9768,6680,9020,5698,10364,7042,8,5066,2265
6,paraclone27,1344,84,80,1635563062_8147058.png,1635563062_8147058_gfp.png,1635563062_8147058_ph.png,995,805,1079,885,10015,6503,10099,6583,9020,5698,10364,7042,8,5067,2265
6,paraclone21,1344,100,144,1635563064_739091.png,1635563064_739091_gfp.png,1635563064_739091_ph.png,1135,1097,1235,1241,9988,7519,10088,7663,8853,6422,10197,7766,8,5068,2266
6,paraclone26,1344,44,47,1635563064_739091.png,1635563064_739091_gfp.png,1635563064_739091_ph.png,871,211,915,258,9724,6633,9768,6680,8853,6422,10197,7766,8,5069,2266
6,paraclone27,1344,84,80,1635563064_739091.png,1635563064_739091_gfp.png,1635563064_739091_ph.png,1162,81,1246,161,10015,6503,10099,6583,8853,6422,10197,7766,8,5070,2266
6,paraclone14,1344,97,107,1635563066_671123.png,1635563066_671123_gfp.png,1635563066_671123_ph.png,264,690,361,797,8836,6542,8933,6649,8572,5852,9916,7196,8,5071,2267
6,paraclone26,1344,44,47,1635563066_671123.png,1635563066_671123_gfp.png,1635563066_671123_ph.png,1152,781,1196,828,9724,6633,9768,6680,8572,5852,9916,7196,8,5072,2267
6,paraclone14,1344,97,107,1635563068_619947.png,1635563068_619947_gfp.png,1635563068_619947_ph.png,227,814,324,921,8836,6542,8933,6649,8609,5728,9953,7072,8,5073,2268
6,paraclone26,1344,44,47,1635563068_619947.png,1635563068_619947_gfp.png,1635563068_619947_ph.png,1115,905,1159,952,9724,6633,9768,6680,8609,5728,9953,7072,8,5074,2268
6,paraclone26,1344,44,47,1635563070_590106.png,1635563070_590106_gfp.png,1635563070_590106_ph.png,828,1264,872,1311,9724,6633,9768,6680,8896,5369,10240,6713,8,5075,2269
6,paraclone27,1344,84,80,1635563070_590106.png,1635563070_590106_gfp.png,1635563070_590106_ph.png,1119,1134,1203,1214,10015,6503,10099,6583,8896,5369,10240,6713,8,5076,2269
6,paraclone27,1344,84,80,1635563072_5120618.png,1635563072_5120618_gfp.png,1635563072_5120618_ph.png,909,1227,993,1307,10015,6503,10099,6583,9106,5276,10450,6620,8,5077,2270
6,paraclone26,1344,44,47,1635563074_452551.png,1635563074_452551_gfp.png,1635563074_452551_ph.png,601,552,645,599,9724,6633,9768,6680,9123,6081,10467,7425,8,5078,2271
6,paraclone27,1344,84,80,1635563074_452551.png,1635563074_452551_gfp.png,1635563074_452551_ph.png,892,422,976,502,10015,6503,10099,6583,9123,6081,10467,7425,8,5079,2271
6,paraclone26,1344,44,47,1635563076_375699.png,1635563076_375699_gfp.png,1635563076_375699_ph.png,565,711,609,758,9724,6633,9768,6680,9159,5922,10503,7266,8,5080,2272
6,paraclone27,1344,84,80,1635563076_375699.png,1635563076_375699_gfp.png,1635563076_375699_ph.png,856,581,940,661,10015,6503,10099,6583,9159,5922,10503,7266,8,5081,2272
6,paraclone26,1344,44,47,1635563078_292743.png,1635563078_292743_gfp.png,1635563078_292743_ph.png,872,825,916,872,9724,6633,9768,6680,8852,5808,10196,7152,8,5082,2273
6,paraclone27,1344,84,80,1635563078_292743.png,1635563078_292743_gfp.png,1635563078_292743_ph.png,1163,695,1247,775,10015,6503,10099,6583,8852,5808,10196,7152,8,5083,2273
6,paraclone26,1344,44,47,1635563080_2209358.png,1635563080_2209358_gfp.png,1635563080_2209358_ph.png,344,449,388,496,9724,6633,9768,6680,9380,6184,10724,7528,8,5084,2274
6,paraclone27,1344,84,80,1635563080_2209358.png,1635563080_2209358_gfp.png,1635563080_2209358_ph.png,635,319,719,399,10015,6503,10099,6583,9380,6184,10724,7528,8,5085,2274
6,paraclone26,1344,44,47,1635563082_137685.png,1635563082_137685_gfp.png,1635563082_137685_ph.png,329,894,373,941,9724,6633,9768,6680,9395,5739,10739,7083,8,5086,2275
6,paraclone27,1344,84,80,1635563082_137685.png,1635563082_137685_gfp.png,1635563082_137685_ph.png,620,764,704,844,10015,6503,10099,6583,9395,5739,10739,7083,8,5087,2275
6,paraclone26,1344,44,47,1635563084_056683.png,1635563084_056683_gfp.png,1635563084_056683_ph.png,797,1000,841,1047,9724,6633,9768,6680,8927,5633,10271,6977,8,5088,2276
6,paraclone27,1344,84,80,1635563084_056683.png,1635563084_056683_gfp.png,1635563084_056683_ph.png,1088,870,1172,950,10015,6503,10099,6583,8927,5633,10271,6977,8,5089,2276
6,paraclone26,1344,44,47,1635563085_979368.png,1635563085_979368_gfp.png,1635563085_979368_ph.png,881,732,925,779,9724,6633,9768,6680,8843,5901,10187,7245,8,5090,2277
6,paraclone27,1344,84,80,1635563085_979368.png,1635563085_979368_gfp.png,1635563085_979368_ph.png,1172,602,1256,682,10015,6503,10099,6583,8843,5901,10187,7245,8,5091,2277
6,paraclone26,1344,44,47,1635563087_902573.png,1635563087_902573_gfp.png,1635563087_902573_ph.png,556,754,600,801,9724,6633,9768,6680,9168,5879,10512,7223,8,5092,2278
6,paraclone27,1344,84,80,1635563087_902573.png,1635563087_902573_gfp.png,1635563087_902573_ph.png,847,624,931,704,10015,6503,10099,6583,9168,5879,10512,7223,8,5093,2278
6,paraclone14,1344,97,107,1635563089_818304.png,1635563089_818304_gfp.png,1635563089_818304_ph.png,31,64,128,171,8836,6542,8933,6649,8805,6478,10149,7822,8,5094,2279
6,paraclone21,1344,100,144,1635563089_818304.png,1635563089_818304_gfp.png,1635563089_818304_ph.png,1183,1041,1283,1185,9988,7519,10088,7663,8805,6478,10149,7822,8,5095,2279
6,paraclone26,1344,44,47,1635563089_818304.png,1635563089_818304_gfp.png,1635563089_818304_ph.png,919,155,963,202,9724,6633,9768,6680,8805,6478,10149,7822,8,5096,2279
6,paraclone27,1344,84,80,1635563089_818304.png,1635563089_818304_gfp.png,1635563089_818304_ph.png,1210,25,1294,105,10015,6503,10099,6583,8805,6478,10149,7822,8,5097,2279
6,paraclone28,1344,47,41,1635563091_736853.png,1635563091_736853_gfp.png,1635563091_736853_ph.png,549,1063,596,1104,3221,1739,3268,1780,2672,676,4016,2020,8,5098,2280
6,paraclone1,1344,33,43,1635563093_659644.png,1635563093_659644_gfp.png,1635563093_659644_ph.png,393,1026,426,1069,3538,2083,3571,2126,3145,1057,4489,2401,8,5099,2281
6,paraclone28,1344,47,41,1635563093_659644.png,1635563093_659644_gfp.png,1635563093_659644_ph.png,76,682,123,723,3221,1739,3268,1780,3145,1057,4489,2401,8,5100,2281
6,paraclone1,1344,33,43,1635563095_578063.png,1635563095_578063_gfp.png,1635563095_578063_ph.png,923,922,956,965,3538,2083,3571,2126,2615,1161,3959,2505,8,5101,2282
6,paraclone28,1344,47,41,1635563095_578063.png,1635563095_578063_gfp.png,1635563095_578063_ph.png,606,578,653,619,3221,1739,3268,1780,2615,1161,3959,2505,8,5102,2282
6,paraclone1,1344,33,43,1635563097_4965062.png,1635563097_4965062_gfp.png,1635563097_4965062_ph.png,776,601,809,644,3538,2083,3571,2126,2762,1482,4106,2826,8,5103,2283
6,paraclone28,1344,47,41,1635563097_4965062.png,1635563097_4965062_gfp.png,1635563097_4965062_ph.png,459,257,506,298,3221,1739,3268,1780,2762,1482,4106,2826,8,5104,2283
6,paraclone1,1344,33,43,1635563099_421113.png,1635563099_421113_gfp.png,1635563099_421113_ph.png,904,381,937,424,3538,2083,3571,2126,2634,1702,3978,3046,8,5105,2284
6,paraclone28,1344,47,41,1635563099_421113.png,1635563099_421113_gfp.png,1635563099_421113_ph.png,587,37,634,78,3221,1739,3268,1780,2634,1702,3978,3046,8,5106,2284
6,paraclone28,1344,47,41,1635563101_338135.png,1635563101_338135_gfp.png,1635563101_338135_ph.png,1019,437,1066,478,3221,1739,3268,1780,2202,1302,3546,2646,8,5107,2285
6,paraclone1,1344,33,43,1635563103_257684.png,1635563103_257684_gfp.png,1635563103_257684_ph.png,399,1096,432,1139,3538,2083,3571,2126,3139,987,4483,2331,8,5108,2286
6,paraclone28,1344,47,41,1635563103_257684.png,1635563103_257684_gfp.png,1635563103_257684_ph.png,82,752,129,793,3221,1739,3268,1780,3139,987,4483,2331,8,5109,2286
6,paraclone28,1344,47,41,1635563105_189007.png,1635563105_189007_gfp.png,1635563105_189007_ph.png,221,1200,268,1241,3221,1739,3268,1780,3000,539,4344,1883,8,5110,2287
6,paraclone28,1344,47,41,1635563107_13648.png,1635563107_13648_gfp.png,1635563107_13648_ph.png,1252,770,1299,811,3221,1739,3268,1780,1969,969,3313,2313,8,5111,2288
6,paraclone28,1344,47,41,1635563109_212288.png,1635563109_212288_gfp.png,1635563109_212288_ph.png,1196,1035,1243,1076,3221,1739,3268,1780,2025,704,3369,2048,8,5112,2289
6,paraclone18,1344,150,180,1635563111_494378.png,1635563111_494378_gfp.png,1635563111_494378_ph.png,132,636,282,816,132,8148,282,8328,0,7512,1344,8856,8,5113,2290
6,paraclone18,1344,150,180,1635563113_704098.png,1635563113_704098_gfp.png,1635563113_704098_ph.png,68,761,218,941,132,8148,282,8328,64,7387,1408,8731,8,5114,2291
6,paraclone18,1344,150,180,1635563115_662355.png,1635563115_662355_gfp.png,1635563115_662355_ph.png,132,1106,282,1286,132,8148,282,8328,0,7042,1344,8386,8,5115,2292
6,paraclone18,1344,150,180,1635563117_574142.png,1635563117_574142_gfp.png,1635563117_574142_ph.png,132,520,282,700,132,8148,282,8328,0,7628,1344,8972,8,5116,2293
6,paraclone18,1344,150,180,1635563119_573243.png,1635563119_573243_gfp.png,1635563119_573243_ph.png,132,670,282,850,132,8148,282,8328,0,7478,1344,8822,8,5117,2294
6,paraclone18,1344,150,180,1635563121_48817.png,1635563121_48817_gfp.png,1635563121_48817_ph.png,132,643,282,823,132,8148,282,8328,0,7505,1344,8849,8,5118,2295
6,paraclone18,1344,150,180,1635563123_60051.png,1635563123_60051_gfp.png,1635563123_60051_ph.png,132,598,282,778,132,8148,282,8328,0,7550,1344,8894,8,5119,2296
6,paraclone18,1344,150,180,1635563125_582581.png,1635563125_582581_gfp.png,1635563125_582581_ph.png,132,453,282,633,132,8148,282,8328,0,7695,1344,9039,8,5120,2297
6,paraclone18,1344,150,180,1635563127_587911.png,1635563127_587911_gfp.png,1635563127_587911_ph.png,132,854,282,1034,132,8148,282,8328,0,7294,1344,8638,8,5121,2298
6,paraclone18,1344,150,180,1635563129_7694368.png,1635563129_7694368_gfp.png,1635563129_7694368_ph.png,132,799,282,979,132,8148,282,8328,0,7349,1344,8693,8,5122,2299
6,holoclone1,1344,279,277,1635563132_5303118.png,1635563132_5303118_gfp.png,1635563132_5303118_ph.png,377,76,656,353,5841,1580,6120,1857,5464,1504,6808,2848,9,5123,2300
6,holoclone1,1344,279,277,1635563134_8413482.png,1635563134_8413482_gfp.png,1635563134_8413482_ph.png,139,378,418,655,5841,1580,6120,1857,5702,1202,7046,2546,9,5124,2301
6,holoclone1,1344,279,277,1635563136_9217741.png,1635563136_9217741_gfp.png,1635563136_9217741_ph.png,974,289,1253,566,5841,1580,6120,1857,4867,1291,6211,2635,9,5125,2302
6,holoclone1,1344,279,277,1635563138_972695.png,1635563138_972695_gfp.png,1635563138_972695_ph.png,726,376,1005,653,5841,1580,6120,1857,5115,1204,6459,2548,9,5126,2303
6,holoclone1,1344,279,277,1635563140_895061.png,1635563140_895061_gfp.png,1635563140_895061_ph.png,692,446,971,723,5841,1580,6120,1857,5149,1134,6493,2478,9,5127,2304
6,holoclone1,1344,279,277,1635563142_908161.png,1635563142_908161_gfp.png,1635563142_908161_ph.png,408,906,687,1183,5841,1580,6120,1857,5433,674,6777,2018,9,5128,2305
6,holoclone1,1344,279,277,1635563145_067796.png,1635563145_067796_gfp.png,1635563145_067796_ph.png,504,481,783,758,5841,1580,6120,1857,5337,1099,6681,2443,9,5129,2306
6,holoclone1,1344,279,277,1635563147_0358431.png,1635563147_0358431_gfp.png,1635563147_0358431_ph.png,114,1035,393,1312,5841,1580,6120,1857,5727,545,7071,1889,9,5130,2307
6,paraclone18,1344,116,116,1635563147_0358431.png,1635563147_0358431_gfp.png,1635563147_0358431_ph.png,443,18,559,134,6170,563,6286,679,5727,545,7071,1889,9,5131,2307
6,holoclone1,1344,279,277,1635563148_959887.png,1635563148_959887_gfp.png,1635563148_959887_ph.png,773,382,1052,659,5841,1580,6120,1857,5068,1198,6412,2542,9,5132,2308
6,holoclone1,1344,279,277,1635563150_889739.png,1635563150_889739_gfp.png,1635563150_889739_ph.png,282,330,561,607,5841,1580,6120,1857,5559,1250,6903,2594,9,5133,2309
6,meroclone1,1344,80,58,1635563152_813733.png,1635563152_813733_gfp.png,1635563152_813733_ph.png,331,1088,411,1146,8840,2522,8920,2580,8509,1434,9853,2778,9,5134,2310
6,meroclone1,1344,80,58,1635563154_810875.png,1635563154_810875_gfp.png,1635563154_810875_ph.png,1220,1017,1300,1075,8840,2522,8920,2580,7620,1505,8964,2849,9,5135,2311
6,meroclone1,1344,80,58,1635563156_766867.png,1635563156_766867_gfp.png,1635563156_766867_ph.png,714,938,794,996,8840,2522,8920,2580,8126,1584,9470,2928,9,5136,2312
6,meroclone1,1344,80,58,1635563158_693585.png,1635563158_693585_gfp.png,1635563158_693585_ph.png,130,410,210,468,8840,2522,8920,2580,8710,2112,10054,3456,9,5137,2313
6,meroclone1,1344,80,58,1635563160_6163142.png,1635563160_6163142_gfp.png,1635563160_6163142_ph.png,539,713,619,771,8840,2522,8920,2580,8301,1809,9645,3153,9,5138,2314
6,meroclone1,1344,80,58,1635563162_5325062.png,1635563162_5325062_gfp.png,1635563162_5325062_ph.png,106,659,186,717,8840,2522,8920,2580,8734,1863,10078,3207,9,5139,2315
6,meroclone1,1344,80,58,1635563164_4493709.png,1635563164_4493709_gfp.png,1635563164_4493709_ph.png,288,299,368,357,8840,2522,8920,2580,8552,2223,9896,3567,9,5140,2316
6,meroclone1,1344,80,58,1635563166_361589.png,1635563166_361589_gfp.png,1635563166_361589_ph.png,145,357,225,415,8840,2522,8920,2580,8695,2165,10039,3509,9,5141,2317
6,meroclone1,1344,80,58,1635563168_3917959.png,1635563168_3917959_gfp.png,1635563168_3917959_ph.png,261,52,341,110,8840,2522,8920,2580,8579,2470,9923,3814,9,5142,2318
6,meroclone1,1344,80,58,1635563170_398468.png,1635563170_398468_gfp.png,1635563170_398468_ph.png,739,15,819,73,8840,2522,8920,2580,8101,2507,9445,3851,9,5143,2319
6,meroclone2,1344,85,91,1635563172_325931.png,1635563172_325931_gfp.png,1635563172_325931_ph.png,155,504,240,595,4435,1697,4520,1788,4280,1193,5624,2537,9,5144,2320
6,meroclone2,1344,85,91,1635563174_249989.png,1635563174_249989_gfp.png,1635563174_249989_ph.png,1092,97,1177,188,4435,1697,4520,1788,3343,1600,4687,2944,9,5145,2321
6,meroclone2,1344,85,91,1635563176_180844.png,1635563176_180844_gfp.png,1635563176_180844_ph.png,178,510,263,601,4435,1697,4520,1788,4257,1187,5601,2531,9,5146,2322
6,meroclone2,1344,85,91,1635563178_1696541.png,1635563178_1696541_gfp.png,1635563178_1696541_ph.png,470,189,555,280,4435,1697,4520,1788,3965,1508,5309,2852,9,5147,2323
6,meroclone2,1344,85,91,1635563180_099663.png,1635563180_099663_gfp.png,1635563180_099663_ph.png,1250,79,1335,170,4435,1697,4520,1788,3185,1618,4529,2962,9,5148,2324
6,meroclone2,1344,85,91,1635563182_0154839.png,1635563182_0154839_gfp.png,1635563182_0154839_ph.png,113,1073,198,1164,4435,1697,4520,1788,4322,624,5666,1968,9,5149,2325
6,paraclone24,1344,108,103,1635563182_0154839.png,1635563182_0154839_gfp.png,1635563182_0154839_ph.png,283,42,391,145,4605,666,4713,769,4322,624,5666,1968,9,5150,2325
6,meroclone2,1344,85,91,1635563184_130463.png,1635563184_130463_gfp.png,1635563184_130463_ph.png,1246,550,1331,641,4435,1697,4520,1788,3189,1147,4533,2491,9,5151,2326
6,meroclone2,1344,85,91,1635563186_605876.png,1635563186_605876_gfp.png,1635563186_605876_ph.png,895,198,980,289,4435,1697,4520,1788,3540,1499,4884,2843,9,5152,2327
6,meroclone2,1344,85,91,1635563188_782175.png,1635563188_782175_gfp.png,1635563188_782175_ph.png,1094,919,1179,1010,4435,1697,4520,1788,3341,778,4685,2122,9,5153,2328
6,meroclone2,1344,85,91,1635563190_975274.png,1635563190_975274_gfp.png,1635563190_975274_ph.png,455,1108,540,1199,4435,1697,4520,1788,3980,589,5324,1933,9,5154,2329
6,paraclone24,1344,108,103,1635563190_975274.png,1635563190_975274_gfp.png,1635563190_975274_ph.png,625,77,733,180,4605,666,4713,769,3980,589,5324,1933,9,5155,2329
6,meroclone3,1344,128,126,1635563192_948423.png,1635563192_948423_gfp.png,1635563192_948423_ph.png,1164,832,1292,958,9184,5850,9312,5976,8020,5018,9364,6362,9,5156,2330
6,paraclone21,1344,62,68,1635563192_948423.png,1635563192_948423_gfp.png,1635563192_948423_ph.png,717,149,779,217,8737,5167,8799,5235,8020,5018,9364,6362,9,5157,2330
6,meroclone3,1344,128,126,1635563195_161515.png,1635563195_161515_gfp.png,1635563195_161515_ph.png,401,1163,529,1289,9184,5850,9312,5976,8783,4687,10127,6031,9,5158,2331
6,meroclone3,1344,128,126,1635563197_376157.png,1635563197_376157_gfp.png,1635563197_376157_ph.png,144,70,272,196,9184,5850,9312,5976,9040,5780,10384,7124,9,5159,2332
6,meroclone3,1344,128,126,1635563199_719408.png,1635563199_719408_gfp.png,1635563199_719408_ph.png,983,332,1111,458,9184,5850,9312,5976,8201,5518,9545,6862,9,5160,2333
6,meroclone3,1344,128,126,1635563201_821874.png,1635563201_821874_gfp.png,1635563201_821874_ph.png,168,849,296,975,9184,5850,9312,5976,9016,5001,10360,6345,9,5161,2334
6,meroclone3,1344,128,126,1635563204_1892622.png,1635563204_1892622_gfp.png,1635563204_1892622_ph.png,399,30,527,156,9184,5850,9312,5976,8785,5820,10129,7164,9,5162,2335
6,meroclone3,1344,128,126,1635563206_212251.png,1635563206_212251_gfp.png,1635563206_212251_ph.png,334,948,462,1074,9184,5850,9312,5976,8850,4902,10194,6246,9,5163,2336
6,meroclone3,1344,128,126,1635563208_196778.png,1635563208_196778_gfp.png,1635563208_196778_ph.png,829,965,957,1091,9184,5850,9312,5976,8355,4885,9699,6229,9,5164,2337
6,paraclone21,1344,62,68,1635563208_196778.png,1635563208_196778_gfp.png,1635563208_196778_ph.png,382,282,444,350,8737,5167,8799,5235,8355,4885,9699,6229,9,5165,2337
6,meroclone3,1344,128,126,1635563210_1805482.png,1635563210_1805482_gfp.png,1635563210_1805482_ph.png,1145,17,1273,143,9184,5850,9312,5976,8039,5833,9383,7177,9,5166,2338
6,meroclone3,1344,128,126,1635563212_126697.png,1635563212_126697_gfp.png,1635563212_126697_ph.png,170,68,298,194,9184,5850,9312,5976,9014,5782,10358,7126,9,5167,2339
6,paraclone1,1344,47,42,1635563214_217252.png,1635563214_217252_gfp.png,1635563214_217252_ph.png,127,62,174,104,4422,3822,4469,3864,4295,3760,5639,5104,9,5168,2340
6,paraclone1,1344,47,42,1635563216_2922828.png,1635563216_2922828_gfp.png,1635563216_2922828_ph.png,137,143,184,185,4422,3822,4469,3864,4285,3679,5629,5023,9,5169,2341
6,paraclone1,1344,47,42,1635563218_472563.png,1635563218_472563_gfp.png,1635563218_472563_ph.png,785,343,832,385,4422,3822,4469,3864,3637,3479,4981,4823,9,5170,2342
6,paraclone5,1344,132,90,1635563218_472563.png,1635563218_472563_gfp.png,1635563218_472563_ph.png,285,1101,417,1191,3922,4580,4054,4670,3637,3479,4981,4823,9,5171,2342
6,paraclone1,1344,47,42,1635563220_837541.png,1635563220_837541_gfp.png,1635563220_837541_ph.png,9,17,56,59,4422,3822,4469,3864,4413,3805,5757,5149,9,5172,2343
6,paraclone1,1344,47,42,1635563223_023683.png,1635563223_023683_gfp.png,1635563223_023683_ph.png,487,825,534,867,4422,3822,4469,3864,3935,2997,5279,4341,9,5173,2344
6,paraclone1,1344,47,42,1635563225_1810508.png,1635563225_1810508_gfp.png,1635563225_1810508_ph.png,240,396,287,438,4422,3822,4469,3864,4182,3426,5526,4770,9,5174,2345
6,paraclone1,1344,47,42,1635563227_486447.png,1635563227_486447_gfp.png,1635563227_486447_ph.png,433,1250,480,1292,4422,3822,4469,3864,3989,2572,5333,3916,9,5175,2346
6,paraclone1,1344,47,42,1635563229_666178.png,1635563229_666178_gfp.png,1635563229_666178_ph.png,672,298,719,340,4422,3822,4469,3864,3750,3524,5094,4868,9,5176,2347
6,paraclone5,1344,132,90,1635563229_666178.png,1635563229_666178_gfp.png,1635563229_666178_ph.png,172,1056,304,1146,3922,4580,4054,4670,3750,3524,5094,4868,9,5177,2347
6,paraclone1,1344,47,42,1635563231_810448.png,1635563231_810448_gfp.png,1635563231_810448_ph.png,840,887,887,929,4422,3822,4469,3864,3582,2935,4926,4279,9,5178,2348
6,paraclone1,1344,47,42,1635563233_829293.png,1635563233_829293_gfp.png,1635563233_829293_ph.png,419,469,466,511,4422,3822,4469,3864,4003,3353,5347,4697,9,5179,2349
6,paraclone2,1344,102,66,1635563235_869451.png,1635563235_869451_gfp.png,1635563235_869451_ph.png,49,1030,151,1096,6428,4618,6530,4684,6379,3588,7723,4932,9,5180,2350
6,paraclone2,1344,102,66,1635563238_022488.png,1635563238_022488_gfp.png,1635563238_022488_ph.png,359,250,461,316,6428,4618,6530,4684,6069,4368,7413,5712,9,5181,2351
6,paraclone2,1344,102,66,1635563240_079093.png,1635563240_079093_gfp.png,1635563240_079093_ph.png,944,983,1046,1049,6428,4618,6530,4684,5484,3635,6828,4979,9,5182,2352
6,paraclone2,1344,102,66,1635563242_16993.png,1635563242_16993_gfp.png,1635563242_16993_ph.png,1131,414,1233,480,6428,4618,6530,4684,5297,4204,6641,5548,9,5183,2353
6,paraclone2,1344,102,66,1635563244_324398.png,1635563244_324398_gfp.png,1635563244_324398_ph.png,1223,120,1325,186,6428,4618,6530,4684,5205,4498,6549,5842,9,5184,2354
6,paraclone2,1344,102,66,1635563246_264117.png,1635563246_264117_gfp.png,1635563246_264117_ph.png,908,88,1010,154,6428,4618,6530,4684,5520,4530,6864,5874,9,5185,2355
6,paraclone2,1344,102,66,1635563248_202113.png,1635563248_202113_gfp.png,1635563248_202113_ph.png,584,1236,686,1302,6428,4618,6530,4684,5844,3382,7188,4726,9,5186,2356
6,paraclone2,1344,102,66,1635563250_126484.png,1635563250_126484_gfp.png,1635563250_126484_ph.png,871,525,973,591,6428,4618,6530,4684,5557,4093,6901,5437,9,5187,2357
6,paraclone2,1344,102,66,1635563252_046185.png,1635563252_046185_gfp.png,1635563252_046185_ph.png,469,842,571,908,6428,4618,6530,4684,5959,3776,7303,5120,9,5188,2358
6,paraclone2,1344,102,66,1635563253_966401.png,1635563253_966401_gfp.png,1635563253_966401_ph.png,900,954,1002,1020,6428,4618,6530,4684,5528,3664,6872,5008,9,5189,2359
6,paraclone3,1344,69,85,1635563255_890668.png,1635563255_890668_gfp.png,1635563255_890668_ph.png,220,133,289,218,9611,7264,9680,7349,9391,7131,10735,8475,9,5190,2360
6,paraclone3,1344,69,85,1635563257_809178.png,1635563257_809178_gfp.png,1635563257_809178_ph.png,717,860,786,945,9611,7264,9680,7349,8894,6404,10238,7748,9,5191,2361
6,paraclone3,1344,69,85,1635563259_7493188.png,1635563259_7493188_gfp.png,1635563259_7493188_ph.png,379,556,448,641,9611,7264,9680,7349,9232,6708,10576,8052,9,5192,2362
6,paraclone3,1344,69,85,1635563261_6718988.png,1635563261_6718988_gfp.png,1635563261_6718988_ph.png,609,585,678,670,9611,7264,9680,7349,9002,6679,10346,8023,9,5193,2363
6,paraclone3,1344,69,85,1635563263_6043258.png,1635563263_6043258_gfp.png,1635563263_6043258_ph.png,841,62,910,147,9611,7264,9680,7349,8770,7202,10114,8546,9,5194,2364
6,paraclone3,1344,69,85,1635563265_571647.png,1635563265_571647_gfp.png,1635563265_571647_ph.png,343,1153,412,1238,9611,7264,9680,7349,9268,6111,10612,7455,9,5195,2365
6,paraclone3,1344,69,85,1635563267_500942.png,1635563267_500942_gfp.png,1635563267_500942_ph.png,376,1186,445,1271,9611,7264,9680,7349,9235,6078,10579,7422,9,5196,2366
6,paraclone3,1344,69,85,1635563269_422365.png,1635563269_422365_gfp.png,1635563269_422365_ph.png,1016,1126,1085,1211,9611,7264,9680,7349,8595,6138,9939,7482,9,5197,2367
6,paraclone3,1344,69,85,1635563271_3410041.png,1635563271_3410041_gfp.png,1635563271_3410041_ph.png,1219,915,1288,1000,9611,7264,9680,7349,8392,6349,9736,7693,9,5198,2368
6,paraclone3,1344,69,85,1635563273_257109.png,1635563273_257109_gfp.png,1635563273_257109_ph.png,774,1212,843,1297,9611,7264,9680,7349,8837,6052,10181,7396,9,5199,2369
6,paraclone4,1344,51,53,1635563275_179456.png,1635563275_179456_gfp.png,1635563275_179456_ph.png,353,271,404,324,7425,1904,7476,1957,7072,1633,8416,2977,9,5200,2370
6,paraclone4,1344,51,53,1635563277_096381.png,1635563277_096381_gfp.png,1635563277_096381_ph.png,519,908,570,961,7425,1904,7476,1957,6906,996,8250,2340,9,5201,2371
6,paraclone4,1344,51,53,1635563279_2352588.png,1635563279_2352588_gfp.png,1635563279_2352588_ph.png,709,908,760,961,7425,1904,7476,1957,6716,996,8060,2340,9,5202,2372
6,paraclone4,1344,51,53,1635563281_218047.png,1635563281_218047_gfp.png,1635563281_218047_ph.png,60,231,111,284,7425,1904,7476,1957,7365,1673,8709,3017,9,5203,2373
6,paraclone4,1344,51,53,1635563283_163289.png,1635563283_163289_gfp.png,1635563283_163289_ph.png,1067,1255,1118,1308,7425,1904,7476,1957,6358,649,7702,1993,9,5204,2374
6,paraclone4,1344,51,53,1635563285_114989.png,1635563285_114989_gfp.png,1635563285_114989_ph.png,1128,153,1179,206,7425,1904,7476,1957,6297,1751,7641,3095,9,5205,2375
6,paraclone4,1344,51,53,1635563287_0566888.png,1635563287_0566888_gfp.png,1635563287_0566888_ph.png,750,1131,801,1184,7425,1904,7476,1957,6675,773,8019,2117,9,5206,2376
6,paraclone4,1344,51,53,1635563289_061934.png,1635563289_061934_gfp.png,1635563289_061934_ph.png,351,1072,402,1125,7425,1904,7476,1957,7074,832,8418,2176,9,5207,2377
6,paraclone4,1344,51,53,1635563291_264825.png,1635563291_264825_gfp.png,1635563291_264825_ph.png,877,402,928,455,7425,1904,7476,1957,6548,1502,7892,2846,9,5208,2378
6,paraclone4,1344,51,53,1635563293_26174.png,1635563293_26174_gfp.png,1635563293_26174_ph.png,386,262,437,315,7425,1904,7476,1957,7039,1642,8383,2986,9,5209,2379
6,paraclone1,1344,47,42,1635563295_193844.png,1635563295_193844_gfp.png,1635563295_193844_ph.png,1261,409,1308,451,4422,3822,4469,3864,3161,3413,4505,4757,9,5210,2380
6,paraclone5,1344,132,90,1635563295_193844.png,1635563295_193844_gfp.png,1635563295_193844_ph.png,761,1167,893,1257,3922,4580,4054,4670,3161,3413,4505,4757,9,5211,2380
6,paraclone7,1344,81,74,1635563295_193844.png,1635563295_193844_gfp.png,1635563295_193844_ph.png,107,312,188,386,3268,3725,3349,3799,3161,3413,4505,4757,9,5212,2380
6,paraclone5,1344,132,90,1635563297_124813.png,1635563297_124813_gfp.png,1635563297_124813_ph.png,50,348,182,438,3922,4580,4054,4670,3872,4232,5216,5576,9,5213,2381
6,paraclone5,1344,132,90,1635563299_0678148.png,1635563299_0678148_gfp.png,1635563299_0678148_ph.png,698,239,830,329,3922,4580,4054,4670,3224,4341,4568,5685,9,5214,2382
6,paraclone1,1344,47,42,1635563300_995827.png,1635563300_995827_gfp.png,1635563300_995827_ph.png,1080,103,1127,145,4422,3822,4469,3864,3342,3719,4686,5063,9,5215,2383
6,paraclone5,1344,132,90,1635563300_995827.png,1635563300_995827_gfp.png,1635563300_995827_ph.png,580,861,712,951,3922,4580,4054,4670,3342,3719,4686,5063,9,5216,2383
6,paraclone5,1344,132,90,1635563302_936299.png,1635563302_936299_gfp.png,1635563302_936299_ph.png,499,720,631,810,3922,4580,4054,4670,3423,3860,4767,5204,9,5217,2384
6,paraclone5,1344,132,90,1635563305_0715158.png,1635563305_0715158_gfp.png,1635563305_0715158_ph.png,1117,838,1249,928,3922,4580,4054,4670,2805,3742,4149,5086,9,5218,2385
6,paraclone20,1344,51,59,1635563305_0715158.png,1635563305_0715158_gfp.png,1635563305_0715158_ph.png,228,673,279,732,3033,4415,3084,4474,2805,3742,4149,5086,9,5219,2385
6,paraclone5,1344,132,90,1635563307_299412.png,1635563307_299412_gfp.png,1635563307_299412_ph.png,784,210,916,300,3922,4580,4054,4670,3138,4370,4482,5714,9,5220,2386
6,paraclone5,1344,132,90,1635563309_278442.png,1635563309_278442_gfp.png,1635563309_278442_ph.png,1145,116,1277,206,3922,4580,4054,4670,2777,4464,4121,5808,9,5221,2387
6,paraclone5,1344,132,90,1635563311_240313.png,1635563311_240313_gfp.png,1635563311_240313_ph.png,792,757,924,847,3922,4580,4054,4670,3130,3823,4474,5167,9,5222,2388
6,paraclone5,1344,132,90,1635563313_21336.png,1635563313_21336_gfp.png,1635563313_21336_ph.png,110,20,242,110,3922,4580,4054,4670,3812,4560,5156,5904,9,5223,2389
6,paraclone6,1344,74,106,1635563315_2068841.png,1635563315_2068841_gfp.png,1635563315_2068841_ph.png,1148,287,1222,393,1675,2104,1749,2210,527,1817,1871,3161,9,5224,2390
6,paraclone6,1344,74,106,1635563317_3461928.png,1635563317_3461928_gfp.png,1635563317_3461928_ph.png,1109,742,1183,848,1675,2104,1749,2210,566,1362,1910,2706,9,5225,2391
6,paraclone6,1344,74,106,1635563319_549011.png,1635563319_549011_gfp.png,1635563319_549011_ph.png,512,624,586,730,1675,2104,1749,2210,1163,1480,2507,2824,9,5226,2392
6,paraclone6,1344,74,106,1635563321_740951.png,1635563321_740951_gfp.png,1635563321_740951_ph.png,689,1064,763,1170,1675,2104,1749,2210,986,1040,2330,2384,9,5227,2393
6,paraclone6,1344,74,106,1635563323_938556.png,1635563323_938556_gfp.png,1635563323_938556_ph.png,839,93,913,199,1675,2104,1749,2210,836,2011,2180,3355,9,5228,2394
6,paraclone6,1344,74,106,1635563326_041808.png,1635563326_041808_gfp.png,1635563326_041808_ph.png,1141,1025,1215,1131,1675,2104,1749,2210,534,1079,1878,2423,9,5229,2395
6,paraclone6,1344,74,106,1635563328_230357.png,1635563328_230357_gfp.png,1635563328_230357_ph.png,634,295,708,401,1675,2104,1749,2210,1041,1809,2385,3153,9,5230,2396
6,paraclone6,1344,74,106,1635563330_357522.png,1635563330_357522_gfp.png,1635563330_357522_ph.png,23,394,97,500,1675,2104,1749,2210,1652,1710,2996,3054,9,5231,2397
6,paraclone6,1344,74,106,1635563332_430655.png,1635563332_430655_gfp.png,1635563332_430655_ph.png,902,532,976,638,1675,2104,1749,2210,773,1572,2117,2916,9,5232,2398
6,paraclone6,1344,74,106,1635563334_483144.png,1635563334_483144_gfp.png,1635563334_483144_ph.png,186,1017,260,1123,1675,2104,1749,2210,1489,1087,2833,2431,9,5233,2399
6,meroclone4,1344,131,197,1635563336_407725.png,1635563336_407725_gfp.png,1635563336_407725_ph.png,533,386,664,583,802,6339,933,6536,269,5953,1613,7297,9,5234,2400
6,meroclone4,1344,131,197,1635563338_338162.png,1635563338_338162_gfp.png,1635563338_338162_ph.png,712,833,843,1030,802,6339,933,6536,90,5506,1434,6850,9,5235,2401
6,meroclone4,1344,131,197,1635563340_2649689.png,1635563340_2649689_gfp.png,1635563340_2649689_ph.png,585,803,716,1000,802,6339,933,6536,217,5536,1561,6880,9,5236,2402
6,meroclone4,1344,131,197,1635563342_1874518.png,1635563342_1874518_gfp.png,1635563342_1874518_ph.png,281,683,412,880,802,6339,933,6536,521,5656,1865,7000,9,5237,2403
6,paraclone8,1344,72,68,1635563342_1874518.png,1635563342_1874518_gfp.png,1635563342_1874518_ph.png,1079,1190,1151,1258,1600,6846,1672,6914,521,5656,1865,7000,9,5238,2403
6,meroclone4,1344,131,197,1635563344_1085749.png,1635563344_1085749_gfp.png,1635563344_1085749_ph.png,143,98,274,295,802,6339,933,6536,659,6241,2003,7585,9,5239,2404
6,paraclone8,1344,72,68,1635563344_1085749.png,1635563344_1085749_gfp.png,1635563344_1085749_ph.png,941,605,1013,673,1600,6846,1672,6914,659,6241,2003,7585,9,5240,2404
6,meroclone4,1344,131,197,1635563346_035635.png,1635563346_035635_gfp.png,1635563346_035635_ph.png,802,349,933,546,802,6339,933,6536,0,5990,1344,7334,9,5241,2405
6,paraclone14,1344,110,105,1635563346_035635.png,1635563346_035635_gfp.png,1635563346_035635_ph.png,70,915,180,1020,70,6905,180,7010,0,5990,1344,7334,9,5242,2405
6,meroclone4,1344,131,197,1635563347_9541519.png,1635563347_9541519_gfp.png,1635563347_9541519_ph.png,802,541,933,738,802,6339,933,6536,0,5798,1344,7142,9,5243,2406
6,paraclone14,1344,110,105,1635563347_9541519.png,1635563347_9541519_gfp.png,1635563347_9541519_ph.png,70,1107,180,1212,70,6905,180,7010,0,5798,1344,7142,9,5244,2406
6,meroclone4,1344,131,197,1635563349_8755322.png,1635563349_8755322_gfp.png,1635563349_8755322_ph.png,470,929,601,1126,802,6339,933,6536,332,5410,1676,6754,9,5245,2407
6,meroclone4,1344,131,197,1635563351_795798.png,1635563351_795798_gfp.png,1635563351_795798_ph.png,130,1121,261,1318,802,6339,933,6536,672,5218,2016,6562,9,5246,2408
6,meroclone4,1344,131,197,1635563353_721788.png,1635563353_721788_gfp.png,1635563353_721788_ph.png,577,895,708,1092,802,6339,933,6536,225,5444,1569,6788,9,5247,2409
6,paraclone7,1344,81,74,1635563355_638122.png,1635563355_638122_gfp.png,1635563355_638122_ph.png,817,70,898,144,3268,3725,3349,3799,2451,3655,3795,4999,9,5248,2410
6,paraclone20,1344,51,59,1635563355_638122.png,1635563355_638122_gfp.png,1635563355_638122_ph.png,582,760,633,819,3033,4415,3084,4474,2451,3655,3795,4999,9,5249,2410
6,paraclone7,1344,81,74,1635563357_564749.png,1635563357_564749_gfp.png,1635563357_564749_ph.png,480,418,561,492,3268,3725,3349,3799,2788,3307,4132,4651,9,5250,2411
6,paraclone20,1344,51,59,1635563357_564749.png,1635563357_564749_gfp.png,1635563357_564749_ph.png,245,1108,296,1167,3033,4415,3084,4474,2788,3307,4132,4651,9,5251,2411
6,paraclone7,1344,81,74,1635563359_494397.png,1635563359_494397_gfp.png,1635563359_494397_ph.png,150,854,231,928,3268,3725,3349,3799,3118,2871,4462,4215,9,5252,2412
6,paraclone7,1344,81,74,1635563361_4135869.png,1635563361_4135869_gfp.png,1635563361_4135869_ph.png,697,177,778,251,3268,3725,3349,3799,2571,3548,3915,4892,9,5253,2413
6,paraclone20,1344,51,59,1635563361_4135869.png,1635563361_4135869_gfp.png,1635563361_4135869_ph.png,462,867,513,926,3033,4415,3084,4474,2571,3548,3915,4892,9,5254,2413
6,paraclone7,1344,81,74,1635563363_326244.png,1635563363_326244_gfp.png,1635563363_326244_ph.png,1156,1223,1237,1297,3268,3725,3349,3799,2112,2502,3456,3846,9,5255,2414
6,paraclone7,1344,81,74,1635563365_247553.png,1635563365_247553_gfp.png,1635563365_247553_ph.png,828,316,909,390,3268,3725,3349,3799,2440,3409,3784,4753,9,5256,2415
6,paraclone20,1344,51,59,1635563365_247553.png,1635563365_247553_gfp.png,1635563365_247553_ph.png,593,1006,644,1065,3033,4415,3084,4474,2440,3409,3784,4753,9,5257,2415
6,paraclone7,1344,81,74,1635563367_177717.png,1635563367_177717_gfp.png,1635563367_177717_ph.png,679,51,760,125,3268,3725,3349,3799,2589,3674,3933,5018,9,5258,2416
6,paraclone20,1344,51,59,1635563367_177717.png,1635563367_177717_gfp.png,1635563367_177717_ph.png,444,741,495,800,3033,4415,3084,4474,2589,3674,3933,5018,9,5259,2416
6,paraclone1,1344,47,42,1635563369_095049.png,1635563369_095049_gfp.png,1635563369_095049_ph.png,1169,460,1216,502,4422,3822,4469,3864,3253,3362,4597,4706,9,5260,2417
6,paraclone5,1344,132,90,1635563369_095049.png,1635563369_095049_gfp.png,1635563369_095049_ph.png,669,1218,801,1308,3922,4580,4054,4670,3253,3362,4597,4706,9,5261,2417
6,paraclone7,1344,81,74,1635563369_095049.png,1635563369_095049_gfp.png,1635563369_095049_ph.png,15,363,96,437,3268,3725,3349,3799,3253,3362,4597,4706,9,5262,2417
6,paraclone7,1344,81,74,1635563371_00756.png,1635563371_00756_gfp.png,1635563371_00756_ph.png,1012,1210,1093,1284,3268,3725,3349,3799,2256,2515,3600,3859,9,5263,2418
6,paraclone1,1344,47,42,1635563372_926713.png,1635563372_926713_gfp.png,1635563372_926713_ph.png,1159,735,1206,777,4422,3822,4469,3864,3263,3087,4607,4431,9,5264,2419
6,paraclone7,1344,81,74,1635563372_926713.png,1635563372_926713_gfp.png,1635563372_926713_ph.png,5,638,86,712,3268,3725,3349,3799,3263,3087,4607,4431,9,5265,2419
6,paraclone8,1344,72,68,1635563374_84152.png,1635563374_84152_gfp.png,1635563374_84152_ph.png,756,224,828,292,1600,6846,1672,6914,844,6622,2188,7966,9,5266,2420
6,meroclone4,1344,131,197,1635563376_754896.png,1635563376_754896_gfp.png,1635563376_754896_ph.png,447,659,578,856,802,6339,933,6536,355,5680,1699,7024,9,5267,2421
6,paraclone8,1344,72,68,1635563376_754896.png,1635563376_754896_gfp.png,1635563376_754896_ph.png,1245,1166,1317,1234,1600,6846,1672,6914,355,5680,1699,7024,9,5268,2421
6,paraclone8,1344,72,68,1635563378_668062.png,1635563378_668062_gfp.png,1635563378_668062_ph.png,1266,159,1338,227,1600,6846,1672,6914,334,6687,1678,8031,9,5269,2422
6,paraclone8,1344,72,68,1635563380_625196.png,1635563380_625196_gfp.png,1635563380_625196_ph.png,284,479,356,547,1600,6846,1672,6914,1316,6367,2660,7711,9,5270,2423
6,paraclone8,1344,72,68,1635563382_539032.png,1635563382_539032_gfp.png,1635563382_539032_ph.png,793,208,865,276,1600,6846,1672,6914,807,6638,2151,7982,9,5271,2424
6,paraclone8,1344,72,68,1635563384_45857.png,1635563384_45857_gfp.png,1635563384_45857_ph.png,619,1239,691,1307,1600,6846,1672,6914,981,5607,2325,6951,9,5272,2425
6,meroclone4,1344,131,197,1635563386_397543.png,1635563386_397543_gfp.png,1635563386_397543_ph.png,49,331,180,528,802,6339,933,6536,753,6008,2097,7352,9,5273,2426
6,paraclone8,1344,72,68,1635563386_397543.png,1635563386_397543_gfp.png,1635563386_397543_ph.png,847,838,919,906,1600,6846,1672,6914,753,6008,2097,7352,9,5274,2426
6,paraclone8,1344,72,68,1635563388_314781.png,1635563388_314781_gfp.png,1635563388_314781_ph.png,278,711,350,779,1600,6846,1672,6914,1322,6135,2666,7479,9,5275,2427
6,paraclone8,1344,72,68,1635563390_247252.png,1635563390_247252_gfp.png,1635563390_247252_ph.png,30,894,102,962,1600,6846,1672,6914,1570,5952,2914,7296,9,5276,2428
6,paraclone8,1344,72,68,1635563392_16935.png,1635563392_16935_gfp.png,1635563392_16935_ph.png,171,427,243,495,1600,6846,1672,6914,1429,6419,2773,7763,9,5277,2429
6,meroclone5,1344,89,109,1635563394_092117.png,1635563394_092117_gfp.png,1635563394_092117_ph.png,1160,898,1249,1007,10449,2641,10538,2750,9289,1743,10633,3087,9,5278,2430
6,meroclone5,1344,89,109,1635563396_006104.png,1635563396_006104_gfp.png,1635563396_006104_ph.png,1126,851,1215,960,10449,2641,10538,2750,9323,1790,10667,3134,9,5279,2431
6,meroclone5,1344,89,109,1635563398_005217.png,1635563398_005217_gfp.png,1635563398_005217_ph.png,1179,436,1268,545,10449,2641,10538,2750,9270,2205,10614,3549,9,5280,2432
6,paraclone22,1344,85,98,1635563398_005217.png,1635563398_005217_gfp.png,1635563398_005217_ph.png,973,981,1058,1079,10243,3186,10328,3284,9270,2205,10614,3549,9,5281,2432
6,meroclone5,1344,89,109,1635563399_923508.png,1635563399_923508_gfp.png,1635563399_923508_ph.png,1237,919,1326,1028,10449,2641,10538,2750,9212,1722,10556,3066,9,5282,2433
6,meroclone5,1344,89,109,1635563401_841553.png,1635563401_841553_gfp.png,1635563401_841553_ph.png,1115,1169,1204,1278,10449,2641,10538,2750,9334,1472,10678,2816,9,5283,2434
6,meroclone5,1344,89,109,1635563403_757338.png,1635563403_757338_gfp.png,1635563403_757338_ph.png,1164,581,1253,690,10449,2641,10538,2750,9285,2060,10629,3404,9,5284,2435
6,paraclone22,1344,85,98,1635563403_757338.png,1635563403_757338_gfp.png,1635563403_757338_ph.png,958,1126,1043,1224,10243,3186,10328,3284,9285,2060,10629,3404,9,5285,2435
6,meroclone5,1344,89,109,1635563405_677932.png,1635563405_677932_gfp.png,1635563405_677932_ph.png,1084,971,1173,1080,10449,2641,10538,2750,9365,1670,10709,3014,9,5286,2436
6,meroclone5,1344,89,109,1635563407_5897741.png,1635563407_5897741_gfp.png,1635563407_5897741_ph.png,1154,1030,1243,1139,10449,2641,10538,2750,9295,1611,10639,2955,9,5287,2437
6,meroclone5,1344,89,109,1635563409_505901.png,1635563409_505901_gfp.png,1635563409_505901_ph.png,1071,986,1160,1095,10449,2641,10538,2750,9378,1655,10722,2999,9,5288,2438
6,meroclone5,1344,89,109,1635563411_446483.png,1635563411_446483_gfp.png,1635563411_446483_ph.png,1182,497,1271,606,10449,2641,10538,2750,9267,2144,10611,3488,9,5289,2439
6,paraclone22,1344,85,98,1635563411_446483.png,1635563411_446483_gfp.png,1635563411_446483_ph.png,976,1042,1061,1140,10243,3186,10328,3284,9267,2144,10611,3488,9,5290,2439
6,paraclone9,1344,109,82,1635563413_366533.png,1635563413_366533_gfp.png,1635563413_366533_ph.png,896,320,1005,402,9629,4068,9738,4150,8733,3748,10077,5092,9,5291,2440
6,paraclone9,1344,109,82,1635563415_2890801.png,1635563415_2890801_gfp.png,1635563415_2890801_ph.png,420,177,529,259,9629,4068,9738,4150,9209,3891,10553,5235,9,5292,2441
6,paraclone9,1344,109,82,1635563417_2121332.png,1635563417_2121332_gfp.png,1635563417_2121332_ph.png,384,1043,493,1125,9629,4068,9738,4150,9245,3025,10589,4369,9,5293,2442
6,paraclone22,1344,85,98,1635563417_2121332.png,1635563417_2121332_gfp.png,1635563417_2121332_ph.png,998,161,1083,259,10243,3186,10328,3284,9245,3025,10589,4369,9,5294,2442
6,paraclone9,1344,109,82,1635563419_150188.png,1635563419_150188_gfp.png,1635563419_150188_ph.png,747,26,856,108,9629,4068,9738,4150,8882,4042,10226,5386,9,5295,2443
6,paraclone9,1344,109,82,1635563421_0697222.png,1635563421_0697222_gfp.png,1635563421_0697222_ph.png,573,709,682,791,9629,4068,9738,4150,9056,3359,10400,4703,9,5296,2444
6,paraclone9,1344,109,82,1635563422_996516.png,1635563422_996516_gfp.png,1635563422_996516_ph.png,361,321,470,403,9629,4068,9738,4150,9268,3747,10612,5091,9,5297,2445
6,paraclone9,1344,109,82,1635563424_907645.png,1635563424_907645_gfp.png,1635563424_907645_ph.png,812,233,921,315,9629,4068,9738,4150,8817,3835,10161,5179,9,5298,2446
6,paraclone9,1344,109,82,1635563426_837905.png,1635563426_837905_gfp.png,1635563426_837905_ph.png,726,464,835,546,9629,4068,9738,4150,8903,3604,10247,4948,9,5299,2447
6,paraclone9,1344,109,82,1635563428_809386.png,1635563428_809386_gfp.png,1635563428_809386_ph.png,685,166,794,248,9629,4068,9738,4150,8944,3902,10288,5246,9,5300,2448
6,paraclone9,1344,109,82,1635563430_748607.png,1635563430_748607_gfp.png,1635563430_748607_ph.png,655,615,764,697,9629,4068,9738,4150,8974,3453,10318,4797,9,5301,2449
6,paraclone10,1344,131,121,1635563432_667572.png,1635563432_667572_gfp.png,1635563432_667572_ph.png,914,1155,1045,1276,7504,7018,7635,7139,6590,5863,7934,7207,9,5302,2450
6,paraclone10,1344,131,121,1635563434_586522.png,1635563434_586522_gfp.png,1635563434_586522_ph.png,601,1116,732,1237,7504,7018,7635,7139,6903,5902,8247,7246,9,5303,2451
6,paraclone10,1344,131,121,1635563436_4978151.png,1635563436_4978151_gfp.png,1635563436_4978151_ph.png,811,1086,942,1207,7504,7018,7635,7139,6693,5932,8037,7276,9,5304,2452
6,paraclone10,1344,131,121,1635563438_4057238.png,1635563438_4057238_gfp.png,1635563438_4057238_ph.png,752,1026,883,1147,7504,7018,7635,7139,6752,5992,8096,7336,9,5305,2453
6,paraclone10,1344,131,121,1635563440_319114.png,1635563440_319114_gfp.png,1635563440_319114_ph.png,486,587,617,708,7504,7018,7635,7139,7018,6431,8362,7775,9,5306,2454
6,paraclone10,1344,131,121,1635563442_227736.png,1635563442_227736_gfp.png,1635563442_227736_ph.png,233,88,364,209,7504,7018,7635,7139,7271,6930,8615,8274,9,5307,2455
6,paraclone10,1344,131,121,1635563444_133198.png,1635563444_133198_gfp.png,1635563444_133198_ph.png,571,523,702,644,7504,7018,7635,7139,6933,6495,8277,7839,9,5308,2456
6,paraclone10,1344,131,121,1635563446_045043.png,1635563446_045043_gfp.png,1635563446_045043_ph.png,872,1157,1003,1278,7504,7018,7635,7139,6632,5861,7976,7205,9,5309,2457
6,paraclone10,1344,131,121,1635563447_97925.png,1635563447_97925_gfp.png,1635563447_97925_ph.png,157,223,288,344,7504,7018,7635,7139,7347,6795,8691,8139,9,5310,2458
6,paraclone10,1344,131,121,1635563449_889725.png,1635563449_889725_gfp.png,1635563449_889725_ph.png,740,1152,871,1273,7504,7018,7635,7139,6764,5866,8108,7210,9,5311,2459
6,paraclone11,1344,57,41,1635563451_8007748.png,1635563451_8007748_gfp.png,1635563451_8007748_ph.png,1183,762,1240,803,2658,762,2715,803,1475,0,2819,1344,9,5312,2460
6,paraclone23,1344,61,66,1635563451_8007748.png,1635563451_8007748_gfp.png,1635563451_8007748_ph.png,410,981,471,1047,1885,981,1946,1047,1475,0,2819,1344,9,5313,2460
6,paraclone11,1344,57,41,1635563453_712218.png,1635563453_712218_gfp.png,1635563453_712218_ph.png,438,191,495,232,2658,762,2715,803,2220,571,3564,1915,9,5314,2461
6,paraclone11,1344,57,41,1635563455_6265368.png,1635563455_6265368_gfp.png,1635563455_6265368_ph.png,572,643,629,684,2658,762,2715,803,2086,119,3430,1463,9,5315,2462
6,paraclone12,1344,90,124,1635563455_6265368.png,1635563455_6265368_gfp.png,1635563455_6265368_ph.png,1214,361,1304,485,3300,480,3390,604,2086,119,3430,1463,9,5316,2462
6,paraclone11,1344,57,41,1635563457_5451431.png,1635563457_5451431_gfp.png,1635563457_5451431_ph.png,377,762,434,803,2658,762,2715,803,2281,0,3625,1344,9,5317,2463
6,paraclone12,1344,90,124,1635563457_5451431.png,1635563457_5451431_gfp.png,1635563457_5451431_ph.png,1019,480,1109,604,3300,480,3390,604,2281,0,3625,1344,9,5318,2463
6,paraclone11,1344,57,41,1635563459_4557161.png,1635563459_4557161_gfp.png,1635563459_4557161_ph.png,93,762,150,803,2658,762,2715,803,2565,0,3909,1344,9,5319,2464
6,paraclone12,1344,90,124,1635563459_4557161.png,1635563459_4557161_gfp.png,1635563459_4557161_ph.png,735,480,825,604,3300,480,3390,604,2565,0,3909,1344,9,5320,2464
6,paraclone11,1344,57,41,1635563461_367955.png,1635563461_367955_gfp.png,1635563461_367955_ph.png,1126,762,1183,803,2658,762,2715,803,1532,0,2876,1344,9,5321,2465
6,paraclone23,1344,61,66,1635563461_367955.png,1635563461_367955_gfp.png,1635563461_367955_ph.png,353,981,414,1047,1885,981,1946,1047,1532,0,2876,1344,9,5322,2465
6,paraclone11,1344,57,41,1635563463_278431.png,1635563463_278431_gfp.png,1635563463_278431_ph.png,1070,762,1127,803,2658,762,2715,803,1588,0,2932,1344,9,5323,2466
6,paraclone23,1344,61,66,1635563463_278431.png,1635563463_278431_gfp.png,1635563463_278431_ph.png,297,981,358,1047,1885,981,1946,1047,1588,0,2932,1344,9,5324,2466
6,paraclone11,1344,57,41,1635563465_195751.png,1635563465_195751_gfp.png,1635563465_195751_ph.png,767,622,824,663,2658,762,2715,803,1891,140,3235,1484,9,5325,2467
6,paraclone11,1344,57,41,1635563467_120446.png,1635563467_120446_gfp.png,1635563467_120446_ph.png,943,762,1000,803,2658,762,2715,803,1715,0,3059,1344,9,5326,2468
6,paraclone23,1344,61,66,1635563467_120446.png,1635563467_120446_gfp.png,1635563467_120446_ph.png,170,981,231,1047,1885,981,1946,1047,1715,0,3059,1344,9,5327,2468
6,paraclone11,1344,57,41,1635563469_034227.png,1635563469_034227_gfp.png,1635563469_034227_ph.png,66,762,123,803,2658,762,2715,803,2592,0,3936,1344,9,5328,2469
6,paraclone12,1344,90,124,1635563469_034227.png,1635563469_034227_gfp.png,1635563469_034227_ph.png,708,480,798,604,3300,480,3390,604,2592,0,3936,1344,9,5329,2469
6,paraclone12,1344,90,124,1635563470_956217.png,1635563470_956217_gfp.png,1635563470_956217_ph.png,264,480,354,604,3300,480,3390,604,3036,0,4380,1344,9,5330,2470
6,paraclone11,1344,57,41,1635563472_898785.png,1635563472_898785_gfp.png,1635563472_898785_ph.png,422,762,479,803,2658,762,2715,803,2236,0,3580,1344,9,5331,2471
6,paraclone12,1344,90,124,1635563472_898785.png,1635563472_898785_gfp.png,1635563472_898785_ph.png,1064,480,1154,604,3300,480,3390,604,2236,0,3580,1344,9,5332,2471
6,paraclone11,1344,57,41,1635563474_809424.png,1635563474_809424_gfp.png,1635563474_809424_ph.png,508,542,565,583,2658,762,2715,803,2150,220,3494,1564,9,5333,2472
6,paraclone12,1344,90,124,1635563474_809424.png,1635563474_809424_gfp.png,1635563474_809424_ph.png,1150,260,1240,384,3300,480,3390,604,2150,220,3494,1564,9,5334,2472
6,paraclone12,1344,90,124,1635563476_71944.png,1635563476_71944_gfp.png,1635563476_71944_ph.png,500,480,590,604,3300,480,3390,604,2800,0,4144,1344,9,5335,2473
6,paraclone12,1344,90,124,1635563478_63919.png,1635563478_63919_gfp.png,1635563478_63919_ph.png,532,440,622,564,3300,480,3390,604,2768,40,4112,1384,9,5336,2474
6,paraclone12,1344,90,124,1635563480_54812.png,1635563480_54812_gfp.png,1635563480_54812_ph.png,261,480,351,604,3300,480,3390,604,3039,0,4383,1344,9,5337,2475
6,paraclone11,1344,57,41,1635563482_4802501.png,1635563482_4802501_gfp.png,1635563482_4802501_ph.png,360,762,417,803,2658,762,2715,803,2298,0,3642,1344,9,5338,2476
6,paraclone12,1344,90,124,1635563482_4802501.png,1635563482_4802501_gfp.png,1635563482_4802501_ph.png,1002,480,1092,604,3300,480,3390,604,2298,0,3642,1344,9,5339,2476
6,paraclone12,1344,90,124,1635563484_3892438.png,1635563484_3892438_gfp.png,1635563484_3892438_ph.png,405,72,495,196,3300,480,3390,604,2895,408,4239,1752,9,5340,2477
6,paraclone12,1344,90,124,1635563486_299503.png,1635563486_299503_gfp.png,1635563486_299503_ph.png,137,480,227,604,3300,480,3390,604,3163,0,4507,1344,9,5341,2478
6,paraclone12,1344,90,124,1635563488_222877.png,1635563488_222877_gfp.png,1635563488_222877_ph.png,464,480,554,604,3300,480,3390,604,2836,0,4180,1344,9,5342,2479
6,meroclone6,1344,264,286,1635563490_1483781.png,1635563490_1483781_gfp.png,1635563490_1483781_ph.png,1,747,265,1033,2115,8430,2379,8716,2114,7683,3458,9027,9,5343,2480
6,meroclone6,1344,264,286,1635563492_057131.png,1635563492_057131_gfp.png,1635563492_057131_ph.png,620,955,884,1241,2115,8430,2379,8716,1495,7475,2839,8819,9,5344,2481
6,meroclone6,1344,264,286,1635563493_9666638.png,1635563493_9666638_gfp.png,1635563493_9666638_ph.png,321,937,585,1223,2115,8430,2379,8716,1794,7493,3138,8837,9,5345,2482
6,meroclone6,1344,264,286,1635563495_876775.png,1635563495_876775_gfp.png,1635563495_876775_ph.png,595,802,859,1088,2115,8430,2379,8716,1520,7628,2864,8972,9,5346,2483
6,meroclone6,1344,264,286,1635563497_786491.png,1635563497_786491_gfp.png,1635563497_786491_ph.png,80,925,344,1211,2115,8430,2379,8716,2035,7505,3379,8849,9,5347,2484
6,meroclone6,1344,264,286,1635563499_698004.png,1635563499_698004_gfp.png,1635563499_698004_ph.png,72,726,336,1012,2115,8430,2379,8716,2043,7704,3387,9048,9,5348,2485
6,meroclone6,1344,264,286,1635563501_605584.png,1635563501_605584_gfp.png,1635563501_605584_ph.png,201,717,465,1003,2115,8430,2379,8716,1914,7713,3258,9057,9,5349,2486
6,meroclone6,1344,264,286,1635563503_510986.png,1635563503_510986_gfp.png,1635563503_510986_ph.png,879,871,1143,1157,2115,8430,2379,8716,1236,7559,2580,8903,9,5350,2487
6,meroclone6,1344,264,286,1635563505_4184089.png,1635563505_4184089_gfp.png,1635563505_4184089_ph.png,1050,883,1314,1169,2115,8430,2379,8716,1065,7547,2409,8891,9,5351,2488
6,meroclone6,1344,264,286,1635563507_342718.png,1635563507_342718_gfp.png,1635563507_342718_ph.png,461,1016,725,1302,2115,8430,2379,8716,1654,7414,2998,8758,9,5352,2489
6,paraclone14,1344,110,105,1635563509_256683.png,1635563509_256683_gfp.png,1635563509_256683_ph.png,70,286,180,391,70,6905,180,7010,0,6619,1344,7963,9,5353,2490
6,paraclone14,1344,110,105,1635563511_163278.png,1635563511_163278_gfp.png,1635563511_163278_ph.png,70,370,180,475,70,6905,180,7010,0,6535,1344,7879,9,5354,2491
6,paraclone14,1344,110,105,1635563513_074778.png,1635563513_074778_gfp.png,1635563513_074778_ph.png,70,431,180,536,70,6905,180,7010,0,6474,1344,7818,9,5355,2492
6,paraclone14,1344,110,105,1635563514_987535.png,1635563514_987535_gfp.png,1635563514_987535_ph.png,70,453,180,558,70,6905,180,7010,0,6452,1344,7796,9,5356,2493
6,meroclone4,1344,131,197,1635563516_8929448.png,1635563516_8929448_gfp.png,1635563516_8929448_ph.png,802,523,933,720,802,6339,933,6536,0,5816,1344,7160,9,5357,2494
6,paraclone14,1344,110,105,1635563516_8929448.png,1635563516_8929448_gfp.png,1635563516_8929448_ph.png,70,1089,180,1194,70,6905,180,7010,0,5816,1344,7160,9,5358,2494
6,meroclone4,1344,131,197,1635563518_8111129.png,1635563518_8111129_gfp.png,1635563518_8111129_ph.png,802,586,933,783,802,6339,933,6536,0,5753,1344,7097,9,5359,2495
6,paraclone14,1344,110,105,1635563518_8111129.png,1635563518_8111129_gfp.png,1635563518_8111129_ph.png,70,1152,180,1257,70,6905,180,7010,0,5753,1344,7097,9,5360,2495
6,meroclone4,1344,131,197,1635563520_7225459.png,1635563520_7225459_gfp.png,1635563520_7225459_ph.png,802,518,933,715,802,6339,933,6536,0,5821,1344,7165,9,5361,2496
6,paraclone14,1344,110,105,1635563520_7225459.png,1635563520_7225459_gfp.png,1635563520_7225459_ph.png,70,1084,180,1189,70,6905,180,7010,0,5821,1344,7165,9,5362,2496
6,paraclone14,1344,110,105,1635563522_631129.png,1635563522_631129_gfp.png,1635563522_631129_ph.png,70,190,180,295,70,6905,180,7010,0,6715,1344,8059,9,5363,2497
6,meroclone4,1344,131,197,1635563524_5384471.png,1635563524_5384471_gfp.png,1635563524_5384471_ph.png,802,575,933,772,802,6339,933,6536,0,5764,1344,7108,9,5364,2498
6,paraclone14,1344,110,105,1635563524_5384471.png,1635563524_5384471_gfp.png,1635563524_5384471_ph.png,70,1141,180,1246,70,6905,180,7010,0,5764,1344,7108,9,5365,2498
6,paraclone14,1344,110,105,1635563526_480593.png,1635563526_480593_gfp.png,1635563526_480593_ph.png,70,318,180,423,70,6905,180,7010,0,6587,1344,7931,9,5366,2499
6,paraclone9,1344,109,82,1635563528_394398.png,1635563528_394398_gfp.png,1635563528_394398_ph.png,252,518,361,600,9629,4068,9738,4150,9377,3550,10721,4894,9,5367,2500
6,paraclone15,1344,85,87,1635563528_394398.png,1635563528_394398_gfp.png,1635563528_394398_ph.png,1253,568,1338,655,10630,4118,10715,4205,9377,3550,10721,4894,9,5368,2500
6,paraclone9,1344,109,82,1635563530_309852.png,1635563530_309852_gfp.png,1635563530_309852_ph.png,256,103,365,185,9629,4068,9738,4150,9373,3965,10717,5309,9,5369,2501
6,paraclone15,1344,85,87,1635563530_309852.png,1635563530_309852_gfp.png,1635563530_309852_ph.png,1257,153,1342,240,10630,4118,10715,4205,9373,3965,10717,5309,9,5370,2501
6,paraclone9,1344,109,82,1635563532_222079.png,1635563532_222079_gfp.png,1635563532_222079_ph.png,252,70,361,152,9629,4068,9738,4150,9377,3998,10721,5342,9,5371,2502
6,paraclone15,1344,85,87,1635563532_222079.png,1635563532_222079_gfp.png,1635563532_222079_ph.png,1253,120,1338,207,10630,4118,10715,4205,9377,3998,10721,5342,9,5372,2502
6,paraclone9,1344,109,82,1635563534_1308632.png,1635563534_1308632_gfp.png,1635563534_1308632_ph.png,258,926,367,1008,9629,4068,9738,4150,9371,3142,10715,4486,9,5373,2503
6,paraclone15,1344,85,87,1635563534_1308632.png,1635563534_1308632_gfp.png,1635563534_1308632_ph.png,1259,976,1344,1063,10630,4118,10715,4205,9371,3142,10715,4486,9,5374,2503
6,paraclone22,1344,85,98,1635563534_1308632.png,1635563534_1308632_gfp.png,1635563534_1308632_ph.png,872,44,957,142,10243,3186,10328,3284,9371,3142,10715,4486,9,5375,2503
6,paraclone9,1344,109,82,1635563536_0509582.png,1635563536_0509582_gfp.png,1635563536_0509582_ph.png,255,517,364,599,9629,4068,9738,4150,9374,3551,10718,4895,9,5376,2504
6,paraclone15,1344,85,87,1635563536_0509582.png,1635563536_0509582_gfp.png,1635563536_0509582_ph.png,1256,567,1341,654,10630,4118,10715,4205,9374,3551,10718,4895,9,5377,2504
6,paraclone9,1344,109,82,1635563537_982611.png,1635563537_982611_gfp.png,1635563537_982611_ph.png,248,1048,357,1130,9629,4068,9738,4150,9381,3020,10725,4364,9,5378,2505
6,paraclone15,1344,85,87,1635563537_982611.png,1635563537_982611_gfp.png,1635563537_982611_ph.png,1249,1098,1334,1185,10630,4118,10715,4205,9381,3020,10725,4364,9,5379,2505
6,paraclone22,1344,85,98,1635563537_982611.png,1635563537_982611_gfp.png,1635563537_982611_ph.png,862,166,947,264,10243,3186,10328,3284,9381,3020,10725,4364,9,5380,2505
6,paraclone9,1344,109,82,1635563539_9108832.png,1635563539_9108832_gfp.png,1635563539_9108832_ph.png,232,110,341,192,9629,4068,9738,4150,9397,3958,10741,5302,9,5381,2506
6,paraclone15,1344,85,87,1635563539_9108832.png,1635563539_9108832_gfp.png,1635563539_9108832_ph.png,1233,160,1318,247,10630,4118,10715,4205,9397,3958,10741,5302,9,5382,2506
6,paraclone15,1344,85,87,1635563541_8341272.png,1635563541_8341272_gfp.png,1635563541_8341272_ph.png,1238,49,1323,136,10630,4118,10715,4205,9392,4069,10736,5413,9,5383,2507
6,paraclone9,1344,109,82,1635563543_744985.png,1635563543_744985_gfp.png,1635563543_744985_ph.png,252,7,361,89,9629,4068,9738,4150,9377,4061,10721,5405,9,5384,2508
6,paraclone15,1344,85,87,1635563543_744985.png,1635563543_744985_gfp.png,1635563543_744985_ph.png,1253,57,1338,144,10630,4118,10715,4205,9377,4061,10721,5405,9,5385,2508
6,paraclone9,1344,109,82,1635563545_6525161.png,1635563545_6525161_gfp.png,1635563545_6525161_ph.png,234,981,343,1063,9629,4068,9738,4150,9395,3087,10739,4431,9,5386,2509
6,paraclone15,1344,85,87,1635563545_6525161.png,1635563545_6525161_gfp.png,1635563545_6525161_ph.png,1235,1031,1320,1118,10630,4118,10715,4205,9395,3087,10739,4431,9,5387,2509
6,paraclone22,1344,85,98,1635563545_6525161.png,1635563545_6525161_gfp.png,1635563545_6525161_ph.png,848,99,933,197,10243,3186,10328,3284,9395,3087,10739,4431,9,5388,2509
6,paraclone18,1344,116,116,1635563547_566924.png,1635563547_566924_gfp.png,1635563547_566924_ph.png,961,563,1077,679,6170,563,6286,679,5209,0,6553,1344,9,5389,2510
6,paraclone18,1344,116,116,1635563549_496383.png,1635563549_496383_gfp.png,1635563549_496383_ph.png,19,484,135,600,6170,563,6286,679,6151,79,7495,1423,9,5390,2511
6,paraclone18,1344,116,116,1635563551_422538.png,1635563551_422538_gfp.png,1635563551_422538_ph.png,60,563,176,679,6170,563,6286,679,6110,0,7454,1344,9,5391,2512
6,holoclone1,1344,279,277,1635563553_325863.png,1635563553_325863_gfp.png,1635563553_325863_ph.png,785,1056,1064,1333,5841,1580,6120,1857,5056,524,6400,1868,9,5392,2513
6,paraclone18,1344,116,116,1635563553_325863.png,1635563553_325863_gfp.png,1635563553_325863_ph.png,1114,39,1230,155,6170,563,6286,679,5056,524,6400,1868,9,5393,2513
6,paraclone18,1344,116,116,1635563555_237966.png,1635563555_237966_gfp.png,1635563555_237966_ph.png,586,540,702,656,6170,563,6286,679,5584,23,6928,1367,9,5394,2514
6,paraclone18,1344,116,116,1635563557_144501.png,1635563557_144501_gfp.png,1635563557_144501_ph.png,51,563,167,679,6170,563,6286,679,6119,0,7463,1344,9,5395,2515
6,paraclone18,1344,116,116,1635563559_04816.png,1635563559_04816_gfp.png,1635563559_04816_ph.png,758,563,874,679,6170,563,6286,679,5412,0,6756,1344,9,5396,2516
6,paraclone18,1344,116,116,1635563560_952087.png,1635563560_952087_gfp.png,1635563560_952087_ph.png,496,343,612,459,6170,563,6286,679,5674,220,7018,1564,9,5397,2517
6,paraclone18,1344,116,116,1635563562_8606122.png,1635563562_8606122_gfp.png,1635563562_8606122_ph.png,866,563,982,679,6170,563,6286,679,5304,0,6648,1344,9,5398,2518
6,paraclone18,1344,116,116,1635563564_7671092.png,1635563564_7671092_gfp.png,1635563564_7671092_ph.png,315,348,431,464,6170,563,6286,679,5855,215,7199,1559,9,5399,2519
6,paraclone20,1344,51,59,1635563566_687134.png,1635563566_687134_gfp.png,1635563566_687134_ph.png,781,202,832,261,3033,4415,3084,4474,2252,4213,3596,5557,9,5400,2520
6,paraclone20,1344,51,59,1635563568_618539.png,1635563568_618539_gfp.png,1635563568_618539_ph.png,1182,202,1233,261,3033,4415,3084,4474,1851,4213,3195,5557,9,5401,2521
6,paraclone7,1344,81,74,1635563570_556423.png,1635563570_556423_gfp.png,1635563570_556423_ph.png,845,70,926,144,3268,3725,3349,3799,2423,3655,3767,4999,9,5402,2522
6,paraclone20,1344,51,59,1635563570_556423.png,1635563570_556423_gfp.png,1635563570_556423_ph.png,610,760,661,819,3033,4415,3084,4474,2423,3655,3767,4999,9,5403,2522
6,paraclone20,1344,51,59,1635563572_46424.png,1635563572_46424_gfp.png,1635563572_46424_ph.png,1216,1211,1267,1270,3033,4415,3084,4474,1817,3204,3161,4548,9,5404,2523
6,paraclone20,1344,51,59,1635563574_369718.png,1635563574_369718_gfp.png,1635563574_369718_ph.png,653,152,704,211,3033,4415,3084,4474,2380,4263,3724,5607,9,5405,2524
6,paraclone20,1344,51,59,1635563576_2813382.png,1635563576_2813382_gfp.png,1635563576_2813382_ph.png,1259,1026,1310,1085,3033,4415,3084,4474,1774,3389,3118,4733,9,5406,2525
6,paraclone7,1344,81,74,1635563578_189692.png,1635563578_189692_gfp.png,1635563578_189692_ph.png,1261,124,1342,198,3268,3725,3349,3799,2007,3601,3351,4945,9,5407,2526
6,paraclone20,1344,51,59,1635563578_189692.png,1635563578_189692_gfp.png,1635563578_189692_ph.png,1026,814,1077,873,3033,4415,3084,4474,2007,3601,3351,4945,9,5408,2526
6,paraclone7,1344,81,74,1635563580_102081.png,1635563580_102081_gfp.png,1635563580_102081_ph.png,1124,366,1205,440,3268,3725,3349,3799,2144,3359,3488,4703,9,5409,2527
6,paraclone20,1344,51,59,1635563580_102081.png,1635563580_102081_gfp.png,1635563580_102081_ph.png,889,1056,940,1115,3033,4415,3084,4474,2144,3359,3488,4703,9,5410,2527
6,paraclone20,1344,51,59,1635563582_022337.png,1635563582_022337_gfp.png,1635563582_022337_ph.png,836,150,887,209,3033,4415,3084,4474,2197,4265,3541,5609,9,5411,2528
6,paraclone7,1344,81,74,1635563583_9440691.png,1635563583_9440691_gfp.png,1635563583_9440691_ph.png,1161,122,1242,196,3268,3725,3349,3799,2107,3603,3451,4947,9,5412,2529
6,paraclone20,1344,51,59,1635563583_9440691.png,1635563583_9440691_gfp.png,1635563583_9440691_ph.png,926,812,977,871,3033,4415,3084,4474,2107,3603,3451,4947,9,5413,2529
6,paraclone21,1344,62,68,1635563585_865987.png,1635563585_865987_gfp.png,1635563585_865987_ph.png,559,912,621,980,8737,5167,8799,5235,8178,4255,9522,5599,9,5414,2530
6,meroclone3,1344,128,126,1635563587_776265.png,1635563587_776265_gfp.png,1635563587_776265_ph.png,1002,900,1130,1026,9184,5850,9312,5976,8182,4950,9526,6294,9,5415,2531
6,paraclone21,1344,62,68,1635563587_776265.png,1635563587_776265_gfp.png,1635563587_776265_ph.png,555,217,617,285,8737,5167,8799,5235,8182,4950,9526,6294,9,5416,2531
6,paraclone21,1344,62,68,1635563589_6847959.png,1635563589_6847959_gfp.png,1635563589_6847959_ph.png,836,49,898,117,8737,5167,8799,5235,7901,5118,9245,6462,9,5417,2532
6,paraclone21,1344,62,68,1635563591_600589.png,1635563591_600589_gfp.png,1635563591_600589_ph.png,1281,325,1343,393,8737,5167,8799,5235,7456,4842,8800,6186,9,5418,2533
6,paraclone21,1344,62,68,1635563593_634877.png,1635563593_634877_gfp.png,1635563593_634877_ph.png,659,1202,721,1270,8737,5167,8799,5235,8078,3965,9422,5309,9,5419,2534
6,paraclone21,1344,62,68,1635563595_894548.png,1635563595_894548_gfp.png,1635563595_894548_ph.png,548,1234,610,1302,8737,5167,8799,5235,8189,3933,9533,5277,9,5420,2535
6,paraclone21,1344,62,68,1635563597_9774451.png,1635563597_9774451_gfp.png,1635563597_9774451_ph.png,423,551,485,619,8737,5167,8799,5235,8314,4616,9658,5960,9,5421,2536
6,meroclone3,1344,128,126,1635563600_122901.png,1635563600_122901_gfp.png,1635563600_122901_ph.png,652,694,780,820,9184,5850,9312,5976,8532,5156,9876,6500,9,5422,2537
6,paraclone21,1344,62,68,1635563600_122901.png,1635563600_122901_gfp.png,1635563600_122901_ph.png,205,11,267,79,8737,5167,8799,5235,8532,5156,9876,6500,9,5423,2537
6,meroclone3,1344,128,126,1635563602_477472.png,1635563602_477472_gfp.png,1635563602_477472_ph.png,971,1045,1099,1171,9184,5850,9312,5976,8213,4805,9557,6149,9,5424,2538
6,paraclone21,1344,62,68,1635563602_477472.png,1635563602_477472_gfp.png,1635563602_477472_ph.png,524,362,586,430,8737,5167,8799,5235,8213,4805,9557,6149,9,5425,2538
6,meroclone3,1344,128,126,1635563604_778993.png,1635563604_778993_gfp.png,1635563604_778993_ph.png,619,971,747,1097,9184,5850,9312,5976,8565,4879,9909,6223,9,5426,2539
6,paraclone21,1344,62,68,1635563604_778993.png,1635563604_778993_gfp.png,1635563604_778993_ph.png,172,288,234,356,8737,5167,8799,5235,8565,4879,9909,6223,9,5427,2539
6,meroclone5,1344,89,109,1635563606_765814.png,1635563606_765814_gfp.png,1635563606_765814_ph.png,1151,686,1240,795,10449,2641,10538,2750,9298,1955,10642,3299,9,5428,2540
6,paraclone22,1344,85,98,1635563606_765814.png,1635563606_765814_gfp.png,1635563606_765814_ph.png,945,1231,1030,1329,10243,3186,10328,3284,9298,1955,10642,3299,9,5429,2540
6,paraclone22,1344,85,98,1635563608_794271.png,1635563608_794271_gfp.png,1635563608_794271_ph.png,1108,1204,1193,1302,10243,3186,10328,3284,9135,1982,10479,3326,9,5430,2541
6,paraclone22,1344,85,98,1635563610_715606.png,1635563610_715606_gfp.png,1635563610_715606_ph.png,1188,1058,1273,1156,10243,3186,10328,3284,9055,2128,10399,3472,9,5431,2542
6,paraclone22,1344,85,98,1635563612_639599.png,1635563612_639599_gfp.png,1635563612_639599_ph.png,1097,417,1182,515,10243,3186,10328,3284,9146,2769,10490,4113,9,5432,2543
6,meroclone5,1344,89,109,1635563614_569212.png,1635563614_569212_gfp.png,1635563614_569212_ph.png,1134,695,1223,804,10449,2641,10538,2750,9315,1946,10659,3290,9,5433,2544
6,paraclone22,1344,85,98,1635563614_569212.png,1635563614_569212_gfp.png,1635563614_569212_ph.png,928,1240,1013,1338,10243,3186,10328,3284,9315,1946,10659,3290,9,5434,2544
6,paraclone9,1344,109,82,1635563616_492897.png,1635563616_492897_gfp.png,1635563616_492897_ph.png,296,991,405,1073,9629,4068,9738,4150,9333,3077,10677,4421,9,5435,2545
6,paraclone22,1344,85,98,1635563616_492897.png,1635563616_492897_gfp.png,1635563616_492897_ph.png,910,109,995,207,10243,3186,10328,3284,9333,3077,10677,4421,9,5436,2545
6,paraclone9,1344,109,82,1635563618_4174259.png,1635563618_4174259_gfp.png,1635563618_4174259_ph.png,322,1004,431,1086,9629,4068,9738,4150,9307,3064,10651,4408,9,5437,2546
6,paraclone22,1344,85,98,1635563618_4174259.png,1635563618_4174259_gfp.png,1635563618_4174259_ph.png,936,122,1021,220,10243,3186,10328,3284,9307,3064,10651,4408,9,5438,2546
6,meroclone5,1344,89,109,1635563620_3445702.png,1635563620_3445702_gfp.png,1635563620_3445702_ph.png,1114,171,1203,280,10449,2641,10538,2750,9335,2470,10679,3814,9,5439,2547
6,paraclone22,1344,85,98,1635563620_3445702.png,1635563620_3445702_gfp.png,1635563620_3445702_ph.png,908,716,993,814,10243,3186,10328,3284,9335,2470,10679,3814,9,5440,2547
6,paraclone9,1344,109,82,1635563622_377014.png,1635563622_377014_gfp.png,1635563622_377014_ph.png,463,1044,572,1126,9629,4068,9738,4150,9166,3024,10510,4368,9,5441,2548
6,paraclone22,1344,85,98,1635563622_377014.png,1635563622_377014_gfp.png,1635563622_377014_ph.png,1077,162,1162,260,10243,3186,10328,3284,9166,3024,10510,4368,9,5442,2548
6,paraclone9,1344,109,82,1635563624_33122.png,1635563624_33122_gfp.png,1635563624_33122_ph.png,348,1036,457,1118,9629,4068,9738,4150,9281,3032,10625,4376,9,5443,2549
6,paraclone22,1344,85,98,1635563624_33122.png,1635563624_33122_gfp.png,1635563624_33122_ph.png,962,154,1047,252,10243,3186,10328,3284,9281,3032,10625,4376,9,5444,2549
6,paraclone11,1344,57,41,1635563626_366338.png,1635563626_366338_gfp.png,1635563626_366338_ph.png,1157,685,1214,726,2658,762,2715,803,1501,77,2845,1421,9,5445,2550
6,paraclone23,1344,61,66,1635563626_366338.png,1635563626_366338_gfp.png,1635563626_366338_ph.png,384,904,445,970,1885,981,1946,1047,1501,77,2845,1421,9,5446,2550
6,paraclone23,1344,61,66,1635563628_5924501.png,1635563628_5924501_gfp.png,1635563628_5924501_ph.png,1223,457,1284,523,1885,981,1946,1047,662,524,2006,1868,9,5447,2551
6,paraclone23,1344,61,66,1635563630_585741.png,1635563630_585741_gfp.png,1635563630_585741_ph.png,762,222,823,288,1885,981,1946,1047,1123,759,2467,2103,9,5448,2552
6,paraclone23,1344,61,66,1635563632_557267.png,1635563632_557267_gfp.png,1635563632_557267_ph.png,596,292,657,358,1885,981,1946,1047,1289,689,2633,2033,9,5449,2553
6,paraclone11,1344,57,41,1635563634_785465.png,1635563634_785465_gfp.png,1635563634_785465_ph.png,977,109,1034,150,2658,762,2715,803,1681,653,3025,1997,9,5450,2554
6,paraclone23,1344,61,66,1635563634_785465.png,1635563634_785465_gfp.png,1635563634_785465_ph.png,204,328,265,394,1885,981,1946,1047,1681,653,3025,1997,9,5451,2554
6,paraclone23,1344,61,66,1635563636_73187.png,1635563636_73187_gfp.png,1635563636_73187_ph.png,1258,219,1319,285,1885,981,1946,1047,627,762,1971,2106,9,5452,2555
6,paraclone23,1344,61,66,1635563638_855631.png,1635563638_855631_gfp.png,1635563638_855631_ph.png,561,289,622,355,1885,981,1946,1047,1324,692,2668,2036,9,5453,2556
6,paraclone11,1344,57,41,1635563640_928708.png,1635563640_928708_gfp.png,1635563640_928708_ph.png,1014,560,1071,601,2658,762,2715,803,1644,202,2988,1546,9,5454,2557
6,paraclone23,1344,61,66,1635563640_928708.png,1635563640_928708_gfp.png,1635563640_928708_ph.png,241,779,302,845,1885,981,1946,1047,1644,202,2988,1546,9,5455,2557
6,paraclone23,1344,61,66,1635563642_851032.png,1635563642_851032_gfp.png,1635563642_851032_ph.png,556,584,617,650,1885,981,1946,1047,1329,397,2673,1741,9,5456,2558
6,paraclone6,1344,74,106,1635563644_8727.png,1635563644_8727_gfp.png,1635563644_8727_ph.png,980,1125,1054,1231,1675,2104,1749,2210,695,979,2039,2323,9,5457,2559
6,paraclone23,1344,61,66,1635563644_8727.png,1635563644_8727_gfp.png,1635563644_8727_ph.png,1190,2,1251,68,1885,981,1946,1047,695,979,2039,2323,9,5458,2559
6,paraclone24,1344,108,103,1635563646_8215091.png,1635563646_8215091_gfp.png,1635563646_8215091_ph.png,701,666,809,769,4605,666,4713,769,3904,0,5248,1344,9,5459,2560
6,paraclone24,1344,108,103,1635563648_7406988.png,1635563648_7406988_gfp.png,1635563648_7406988_ph.png,978,623,1086,726,4605,666,4713,769,3627,43,4971,1387,9,5460,2561
6,paraclone24,1344,108,103,1635563650_6725109.png,1635563650_6725109_gfp.png,1635563650_6725109_ph.png,626,666,734,769,4605,666,4713,769,3979,0,5323,1344,9,5461,2562
6,paraclone24,1344,108,103,1635563652_66979.png,1635563652_66979_gfp.png,1635563652_66979_ph.png,996,503,1104,606,4605,666,4713,769,3609,163,4953,1507,9,5462,2563
6,paraclone24,1344,108,103,1635563654_862926.png,1635563654_862926_gfp.png,1635563654_862926_ph.png,113,666,221,769,4605,666,4713,769,4492,0,5836,1344,9,5463,2564
6,paraclone24,1344,108,103,1635563657_019476.png,1635563657_019476_gfp.png,1635563657_019476_ph.png,754,666,862,769,4605,666,4713,769,3851,0,5195,1344,9,5464,2565
6,paraclone24,1344,108,103,1635563658_988402.png,1635563658_988402_gfp.png,1635563658_988402_ph.png,496,520,604,623,4605,666,4713,769,4109,146,5453,1490,9,5465,2566
6,paraclone24,1344,108,103,1635563661_0426219.png,1635563661_0426219_gfp.png,1635563661_0426219_ph.png,488,242,596,345,4605,666,4713,769,4117,424,5461,1768,9,5466,2567
6,paraclone24,1344,108,103,1635563663_13599.png,1635563663_13599_gfp.png,1635563663_13599_ph.png,173,666,281,769,4605,666,4713,769,4432,0,5776,1344,9,5467,2568
6,paraclone24,1344,108,103,1635563665_063637.png,1635563665_063637_gfp.png,1635563665_063637_ph.png,433,666,541,769,4605,666,4713,769,4172,0,5516,1344,9,5468,2569
